7
3
30	30
0	0	0	0	0	0	0	0	0	0	0	0	0	0	0	0	0	0	0	0	0	0	0	0	0	0.0039216	0.16471	0.19608	0.19608	0.11765	
0	0	0	0	0	0	0	0	0	0	0	0	0	0	0	0	0	0	0	0.011765	0.17255	0.19608	0.19608	0.19608	0.19608	0.18824	0.031373	0	0	0.2	
0	0	0	0	0	0	0	0	0	0	0.0078431	0.019608	0.1098	0.19608	0.19608	0.19608	0.19608	0.19608	0.19608	0.18039	0.023529	0	0	0	0	0	0	0	0	0.2	
0	0	0	0	0.015686	0.19216	0.19608	0.19608	0.19608	0.19608	0.18431	0.17255	0.082353	0	0	0	0	0	0	0	0	0	0	0	0	0	0	0	0	0.2	
0	0.12157	0.19608	0.19608	0.18039	0.0039216	0	0	0	0	0	0	0	0	0	0	0	0	0	0	0	0	0	0	0	0	0	0	0	0.2	
0.12549	0.070588	0	0	0	0	0	0	0	0	0	0	0	0	0	0	0	0	0	0	0	0	0	0	0	0	0	0	0	0.2	
0.10588	0.090196	0	0	0	0	0	0	0	0	0	0	0	0	0	0	0	0	0	0	0	0	0	0	0	0	0	0	0	0.2	
0	0.2	0	0	0	0	0	0	0	0	0	0	0	0	0	0	0	0	0	0	0	0	0	0	0	0	0	0	0	0.2	
0	0.2	0	0	0	0	0	0	0	0	0	0	0	0	0	0	0	0	0	0	0	0	0	0	0	0	0	0	0	0.2	
0	0.2	0	0	0	0	0	0	0	0	0	0	0	0	0	0	0	0	0	0	0	0	0	0	0	0	0	0	0	0.2	
0	0.2	0	0	0	0	0	0	0	0	0	0	0	0	0	0	0	0	0	0	0	0	0	0	0	0	0	0	0	0.19608	
0	0.2	0	0	0	0	0	0	0	0	0	0	0	0	0	0	0	0	0	0	0	0	0	0	0	0	0	0	0.0039216	0.19216	
0	0.2	0	0	0	0	0	0	0	0	0	0	0	0	0	0	0	0	0	0	0	0	0	0	0	0	0	0	0.14118	0.058824	
0	0.18824	0.011765	0	0	0	0	0	0	0	0	0	0	0	0	0	0	0	0	0	0	0	0	0	0	0	0	0	0.2	0	
0	0.015686	0.18039	0	0	0	0	0	0	0	0	0	0	0	0	0	0	0	0	0	0	0	0	0	0	0	0	0	0.2	0	
0	0	0.2	0	0	0	0	0	0	0	0	0	0	0	0	0	0	0	0	0	0	0	0	0	0	0	0	0	0.2	0	
0	0	0.19216	0.0039216	0	0	0	0	0	0	0	0	0	0	0	0	0	0	0	0	0	0	0	0	0	0	0	0	0.2	0	
0	0	0.11765	0.078431	0	0	0	0	0	0	0	0	0	0	0	0	0	0	0	0	0	0	0	0	0	0	0	0	0.2	0	
0	0	0	0.2	0	0	0	0	0	0	0	0	0	0	0	0	0	0	0	0	0	0	0	0	0	0	0	0	0.19608	0	
0	0	0	0.2	0	0	0	0	0	0	0	0	0	0	0	0	0	0	0	0	0	0	0	0	0	0	0	0.011765	0.18431	0	
0	0	0	0.2	0	0	0	0	0	0	0	0	0	0	0	0	0	0	0	0	0	0	0	0	0	0	0	0.18824	0.0078431	0	
0	0	0	0.07451	0.12157	0	0	0	0	0	0	0	0	0	0	0	0	0	0	0	0	0	0	0	0	0	0	0.2	0	0	
0	0	0	0	0.2	0	0	0	0	0	0	0	0	0	0	0	0	0	0	0	0	0	0	0	0	0	0	0.2	0	0	
0	0	0	0	0.082353	0	0	0	0	0	0	0	0	0	0	0	0	0	0	0	0	0	0	0	0	0	0	0.2	0	0	
0	0	0	0	0.027451	0.18824	0.18039	0.18824	0.19608	0.19608	0.19608	0.19608	0.19608	0.19608	0.19608	0.19608	0.19608	0.19608	0.19608	0.19608	0.19608	0.19608	0.19608	0.19608	0.062745	0	0	0.2	0	0	
0	0	0	0.07451	0.16471	0.0078431	0.011765	0.0078431	0	0	0	0	0	0	0	0	0	0	0	0	0	0	0	0	0.12941	0.19608	0.19216	0.23529	0	0	
0	0	0	0	0	0	0	0	0	0	0	0	0	0	0	0	0	0	0	0	0	0	0	0	0	0	0	0.20392	0.035294	0	
0	0	0	0	0	0	0	0	0	0	0	0	0	0	0	0	0	0	0	0	0	0	0	0	0	0	0	0	0	0	
0	0	0	0	0	0	0	0	0	0	0	0	0	0	0	0	0	0	0	0	0	0	0	0	0	0	0	0	0	0	
0	0	0	0	0	0	0	0	0	0	0	0	0	0	0	0	0	0	0	0	0	0	0	0	0	0	0	0	0	0	

1
1
30		30
1
277	277
259	163
401	292
1
274	289
67
277	277
277	271
274	263
272	254
270	244
267	235
265	226
264	216
264	210
262	203
261	197
261	193
259	190
259	189
262	185
271	183
284	179
298	177
317	175
337	173
355	170
372	167
385	165
396	164
400	164
401	163
401	165
401	174
401	186
401	199
401	213
399	229
397	242
396	254
394	266
394	275
394	282
394	287
394	290
394	291
395	292
394	292
391	291
388	290
383	288
379	287
373	284
367	282
358	282
349	282
340	282
329	282
318	282
308	282
299	283
293	285
289	285
286	285
285	285
284	285
283	285
282	284
280	285
279	286
277	287
275	288
274	289



7
3
30	30
0	0	0	0	0.011765	0.22353	0.18039	0.062745	0	0	0	0	0	0	0	0	0	0	0	0	0	0	0	0	0	0	0	0	0	0	
0	0	0	0	0.019608	0.16078	0	0.11765	0.18039	0.17647	0.082353	0	0	0	0	0	0	0	0	0	0	0	0	0	0	0	0	0	0	0	
0	0	0	0	0	0.18039	0	0	0	0	0.098039	0.18039	0.18039	0.18039	0.18039	0.18039	0.18039	0.18039	0.18039	0.18039	0.18039	0.18039	0.18039	0.18039	0.18039	0.18039	0.18039	0.18039	0.18039	0.094118	
0	0	0	0	0	0.18039	0	0	0	0	0	0	0	0	0	0	0	0	0	0	0	0	0	0	0	0	0	0	0	0.18039	
0	0	0	0	0	0.17647	0.0039216	0	0	0	0	0	0	0	0	0	0	0	0	0	0	0	0	0	0	0	0	0	0	0.18039	
0	0	0	0	0	0.1098	0.070588	0	0	0	0	0	0	0	0	0	0	0	0	0	0	0	0	0	0	0	0	0	0	0.18039	
0	0	0	0	0	0.1098	0.070588	0	0	0	0	0	0	0	0	0	0	0	0	0	0	0	0	0	0	0	0	0	0	0.18039	
0	0	0	0	0	0.011765	0.16863	0	0	0	0	0	0	0	0	0	0	0	0	0	0	0	0	0	0	0	0	0	0	0.18039	
0	0	0	0	0	0	0.18039	0	0	0	0	0	0	0	0	0	0	0	0	0	0	0	0	0	0	0	0	0	0.094118	0.086275	
0	0	0	0	0	0	0.18039	0	0	0	0	0	0	0	0	0	0	0	0	0	0	0	0	0	0	0	0	0	0.18039	0	
0	0	0	0	0	0	0.18039	0	0	0	0	0	0	0	0	0	0	0	0	0	0	0	0	0	0	0	0	0	0.18039	0	
0	0	0	0	0	0	0.18039	0	0	0	0	0	0	0	0	0	0	0	0	0	0	0	0	0	0	0	0	0	0.18039	0	
0	0	0	0	0	0	0.047059	0	0	0	0	0	0	0	0	0	0	0	0	0	0	0	0	0	0	0	0	0	0.18039	0	
0	0	0	0	0	0	0	0	0	0	0	0	0	0	0	0	0	0	0	0	0	0	0	0	0	0	0	0.062745	0.11765	0	
0.078431	0.18039	0.18039	0.18039	0.18039	0.18039	0.18039	0.18039	0.18039	0.18039	0.18039	0.18039	0.18039	0.18039	0.18039	0.18039	0.18039	0.18039	0.18039	0.18039	0.18039	0.18039	0.18039	0.18039	0.18039	0.18039	0.18039	0.19216	0	0	
0	0	0	0	0	0	0	0	0	0	0	0	0	0	0	0	0	0	0	0	0	0	0	0	0	0	0	0	0	0	
0	0	0	0	0	0	0	0	0	0	0	0	0	0	0	0	0	0	0	0	0	0	0	0	0	0	0	0	0	0	
0	0	0	0	0	0	0	0	0	0	0	0	0	0	0	0	0	0	0	0	0	0	0	0	0	0	0	0	0	0	
0	0	0	0	0	0	0	0	0	0	0	0	0	0	0	0	0	0	0	0	0	0	0	0	0	0	0	0	0	0	
0	0	0	0	0	0	0	0	0	0	0	0	0	0	0	0	0	0	0	0	0	0	0	0	0	0	0	0	0	0	
0	0	0	0	0	0	0	0	0	0	0	0	0	0	0	0	0	0	0	0	0	0	0	0	0	0	0	0	0	0	
0	0	0	0	0	0	0	0	0	0	0	0	0	0	0	0	0	0	0	0	0	0	0	0	0	0	0	0	0	0	
0	0	0	0	0	0	0	0	0	0	0	0	0	0	0	0	0	0	0	0	0	0	0	0	0	0	0	0	0	0	
0	0	0	0	0	0	0	0	0	0	0	0	0	0	0	0	0	0	0	0	0	0	0	0	0	0	0	0	0	0	
0	0	0	0	0	0	0	0	0	0	0	0	0	0	0	0	0	0	0	0	0	0	0	0	0	0	0	0	0	0	
0	0	0	0	0	0	0	0	0	0	0	0	0	0	0	0	0	0	0	0	0	0	0	0	0	0	0	0	0	0	
0	0	0	0	0	0	0	0	0	0	0	0	0	0	0	0	0	0	0	0	0	0	0	0	0	0	0	0	0	0	
0	0	0	0	0	0	0	0	0	0	0	0	0	0	0	0	0	0	0	0	0	0	0	0	0	0	0	0	0	0	
0	0	0	0	0	0	0	0	0	0	0	0	0	0	0	0	0	0	0	0	0	0	0	0	0	0	0	0	0	0	
0	0	0	0	0	0	0	0	0	0	0	0	0	0	0	0	0	0	0	0	0	0	0	0	0	0	0	0	0	0	

1
1
30		30
1
620	298
589	235
745	310
1
589	310
55
620	298
620	295
620	291
620	286
620	282
619	276
619	271
618	266
618	259
616	253
616	247
615	243
613	239
613	236
613	235
621	235
631	240
643	243
657	246
673	247
691	247
707	247
721	247
732	247
739	247
744	246
745	249
745	255
745	261
745	269
744	276
742	282
742	288
741	293
741	297
739	301
739	303
738	306
737	309
736	310
734	310
733	310
727	310
721	310
713	310
703	310
688	310
673	310
656	310
640	310
622	310
608	310
598	310
592	310
589	310



7
3
30	30
0	0	0	0	0	0	0	0	0	0	0	0	0	0	0	0	0	0	0	0	0	0	0	0.023529	0.054902	0.086275	0.15686	0.15686	0.090196	0	
0	0	0	0	0	0	0.18431	0.15686	0.15686	0.15686	0.15686	0.15686	0.15686	0.15686	0.15686	0.15686	0.15686	0.15686	0.15686	0.15686	0.15686	0.15686	0.15686	0.12941	0.094118	0.066667	0	0	0.16471	0	
0	0	0	0	0	0	0.078431	0.082353	0	0	0	0	0	0	0	0	0	0	0	0	0	0	0	0	0	0	0	0	0.16471	0	
0	0	0	0	0	0	0	0.16471	0	0	0	0	0	0	0	0	0	0	0	0	0	0	0	0	0	0	0	0	0.16471	0	
0	0	0	0	0	0	0	0.16471	0	0	0	0	0	0	0	0	0	0	0	0	0	0	0	0	0	0	0	0	0.16471	0	
0	0	0	0	0	0	0	0.14902	0.011765	0	0	0	0	0	0	0	0	0	0	0	0	0	0	0	0	0	0	0	0.16471	0	
0	0	0	0	0	0	0	0.05098	0.1098	0	0	0	0	0	0	0	0	0	0	0	0	0	0	0	0	0	0	0	0.16471	0	
0	0	0	0	0	0	0	0	0.16471	0	0	0	0	0	0	0	0	0	0	0	0	0	0	0	0	0	0	0	0.16471	0	
0	0	0	0	0	0	0	0	0.16471	0	0	0	0	0	0	0	0	0	0	0	0	0	0	0	0	0	0	0	0.16471	0	
0	0	0	0	0	0	0	0	0.16471	0	0	0	0	0	0	0	0	0	0	0	0	0	0	0	0	0	0	0	0.16471	0	
0	0	0	0	0	0	0	0	0.16471	0	0	0	0	0	0	0	0	0	0	0	0	0	0	0	0	0	0	0	0.16471	0	
0	0	0	0	0	0	0	0	0.14902	0	0	0	0	0	0	0	0	0	0	0	0	0	0	0	0	0	0	0	0.16471	0	
0	0	0	0	0	0	0	0	0	0	0	0	0	0	0	0	0	0	0	0	0	0	0	0	0	0	0	0	0.16471	0	
0	0	0	0	0	0	0	0	0	0	0	0	0	0	0	0	0	0	0	0	0	0	0	0	0	0	0	0	0.16471	0	
0.015686	0.05098	0.15686	0.15686	0.15686	0.15686	0.15686	0.15686	0.15686	0.15686	0.15686	0.15686	0.15686	0.15686	0.15686	0.15686	0.15686	0.15686	0.15686	0.15686	0.15686	0.15686	0.15686	0.15686	0.15686	0.15686	0.15686	0.11373	0.1451	0.015686	
0.086275	0.10196	0	0	0	0	0	0	0	0	0	0	0	0	0	0	0	0	0	0	0	0	0	0	0	0	0	0.039216	0.15686	0.11373	
0	0	0	0	0	0	0	0	0	0	0	0	0	0	0	0	0	0	0	0	0	0	0	0	0	0	0	0	0	0	
0	0	0	0	0	0	0	0	0	0	0	0	0	0	0	0	0	0	0	0	0	0	0	0	0	0	0	0	0	0	
0	0	0	0	0	0	0	0	0	0	0	0	0	0	0	0	0	0	0	0	0	0	0	0	0	0	0	0	0	0	
0	0	0	0	0	0	0	0	0	0	0	0	0	0	0	0	0	0	0	0	0	0	0	0	0	0	0	0	0	0	
0	0	0	0	0	0	0	0	0	0	0	0	0	0	0	0	0	0	0	0	0	0	0	0	0	0	0	0	0	0	
0	0	0	0	0	0	0	0	0	0	0	0	0	0	0	0	0	0	0	0	0	0	0	0	0	0	0	0	0	0	
0	0	0	0	0	0	0	0	0	0	0	0	0	0	0	0	0	0	0	0	0	0	0	0	0	0	0	0	0	0	
0	0	0	0	0	0	0	0	0	0	0	0	0	0	0	0	0	0	0	0	0	0	0	0	0	0	0	0	0	0	
0	0	0	0	0	0	0	0	0	0	0	0	0	0	0	0	0	0	0	0	0	0	0	0	0	0	0	0	0	0	
0	0	0	0	0	0	0	0	0	0	0	0	0	0	0	0	0	0	0	0	0	0	0	0	0	0	0	0	0	0	
0	0	0	0	0	0	0	0	0	0	0	0	0	0	0	0	0	0	0	0	0	0	0	0	0	0	0	0	0	0	
0	0	0	0	0	0	0	0	0	0	0	0	0	0	0	0	0	0	0	0	0	0	0	0	0	0	0	0	0	0	
0	0	0	0	0	0	0	0	0	0	0	0	0	0	0	0	0	0	0	0	0	0	0	0	0	0	0	0	0	0	
0	0	0	0	0	0	0	0	0	0	0	0	0	0	0	0	0	0	0	0	0	0	0	0	0	0	0	0	0	0	

1
1
30		30
1
801	326
754	254
929	349
1
754	346
52
801	326
802	324
802	319
802	313
802	305
801	297
799	288
798	280
796	273
793	266
792	262
790	260
790	259
793	259
802	259
813	259
829	259
845	259
863	259
879	259
893	258
906	257
915	255
919	254
921	254
922	257
923	264
923	276
923	288
923	302
923	316
923	328
925	338
926	344
928	347
929	349
926	348
920	347
913	344
904	344
890	341
875	341
859	341
839	341
820	341
801	341
784	342
772	343
762	346
757	348
755	348
754	346



7
3
30	30
0	0	0	0	0	0	0	0	0	0	0	0	0	0	0	0	0	0	0	0	0.015686	0.015686	0.015686	0.015686	0.16078	0.16078	0.16078	0.16078	0.16078	0.13725	
0.14118	0.18431	0.16078	0.16078	0.16078	0.16078	0.16078	0.16078	0.16078	0.16078	0.16078	0.16078	0.16078	0.16078	0.16078	0.16078	0.16078	0.16078	0.16078	0.16078	0.1451	0.14118	0.14118	0.14118	0	0	0	0	0	0.16863	
0.14118	0.027451	0	0	0	0	0	0	0	0	0	0	0	0	0	0	0	0	0	0	0	0	0	0	0	0	0	0	0	0.16863	
0.14118	0.027451	0	0	0	0	0	0	0	0	0	0	0	0	0	0	0	0	0	0	0	0	0	0	0	0	0	0	0	0.16863	
0.14118	0.027451	0	0	0	0	0	0	0	0	0	0	0	0	0	0	0	0	0	0	0	0	0	0	0	0	0	0	0	0.16863	
0.14118	0.027451	0	0	0	0	0	0	0	0	0	0	0	0	0	0	0	0	0	0	0	0	0	0	0	0	0	0	0	0.16863	
0.14118	0.027451	0	0	0	0	0	0	0	0	0	0	0	0	0	0	0	0	0	0	0	0	0	0	0	0	0	0	0	0.16863	
0.14118	0.027451	0	0	0	0	0	0	0	0	0	0	0	0	0	0	0	0	0	0	0	0	0	0	0	0	0	0	0.015686	0.15294	
0.14118	0.027451	0	0	0	0	0	0	0	0	0	0	0	0	0	0	0	0	0	0	0	0	0	0	0	0	0	0	0.027451	0.14118	
0.14118	0.027451	0	0	0	0	0	0	0	0	0	0	0	0	0	0	0	0	0	0	0	0	0	0	0	0	0	0	0.10196	0.066667	
0.14118	0.027451	0	0	0	0	0	0	0	0	0	0	0	0	0	0	0	0	0	0	0	0	0	0	0	0	0	0	0.16863	0	
0.14118	0.027451	0	0	0	0	0	0	0	0	0	0	0	0	0	0	0	0	0	0	0	0	0	0	0	0	0	0	0.16863	0	
0.14118	0.027451	0	0	0	0	0	0	0	0	0	0	0	0	0	0	0	0	0	0	0	0	0	0	0	0	0	0	0.16863	0	
0.14118	0.027451	0	0	0	0	0	0	0	0	0	0	0	0	0	0	0	0	0	0	0	0	0	0	0	0	0	0	0.16863	0	
0.16471	0.0039216	0	0	0	0	0	0	0	0	0	0	0.058824	0.12549	0.16078	0.16078	0.16078	0.16078	0.16078	0.16078	0.16078	0.16078	0.16078	0.16078	0.16078	0.0039216	0	0	0.14902	0	
0.16863	0	0	0	0	0.12157	0.15686	0.16078	0.16078	0.16078	0.16078	0.16078	0.10196	0.031373	0	0	0	0	0	0	0	0	0	0	0	0	0	0	0	0	
0.1098	0.16078	0.16078	0.16078	0.16078	0.039216	0	0	0	0	0	0	0	0	0	0	0	0	0	0	0	0	0	0	0	0	0	0	0	0	
0	0	0	0	0	0	0	0	0	0	0	0	0	0	0	0	0	0	0	0	0	0	0	0	0	0	0	0	0	0	
0	0	0	0	0	0	0	0	0	0	0	0	0	0	0	0	0	0	0	0	0	0	0	0	0	0	0	0	0	0	
0	0	0	0	0	0	0	0	0	0	0	0	0	0	0	0	0	0	0	0	0	0	0	0	0	0	0	0	0	0	
0	0	0	0	0	0	0	0	0	0	0	0	0	0	0	0	0	0	0	0	0	0	0	0	0	0	0	0	0	0	
0	0	0	0	0	0	0	0	0	0	0	0	0	0	0	0	0	0	0	0	0	0	0	0	0	0	0	0	0	0	
0	0	0	0	0	0	0	0	0	0	0	0	0	0	0	0	0	0	0	0	0	0	0	0	0	0	0	0	0	0	
0	0	0	0	0	0	0	0	0	0	0	0	0	0	0	0	0	0	0	0	0	0	0	0	0	0	0	0	0	0	
0	0	0	0	0	0	0	0	0	0	0	0	0	0	0	0	0	0	0	0	0	0	0	0	0	0	0	0	0	0	
0	0	0	0	0	0	0	0	0	0	0	0	0	0	0	0	0	0	0	0	0	0	0	0	0	0	0	0	0	0	
0	0	0	0	0	0	0	0	0	0	0	0	0	0	0	0	0	0	0	0	0	0	0	0	0	0	0	0	0	0	
0	0	0	0	0	0	0	0	0	0	0	0	0	0	0	0	0	0	0	0	0	0	0	0	0	0	0	0	0	0	
0	0	0	0	0	0	0	0	0	0	0	0	0	0	0	0	0	0	0	0	0	0	0	0	0	0	0	0	0	0	
0	0	0	0	0	0	0	0	0	0	0	0	0	0	0	0	0	0	0	0	0	0	0	0	0	0	0	0	0	0	

1
1
30		30
1
544	468
382	381
550	478
1
524	468
54
544	468
544	466
544	463
544	459
544	456
545	453
545	447
547	442
548	435
548	427
550	417
550	406
550	398
550	390
550	384
550	382
550	381
538	382
518	384
495	385
472	387
445	387
424	387
406	387
394	387
388	386
385	385
384	384
384	389
384	399
384	410
384	426
384	440
384	454
384	464
383	472
382	474
382	477
383	478
388	478
397	478
408	476
421	474
436	471
451	470
468	468
484	465
498	465
508	465
516	465
520	465
521	466
523	467
524	468



7
3
30	30
0	0	0	0	0	0	0	0	0.10588	0.12941	0.12941	0.12941	0.12941	0.066667	0	0	0	0	0	0	0	0.035294	0.12941	0.14118	0.14118	0.14118	0.14118	0.15686	0	0	
0.098039	0.14118	0.14118	0.14118	0.14118	0.14118	0.14118	0.14118	0.035294	0.011765	0.011765	0.011765	0.011765	0.070588	0.14118	0.14118	0.14118	0.14118	0.14118	0.14118	0.14118	0.10588	0.011765	0	0	0	0	0.1451	0	0	
0.1451	0	0	0	0	0	0	0	0	0	0	0	0	0	0	0	0	0	0	0	0	0	0	0	0	0	0	0.1451	0	0	
0.1451	0	0	0	0	0	0	0	0	0	0	0	0	0	0	0	0	0	0	0	0	0	0	0	0	0	0	0.1451	0	0	
0.1451	0	0	0	0	0	0	0	0	0	0	0	0	0	0	0	0	0	0	0	0	0	0	0	0	0	0	0.1451	0	0	
0.12941	0.011765	0	0	0	0	0	0	0	0	0	0	0	0	0	0	0	0	0	0	0	0	0	0	0	0	0	0.1451	0	0	
0.12549	0.015686	0	0	0	0	0	0	0	0	0	0	0	0	0	0	0	0	0	0	0	0	0	0	0	0	0	0.1451	0	0	
0.011765	0.12941	0	0	0	0	0	0	0	0	0	0	0	0	0	0	0	0	0	0	0	0	0	0	0	0	0	0.1451	0	0	
0	0.1451	0	0	0	0	0	0	0	0	0	0	0	0	0	0	0	0	0	0	0	0	0	0	0	0	0	0.1451	0	0	
0	0.1451	0	0	0	0	0	0	0	0	0	0	0	0	0	0	0	0	0	0	0	0	0	0	0	0	0	0.1098	0.035294	0	
0	0.1451	0	0	0	0	0	0	0	0	0	0	0	0	0	0	0	0	0	0	0	0	0	0	0	0	0	0	0.1451	0	
0	0.1451	0	0	0	0	0	0	0	0	0	0	0	0	0	0	0	0	0	0	0	0	0	0	0	0	0	0	0.1451	0	
0	0.1451	0	0	0	0	0	0	0	0	0	0	0	0	0	0	0	0	0	0	0	0	0	0	0	0	0	0	0.1451	0	
0	0.1451	0	0	0	0	0	0	0	0	0	0	0	0	0	0	0	0	0	0	0	0	0	0	0	0	0	0	0.1451	0	
0	0.1451	0	0	0	0	0	0	0	0	0	0	0	0	0	0	0	0	0	0	0	0	0	0	0	0	0	0	0.1451	0	
0	0.1451	0	0	0	0	0	0	0	0	0	0	0	0	0	0	0	0	0	0	0	0	0	0	0	0	0	0	0.1451	0	
0	0.1451	0	0	0	0	0	0	0	0	0	0	0	0	0	0	0	0	0	0	0	0	0	0	0	0	0	0	0.1451	0	
0	0.11373	0.14118	0.14118	0.14118	0.14118	0.14118	0.14118	0.14118	0.14118	0.14118	0.14118	0.14118	0.14118	0.043137	0	0	0	0	0	0	0	0	0	0	0	0	0	0.058824	0.082353	
0	0	0	0	0	0	0	0	0	0	0	0	0	0	0.098039	0.14118	0.14118	0.14118	0.14118	0.14118	0.14118	0.14118	0.14118	0.14118	0.14118	0.14118	0.14118	0.14118	0.14118	0.12157	
0	0	0	0	0	0	0	0	0	0	0	0	0	0	0	0	0	0	0	0	0	0	0	0	0	0	0	0	0	0	
0	0	0	0	0	0	0	0	0	0	0	0	0	0	0	0	0	0	0	0	0	0	0	0	0	0	0	0	0	0	
0	0	0	0	0	0	0	0	0	0	0	0	0	0	0	0	0	0	0	0	0	0	0	0	0	0	0	0	0	0	
0	0	0	0	0	0	0	0	0	0	0	0	0	0	0	0	0	0	0	0	0	0	0	0	0	0	0	0	0	0	
0	0	0	0	0	0	0	0	0	0	0	0	0	0	0	0	0	0	0	0	0	0	0	0	0	0	0	0	0	0	
0	0	0	0	0	0	0	0	0	0	0	0	0	0	0	0	0	0	0	0	0	0	0	0	0	0	0	0	0	0	
0	0	0	0	0	0	0	0	0	0	0	0	0	0	0	0	0	0	0	0	0	0	0	0	0	0	0	0	0	0	
0	0	0	0	0	0	0	0	0	0	0	0	0	0	0	0	0	0	0	0	0	0	0	0	0	0	0	0	0	0	
0	0	0	0	0	0	0	0	0	0	0	0	0	0	0	0	0	0	0	0	0	0	0	0	0	0	0	0	0	0	
0	0	0	0	0	0	0	0	0	0	0	0	0	0	0	0	0	0	0	0	0	0	0	0	0	0	0	0	0	0	
0	0	0	0	0	0	0	0	0	0	0	0	0	0	0	0	0	0	0	0	0	0	0	0	0	0	0	0	0	0	

1
1
30		30
1
756	506
747	390
946	514
1
755	509
146
756	506
756	504
756	502
756	499
756	495
756	488
756	480
756	472
756	463
754	453
753	444
751	436
750	429
750	424
748	419
748	417
748	412
747	408
747	406
747	403
747	400
747	399
752	398
760	398
769	398
778	398
788	396
795	395
803	393
808	393
814	393
820	393
826	393
829	393
832	393
834	393
837	394
838	394
841	394
846	394
849	394
852	394
856	394
859	394
861	394
864	394
865	394
867	394
868	394
870	394
871	394
875	394
877	394
881	394
886	394
892	394
901	393
909	392
915	390
921	390
924	390
928	390
930	390
931	390
933	390
934	391
935	394
935	398
935	404
935	410
935	417
935	425
935	431
935	437
935	441
935	446
935	450
935	453
937	455
937	458
937	462
937	465
938	468
938	474
938	480
938	488
940	492
941	497
941	500
941	501
941	503
941	504
942	505
943	507
944	508
944	509
945	511
946	512
946	513
945	514
944	514
943	514
941	514
937	513
931	513
925	513
917	513
909	513
899	513
889	513
880	513
871	513
863	513
856	513
850	512
844	512
839	510
835	510
830	510
826	510
821	510
815	510
811	510
804	510
799	510
794	510
788	510
784	510
781	510
779	510
778	510
776	510
775	510
772	510
770	510
769	510
767	510
766	510
765	510
763	510
761	510
760	510
758	510
757	510
756	509
755	509



7
3
30	30
0	0	0	0	0	0	0	0	0	0	0	0	0	0	0	0	0	0	0	0	0	0	0	0	0	0	0	0.07451	0	0	
0	0	0	0	0	0	0	0	0	0	0	0	0	0	0	0	0	0	0	0	0	0	0	0	0	0	0	0.21176	0	0	
0	0	0	0	0	0	0	0	0	0	0	0	0	0	0	0	0	0	0	0	0	0	0	0	0	0	0	0.21176	0	0	
0	0	0	0	0	0	0	0	0	0	0	0	0	0	0	0	0	0.086275	0.16078	0.21569	0.21569	0.21569	0.21569	0.21569	0.16471	0	0	0.21176	0	0	
0.12941	0.086275	0.035294	0.035294	0.035294	0.035294	0.035294	0.035294	0.035294	0.035294	0.035294	0.10196	0.21569	0.21569	0.21569	0.21569	0.21569	0.12549	0.05098	0	0	0	0	0	0	0	0	0.21176	0	0	
0.21176	0.12549	0.17647	0.17647	0.17647	0.17647	0.17647	0.17647	0.17647	0.17647	0.17647	0.1098	0	0	0	0	0	0	0	0	0	0	0	0	0	0	0.15686	0.05098	0	0	
0.18824	0.023529	0	0	0	0	0	0	0	0	0	0	0	0	0	0	0	0	0	0	0	0	0	0	0	0	0.21176	0	0	0	
0.13725	0.07451	0	0	0	0	0	0	0	0	0	0	0	0	0	0	0	0	0	0	0	0	0	0	0	0	0.21176	0	0	0	
0.027451	0.18431	0	0	0	0	0	0	0	0	0	0	0	0	0	0	0	0	0	0	0	0	0	0	0	0	0.21176	0	0	0	
0	0.21176	0	0	0	0	0	0	0	0	0	0	0	0	0	0	0	0	0	0	0	0	0	0	0	0	0.21176	0	0	0	
0	0.21176	0	0	0	0	0	0	0	0	0	0	0	0	0	0	0	0	0	0	0	0	0	0	0	0	0.21176	0	0	0	
0	0.21176	0	0	0	0	0	0	0	0	0	0	0	0	0	0	0	0	0	0	0	0	0	0	0	0	0.21176	0	0	0	
0	0.21176	0	0	0	0	0	0	0	0	0	0	0	0	0	0	0	0	0	0	0	0	0	0	0	0	0.21176	0	0	0	
0	0.21176	0	0	0	0	0	0	0	0	0	0	0	0	0	0	0	0	0	0	0	0	0	0	0	0	0.21176	0	0	0	
0	0.21176	0	0	0	0	0	0	0	0	0	0	0	0	0	0	0	0	0	0	0	0	0	0	0	0	0.21176	0	0	0	
0	0.21176	0	0	0	0	0	0	0	0	0	0	0	0	0	0	0	0	0	0	0	0	0	0	0	0	0.21176	0	0	0	
0	0.21176	0	0	0	0	0	0	0	0	0	0	0	0	0	0	0	0	0	0	0	0	0	0	0	0	0.21176	0	0	0	
0	0.21176	0	0	0	0	0	0	0	0	0	0	0	0	0	0	0	0	0	0	0	0	0	0	0	0	0.21176	0	0	0	
0	0.21176	0	0	0	0	0	0	0	0	0	0	0	0	0	0	0	0	0	0	0	0	0	0	0	0	0.21176	0	0	0	
0	0.21176	0	0	0	0	0	0	0	0	0	0	0	0	0	0	0	0	0	0	0	0	0	0	0	0	0.21176	0	0	0	
0	0.21176	0	0	0	0	0	0	0	0	0	0	0	0	0	0	0	0	0	0	0	0	0	0	0	0	0.21176	0	0	0	
0	0.21176	0	0	0	0	0	0	0	0	0	0	0	0	0	0	0	0	0	0	0	0	0	0	0	0	0.21176	0	0	0	
0	0.21176	0	0	0	0	0	0	0	0	0	0	0	0	0	0	0	0	0	0	0	0	0	0	0	0	0.21176	0	0	0	
0	0.21176	0	0	0	0	0	0	0	0	0	0	0	0	0	0	0	0	0	0	0	0	0	0	0	0	0.21176	0	0	0	
0	0.21176	0	0	0	0	0	0	0	0	0	0	0	0	0	0	0	0	0	0	0	0	0	0	0	0	0.21176	0	0	0	
0	0.21176	0	0	0	0	0	0	0	0	0	0	0	0	0	0	0	0	0	0	0	0	0	0	0	0	0.21176	0	0	0	
0	0.21176	0	0	0	0	0	0	0	0	0	0	0	0	0	0	0	0	0	0	0	0	0	0	0	0.035294	0.17647	0	0	0	
0	0.21176	0	0	0	0	0	0	0	0	0	0	0	0	0	0	0	0	0	0	0	0	0	0	0	0.15294	0.058824	0	0	0	
0	0.2549	0.21569	0.1098	0.078431	0.047059	0	0	0	0	0	0	0	0	0	0	0	0	0	0	0	0	0	0	0	0.18824	0.043137	0	0	0	
0	0	0	0.10196	0.13333	0.16471	0.21569	0.21569	0.21569	0.21569	0.21569	0.21569	0.21569	0.21569	0.21569	0.21569	0.21569	0.21569	0.21569	0.21569	0.21569	0.21569	0.21569	0.21569	0.21569	0.10196	0	0	0	0	

1
1
30		30
1
589	566
478	553
601	685
1
601	563
78
589	566
587	566
581	566
572	567
560	568
544	571
528	573
512	573
502	573
491	573
484	573
481	573
480	572
478	571
478	573
479	581
481	594
481	609
482	624
482	638
482	649
482	658
481	665
480	670
480	674
480	675
480	677
480	678
480	680
480	681
481	682
483	682
490	684
501	685
514	685
528	685
541	685
555	685
567	685
578	685
586	685
591	685
593	684
595	682
595	678
596	673
598	667
598	661
599	657
599	651
599	645
599	639
599	633
599	628
599	622
599	618
599	611
599	606
599	601
599	597
599	592
599	589
599	586
599	583
599	582
599	580
599	579
599	577
599	576
601	572
601	568
601	564
601	561
601	556
601	553
601	557
601	560
601	563



7
3
30	30
0.062745	0.20784	0.2	0.15686	0.15686	0.15686	0.15686	0.15686	0.15686	0.15686	0.15686	0.15686	0.15686	0.15686	0.15686	0.15686	0.15686	0.15686	0.15686	0.15686	0.15686	0.15686	0.15686	0.15686	0.15686	0.15686	0.15686	0.16471	0.13333	0	
0.21569	0	0.0078431	0.047059	0.047059	0.047059	0.047059	0.047059	0.047059	0.047059	0.047059	0.047059	0.047059	0.047059	0.047059	0.047059	0.047059	0.047059	0.047059	0.047059	0.047059	0.047059	0.047059	0.047059	0.047059	0.047059	0.047059	0.039216	0.21569	0	
0.21569	0	0	0	0	0	0	0	0	0	0	0	0	0	0	0	0	0	0	0	0	0	0	0	0	0	0	0	0.21569	0	
0.21569	0	0	0	0	0	0	0	0	0	0	0	0	0	0	0	0	0	0	0	0	0	0	0	0	0	0	0	0.21569	0	
0.2	0.011765	0	0	0	0	0	0	0	0	0	0	0	0	0	0	0	0	0	0	0	0	0	0	0	0	0	0	0.10588	0.10588	
0.11765	0.094118	0	0	0	0	0	0	0	0	0	0	0	0	0	0	0	0	0	0	0	0	0	0	0	0	0	0	0	0.21176	
0	0.21569	0	0	0	0	0	0	0	0	0	0	0	0	0	0	0	0	0	0	0	0	0	0	0	0	0	0	0	0.21569	
0	0.21569	0	0	0	0	0	0	0	0	0	0	0	0	0	0	0	0	0	0	0	0	0	0	0	0	0	0	0	0.21569	
0	0.21569	0	0	0	0	0	0	0	0	0	0	0	0	0	0	0	0	0	0	0	0	0	0	0	0	0	0	0	0.21569	
0	0.21569	0	0	0	0	0	0	0	0	0	0	0	0	0	0	0	0	0	0	0	0	0	0	0	0	0	0	0	0.21569	
0	0.21569	0	0	0	0	0	0	0	0	0	0	0	0	0	0	0	0	0	0	0	0	0	0	0	0	0	0	0	0.21569	
0	0.21569	0	0	0	0	0	0	0	0	0	0	0	0	0	0	0	0	0	0	0	0	0	0	0	0	0	0	0	0.21569	
0	0.15294	0.058824	0	0	0	0	0	0	0	0	0	0	0	0	0	0	0	0	0	0	0	0	0	0	0	0	0	0	0.21569	
0	0.047059	0.16471	0	0	0	0	0	0	0	0	0	0	0	0	0	0	0	0	0	0	0	0	0	0	0	0	0	0	0.21569	
0	0	0.21569	0	0	0	0	0	0	0	0	0	0	0	0	0	0	0	0	0	0	0	0	0	0	0	0	0	0	0.21569	
0	0	0.21569	0	0	0	0	0	0	0	0	0	0	0	0	0	0	0	0	0	0	0	0	0	0	0	0	0	0.035294	0.17647	
0	0	0.21569	0	0	0	0	0	0	0	0	0	0	0	0	0	0	0	0	0	0	0	0	0	0	0	0	0	0.078431	0.13333	
0	0	0.21176	0	0	0	0	0	0	0	0	0	0	0	0	0	0	0	0	0	0	0	0	0	0	0	0	0	0.078431	0.13333	
0	0	0.13333	0.078431	0	0	0	0	0	0	0	0	0	0	0	0	0	0	0	0	0	0	0	0	0	0	0	0	0.078431	0.13333	
0	0	0	0.21569	0	0	0	0	0	0	0	0	0	0	0	0	0	0	0	0	0	0	0	0	0	0	0	0	0.078431	0.13333	
0	0	0	0.16863	0	0	0	0	0	0	0	0	0	0	0	0	0	0	0	0	0	0	0	0	0	0	0	0	0.13333	0.078431	
0	0	0	0	0	0	0	0	0	0	0	0	0	0	0	0	0	0	0	0	0	0	0	0	0.058824	0.14902	0.14902	0.14902	0.26667	0	
0	0	0	0	0	0	0	0	0	0	0	0	0	0	0.07451	0.098039	0.098039	0.20392	0.20784	0.20784	0.20784	0.20784	0.20784	0.20784	0.14902	0.058824	0.058824	0.058824	0.015686	0	
0	0	0	0.066667	0.20784	0.066667	0	0	0.10588	0.20784	0.20784	0.20784	0.20784	0.20784	0.13333	0.10588	0.10588	0.0039216	0	0	0	0	0	0	0	0	0	0	0	0	
0	0	0	0	0	0.13725	0.20784	0.20784	0.098039	0	0	0	0	0	0	0	0	0	0	0	0	0	0	0	0	0	0	0	0	0	
0	0	0	0	0	0	0	0	0	0	0	0	0	0	0	0	0	0	0	0	0	0	0	0	0	0	0	0	0	0	
0	0	0	0	0	0	0	0	0	0	0	0	0	0	0	0	0	0	0	0	0	0	0	0	0	0	0	0	0	0	
0	0	0	0	0	0	0	0	0	0	0	0	0	0	0	0	0	0	0	0	0	0	0	0	0	0	0	0	0	0	
0	0	0	0	0	0	0	0	0	0	0	0	0	0	0	0	0	0	0	0	0	0	0	0	0	0	0	0	0	0	
0	0	0	0	0	0	0	0	0	0	0	0	0	0	0	0	0	0	0	0	0	0	0	0	0	0	0	0	0	0	

1
1
30		30
1
881	688
868	593
1000	705
1
882	701
68
881	688
880	686
879	679
877	671
876	661
874	650
873	639
871	628
870	618
868	607
868	601
868	595
868	594
869	593
873	593
878	594
885	594
894	594
904	594
916	594
928	594
943	594
955	594
967	594
978	594
986	594
991	594
993	594
995	593
998	595
998	599
998	606
1000	614
1000	623
1000	632
1000	639
1000	647
1000	651
1000	656
1000	659
1000	660
1000	663
999	665
999	666
999	669
999	674
999	678
999	683
999	687
997	692
997	693
995	694
989	694
982	694
974	696
965	696
953	697
943	699
930	700
919	703
908	703
901	705
896	705
892	705
889	704
885	702
883	702
882	701



7
3
30	30
0	0	0	0	0	0	0	0	0	0	0	0	0	0	0	0	0	0	0	0	0	0	0	0	0.05098	0.19216	0.21176	0.19216	0	0	
0.0039216	0.070588	0.070588	0.070588	0.070588	0.070588	0.070588	0.070588	0.070588	0.070588	0.070588	0.18431	0.21176	0.21176	0.21176	0.21176	0.21176	0.21176	0.21176	0.21176	0.21176	0.21176	0.21176	0.21176	0.16078	0.019608	0	0.027451	0.19216	0	
0.20392	0.14118	0.14118	0.14118	0.14118	0.14118	0.14118	0.14118	0.14118	0.14118	0.14118	0.027451	0	0	0	0	0	0	0	0	0	0	0	0	0	0	0	0.011765	0.20784	0	
0.22353	0	0	0	0	0	0	0	0	0	0	0	0	0	0	0	0	0	0	0	0	0	0	0	0	0	0	0.011765	0.20784	0	
0.22353	0	0	0	0	0	0	0	0	0	0	0	0	0	0	0	0	0	0	0	0	0	0	0	0	0	0	0.0039216	0.21961	0	
0.22353	0	0	0	0	0	0	0	0	0	0	0	0	0	0	0	0	0	0	0	0	0	0	0	0	0	0	0	0.22353	0	
0.22353	0	0	0	0	0	0	0	0	0	0	0	0	0	0	0	0	0	0	0	0	0	0	0	0	0	0	0	0.22353	0	
0.22353	0	0	0	0	0	0	0	0	0	0	0	0	0	0	0	0	0	0	0	0	0	0	0	0	0	0	0	0.22353	0	
0.22353	0	0	0	0	0	0	0	0	0	0	0	0	0	0	0	0	0	0	0	0	0	0	0	0	0	0	0	0.22353	0	
0.22353	0	0	0	0	0	0	0	0	0	0	0	0	0	0	0	0	0	0	0	0	0	0	0	0	0	0	0	0.22353	0	
0.22353	0	0	0	0	0	0	0	0	0	0	0	0	0	0	0	0	0	0	0	0	0	0	0	0	0	0	0	0.22353	0	
0.22353	0	0	0	0	0	0	0	0	0	0	0	0	0	0	0	0	0	0	0	0	0	0	0	0	0	0	0	0.22353	0	
0.22353	0	0	0	0	0	0	0	0	0	0	0	0	0	0	0	0	0	0	0	0	0	0	0	0	0	0	0	0.20784	0.011765	
0.22353	0	0	0	0	0	0	0	0	0	0	0	0	0	0	0	0	0	0	0	0	0	0	0	0	0	0	0	0.0078431	0.21176	
0.17255	0	0	0	0	0	0	0	0	0	0	0	0	0	0	0	0	0	0	0	0	0	0	0	0	0	0	0	0	0.22353	
0	0.031373	0	0	0	0	0	0	0	0	0	0	0	0	0	0	0	0	0	0	0	0	0	0	0	0	0	0	0	0.22353	
0.094118	0.12549	0	0	0	0	0	0	0	0	0.015686	0.070588	0.070588	0.070588	0.070588	0.070588	0.070588	0.070588	0.070588	0.070588	0.070588	0.070588	0.070588	0.070588	0.070588	0.070588	0.070588	0.070588	0.086275	0.22745	
0.011765	0.20392	0.21176	0.21176	0.21176	0.21176	0.21176	0.21176	0.21176	0.21176	0.19608	0.14118	0.14118	0.14118	0.14118	0.14118	0.14118	0.14118	0.14118	0.14118	0.14118	0.14118	0.14118	0.14118	0.14118	0.14118	0.14118	0.14118	0.12549	0	
0	0	0	0	0	0	0	0	0	0	0	0	0	0	0	0	0	0	0	0	0	0	0	0	0	0	0	0	0	0	
0	0	0	0	0	0	0	0	0	0	0	0	0	0	0	0	0	0	0	0	0	0	0	0	0	0	0	0	0	0	
0	0	0	0	0	0	0	0	0	0	0	0	0	0	0	0	0	0	0	0	0	0	0	0	0	0	0	0	0	0	
0	0	0	0	0	0	0	0	0	0	0	0	0	0	0	0	0	0	0	0	0	0	0	0	0	0	0	0	0	0	
0	0	0	0	0	0	0	0	0	0	0	0	0	0	0	0	0	0	0	0	0	0	0	0	0	0	0	0	0	0	
0	0	0	0	0	0	0	0	0	0	0	0	0	0	0	0	0	0	0	0	0	0	0	0	0	0	0	0	0	0	
0	0	0	0	0	0	0	0	0	0	0	0	0	0	0	0	0	0	0	0	0	0	0	0	0	0	0	0	0	0	
0	0	0	0	0	0	0	0	0	0	0	0	0	0	0	0	0	0	0	0	0	0	0	0	0	0	0	0	0	0	
0	0	0	0	0	0	0	0	0	0	0	0	0	0	0	0	0	0	0	0	0	0	0	0	0	0	0	0	0	0	
0	0	0	0	0	0	0	0	0	0	0	0	0	0	0	0	0	0	0	0	0	0	0	0	0	0	0	0	0	0	
0	0	0	0	0	0	0	0	0	0	0	0	0	0	0	0	0	0	0	0	0	0	0	0	0	0	0	0	0	0	
0	0	0	0	0	0	0	0	0	0	0	0	0	0	0	0	0	0	0	0	0	0	0	0	0	0	0	0	0	0	

1
1
30		30
1
189	673
189	608
316	685
1
191	679
163
189	673
189	672
189	669
189	667
189	666
189	664
189	663
189	661
189	657
189	654
189	651
189	646
189	643
189	640
189	637
189	636
189	634
189	633
189	631
189	630
189	628
189	627
189	625
189	624
189	621
189	619
189	618
189	616
189	615
192	614
198	614
205	614
211	614
217	614
223	614
229	614
235	614
240	612
243	612
246	611
249	611
250	611
252	611
253	611
256	611
259	611
262	611
264	611
265	611
268	611
271	611
274	611
276	611
279	611
280	611
282	611
283	611
285	611
286	611
288	611
289	611
291	611
294	611
297	609
298	609
299	608
300	608
301	608
303	608
304	608
307	608
309	608
311	610
311	614
311	617
311	620
311	621
311	623
312	625
313	626
313	627
313	630
313	632
313	633
314	637
314	641
314	643
314	645
314	647
314	648
314	650
314	651
314	653
314	654
314	656
314	659
314	662
314	663
316	666
316	668
316	669
316	672
316	674
316	675
316	677
316	678
316	680
316	681
316	683
314	684
313	684
310	684
305	684
301	684
298	684
293	684
289	684
284	684
281	684
278	684
275	684
272	684
269	684
266	684
265	684
263	684
262	684
260	684
259	684
256	684
254	684
251	684
248	684
247	684
245	684
242	684
239	684
236	684
233	685
229	685
226	685
221	685
217	685
215	685
214	685
212	685
211	685
209	685
208	685
206	685
205	685
202	685
200	685
199	685
197	685
196	685
194	685
193	685
191	685
190	684
190	682
190	681
191	679



7
3
30	30
0	0	0	0	0.0078431	0.031373	0.16078	0.16078	0.16078	0.16078	0.16078	0.16078	0.16078	0.16078	0.16078	0.16078	0.16078	0.16078	0.16078	0.16078	0.16078	0.16078	0.16078	0.16078	0.16078	0.16078	0.16078	0.16078	0.16078	0.1098	
0.027451	0.16078	0.16078	0.16078	0.15294	0.12941	0	0	0	0	0	0	0	0	0	0	0	0	0	0	0	0	0	0	0	0	0	0	0	0.16471	
0.16471	0	0	0	0	0	0	0	0	0	0	0	0	0	0	0	0	0	0	0	0	0	0	0	0	0	0	0	0	0.16471	
0.16471	0	0	0	0	0	0	0	0	0	0	0	0	0	0	0	0	0	0	0	0	0	0	0	0	0	0	0	0	0.16471	
0.16471	0	0	0	0	0	0	0	0	0	0	0	0	0	0	0	0	0	0	0	0	0	0	0	0	0	0	0	0	0.16471	
0.16471	0	0	0	0	0	0	0	0	0	0	0	0	0	0	0	0	0	0	0	0	0	0	0	0	0	0	0	0	0.16078	
0.16471	0	0	0	0	0	0	0	0	0	0	0	0	0	0	0	0	0	0	0	0	0	0	0	0	0	0	0	0.12549	0.039216	
0.16471	0	0	0	0	0	0	0	0	0	0	0	0	0	0	0	0	0	0	0	0	0	0	0	0	0	0	0	0.16471	0	
0.16078	0	0	0	0	0	0	0	0	0	0	0	0	0	0	0	0	0	0	0	0	0	0	0	0	0	0	0	0.16471	0	
0.031373	0.12941	0	0	0	0	0	0	0	0	0	0	0	0	0	0	0	0	0	0	0	0	0	0	0	0	0	0	0.16471	0	
0	0.16471	0	0	0	0	0	0	0	0	0	0	0	0	0	0	0	0	0	0	0	0	0	0	0	0	0	0	0.16471	0	
0	0.16471	0	0	0	0	0	0	0	0	0	0	0	0	0	0	0	0	0	0	0	0	0	0	0	0	0	0	0.16471	0	
0	0.16471	0	0	0	0	0	0	0	0	0	0	0	0	0	0	0	0	0	0	0	0	0	0	0	0	0	0	0.16471	0	
0	0.16471	0	0	0	0	0	0	0	0	0	0	0	0	0	0	0	0	0	0	0	0	0	0	0	0	0	0	0.16471	0	
0	0.16471	0	0	0	0	0	0	0	0	0	0	0	0	0	0	0	0	0	0	0	0	0	0	0	0	0	0	0.16471	0	
0	0.16078	0.0039216	0	0	0	0	0	0	0	0	0	0	0	0	0	0	0	0	0	0	0	0	0	0	0	0	0	0.16471	0	
0	0.070588	0.094118	0	0	0	0	0	0	0	0	0	0	0	0	0	0	0	0	0	0	0	0	0	0	0	0	0	0.16471	0	
0	0	0.16471	0	0	0	0	0	0	0	0	0	0	0	0	0	0	0	0	0	0	0	0	0	0	0	0	0	0.16471	0	
0	0	0.16471	0	0	0	0	0	0	0	0	0	0	0	0	0	0	0	0	0	0	0	0	0	0	0	0	0	0.16471	0	
0	0	0.16471	0	0	0	0	0	0	0	0	0	0	0	0	0	0	0	0	0	0	0	0	0	0	0	0	0	0.16471	0	
0	0	0.16471	0	0	0	0	0	0	0	0	0	0	0	0	0	0	0	0	0	0	0	0	0	0	0	0	0	0.16471	0	
0	0	0.16471	0	0	0	0	0	0	0	0	0	0	0	0	0	0	0	0	0	0	0	0	0	0	0	0	0	0.16471	0	
0	0	0.0078431	0	0	0	0	0	0	0	0	0	0	0	0	0	0	0	0	0	0	0	0	0	0	0	0	0.15686	0.0078431	0	
0	0	0	0	0	0	0	0	0	0	0	0	0	0	0	0	0	0	0	0	0	0	0	0.11765	0.13725	0.16078	0.16078	0.19608	0	0	
0	0	0	0	0	0	0	0	0	0	0	0	0	0	0	0	0.035294	0.15686	0.16078	0.16078	0.16078	0.16078	0.16078	0.043137	0.023529	0	0	0	0	0	
0	0.13333	0.16078	0.16078	0.16078	0.16078	0.16078	0.16078	0.16078	0.16078	0.16078	0.16078	0.16078	0.16078	0.16078	0.16078	0.12549	0.0039216	0	0	0	0	0	0	0	0	0	0	0	0	
0	0	0	0	0	0	0	0	0	0	0	0	0	0	0	0	0	0	0	0	0	0	0	0	0	0	0	0	0	0	
0	0	0	0	0	0	0	0	0	0	0	0	0	0	0	0	0	0	0	0	0	0	0	0	0	0	0	0	0	0	
0	0	0	0	0	0	0	0	0	0	0	0	0	0	0	0	0	0	0	0	0	0	0	0	0	0	0	0	0	0	
0	0	0	0	0	0	0	0	0	0	0	0	0	0	0	0	0	0	0	0	0	0	0	0	0	0	0	0	0	0	

1
1
30		30
1
165	513
156	383
328	534
1
160	532
81
165	513
165	508
165	499
165	490
165	480
163	470
162	458
160	447
159	436
157	426
156	418
156	412
156	408
156	406
156	402
156	400
156	397
156	396
156	394
156	393
157	392
162	390
169	387
177	387
187	386
198	384
211	384
227	384
244	384
262	384
280	384
295	384
310	384
320	384
325	383
327	383
328	387
328	396
328	408
325	422
324	436
324	450
324	462
324	471
324	480
324	487
324	491
323	496
322	497
322	498
321	501
321	503
321	504
321	507
321	509
321	510
321	512
320	513
319	514
319	515
319	516
319	518
319	519
319	521
316	523
310	523
302	525
290	526
277	528
261	530
244	534
230	534
214	534
200	534
188	534
178	534
169	534
164	534
162	533
161	533
160	532



7
3
30	30
0	0	0	0	0	0	0	0	0.090196	0.13725	0.047059	0.047059	0.047059	0.047059	0.047059	0.047059	0.047059	0.047059	0.047059	0.047059	0.011765	0	0	0	0	0	0	0	0	0	
0	0.18039	0.15686	0.15686	0.15686	0.15686	0.15686	0.15686	0.15686	0.17647	0.18039	0.1098	0.1098	0.1098	0.1098	0.1098	0.1098	0.1098	0.1098	0.1098	0.16863	0	0	0	0	0	0	0	0	0	
0	0.15294	0	0	0	0	0	0	0	0	0	0	0	0	0	0	0	0	0	0.12549	0.027451	0	0	0	0	0	0	0	0	0	
0	0.15294	0	0	0	0	0	0	0	0	0	0	0	0	0	0	0	0	0	0.15294	0	0	0	0	0	0	0	0	0	0	
0	0.15294	0	0	0	0	0	0	0	0	0	0	0	0	0	0	0	0	0	0.15294	0	0	0	0	0	0	0	0	0	0	
0.047059	0.10588	0	0	0	0	0	0	0	0	0	0	0	0	0	0	0	0	0	0.043137	0.1098	0	0	0	0	0	0	0	0	0	
0.15294	0	0	0	0	0	0	0	0	0	0	0	0	0	0	0	0	0	0	0	0.15294	0	0	0	0	0	0	0	0	0	
0.15294	0	0	0	0	0	0	0	0	0	0	0	0	0	0	0	0	0	0	0	0.15294	0	0	0	0	0	0	0	0	0	
0.15294	0	0	0	0	0	0	0	0	0	0	0	0	0	0	0	0	0	0	0	0.15294	0	0	0	0	0	0	0	0	0	
0.15294	0	0	0	0	0	0	0	0	0	0	0	0	0	0	0	0	0	0	0	0.15294	0	0	0	0	0	0	0	0	0	
0.15294	0	0	0	0	0	0	0	0	0	0	0	0	0	0	0	0	0	0	0	0.094118	0.054902	0	0	0	0	0	0	0	0	
0.15294	0	0	0	0	0	0	0	0	0	0	0	0	0	0	0	0	0	0	0	0.086275	0.066667	0	0	0	0	0	0	0	0	
0.15294	0	0	0	0	0	0	0	0	0	0	0	0	0	0	0	0	0	0	0	0.086275	0.066667	0	0	0	0	0	0	0	0	
0.15294	0	0	0	0	0	0	0	0	0	0	0	0	0	0	0	0	0	0	0	0	0.15294	0	0	0	0	0	0	0	0	
0.15294	0	0	0	0	0	0	0	0	0	0	0	0	0	0	0	0	0	0	0	0	0.15294	0	0	0	0	0	0	0	0	
0.15294	0	0	0	0	0	0	0	0	0	0	0	0	0	0	0	0	0	0	0	0	0.082353	0.070588	0	0	0	0	0	0	0	
0.15294	0	0	0	0	0	0	0	0	0	0	0	0	0	0	0	0	0	0	0	0	0	0.15294	0	0	0	0	0	0	0	
0.15294	0	0	0	0	0	0	0	0	0	0	0	0	0	0	0	0	0	0	0	0	0	0.15294	0	0	0	0	0	0	0	
0.15294	0	0	0	0	0	0	0	0	0	0	0	0	0	0	0	0	0	0	0	0	0	0.090196	0.062745	0	0	0	0	0	0	
0.15294	0	0	0	0	0	0	0	0	0	0	0	0	0	0	0	0	0	0	0	0	0	0	0.15294	0	0	0	0	0	0	
0.15294	0	0	0	0	0	0	0	0	0	0	0	0	0	0	0	0	0	0	0	0	0	0	0.15294	0	0	0	0	0	0	
0.15294	0	0	0	0	0	0	0	0	0	0	0	0	0	0	0	0	0	0	0	0	0	0	0.15294	0	0	0	0	0	0	
0.15294	0	0	0	0	0	0	0	0	0	0	0	0	0	0	0	0	0	0	0	0	0	0	0.070588	0.082353	0	0	0	0	0	
0.15294	0	0	0	0	0	0	0	0	0	0	0	0	0	0	0	0	0	0	0	0	0	0	0	0.15294	0	0	0	0	0	
0.082353	0.070588	0	0	0	0	0	0	0	0	0	0	0	0	0	0	0	0	0	0	0	0	0	0	0.05098	0.10196	0	0	0	0	
0	0.15294	0	0	0	0	0	0	0	0	0	0	0	0	0	0	0	0	0	0	0	0	0	0	0	0.15294	0	0	0	0	
0	0.15294	0	0	0	0	0	0	0	0	0	0	0	0	0	0	0	0	0	0	0	0	0	0	0	0.031373	0.12157	0	0	0	
0	0.11373	0.039216	0	0	0	0	0	0	0	0	0	0	0	0	0	0	0	0	0	0	0	0.031373	0.13333	0.15686	0.15686	0.15294	0	0	0	
0	0	0.15294	0	0	0.0039216	0.1098	0.14118	0.15686	0.15686	0.15686	0.15686	0.15686	0.15686	0.15686	0.15686	0.15686	0.15686	0.15686	0.15686	0.15686	0.15686	0.12157	0.023529	0	0	0	0	0	0	
0	0	0.13333	0.15686	0.15686	0.14902	0.047059	0.015686	0	0	0	0	0	0	0	0	0	0	0	0	0	0	0	0	0	0	0	0	0	0	

1
1
30		30
1
838	78
775	71
941	253
1
826	71
87
838	78
836	78
829	77
818	75
807	75
797	75
791	75
785	75
782	75
781	77
781	78
781	83
781	92
778	105
777	119
775	136
775	155
775	171
775	186
775	199
776	210
778	221
780	229
782	234
783	240
785	243
785	245
785	248
786	250
787	251
787	252
788	253
792	253
798	252
809	251
827	249
848	249
869	249
891	248
910	246
925	243
936	242
940	242
941	241
941	237
939	234
936	229
933	223
930	217
925	208
922	199
921	191
918	180
915	171
910	159
907	150
906	140
906	132
904	123
903	115
902	108
901	103
899	98
898	94
898	93
898	90
898	88
898	87
898	85
899	83
900	81
901	79
902	78
902	76
902	75
901	74
895	74
886	74
875	74
865	74
855	74
847	74
841	74
835	74
830	72
827	71
826	71



7
3
30	30
0	0	0	0	0	0	0	0	0	0	0.015686	0.15294	0.17255	0.17255	0.17255	0.17255	0.17255	0.17255	0.17255	0.17255	0.17255	0.17255	0.17255	0.13725	0.0039216	0	0	0	0	0	
0	0	0	0	0	0	0	0.07451	0.17255	0.17255	0.15686	0.019608	0	0	0	0	0	0	0	0	0	0	0	0.035294	0.16863	0.17255	0.17255	0.17255	0.17255	0.058824	
0	0.098039	0.17255	0.17255	0.17255	0.17255	0.17255	0.098039	0	0	0	0	0	0	0	0	0	0	0	0	0	0	0	0	0	0	0	0	0	0.18039	
0	0.18039	0	0	0	0	0	0	0	0	0	0	0	0	0	0	0	0	0	0	0	0	0	0	0	0	0	0	0	0.18039	
0	0.18039	0	0	0	0	0	0	0	0	0	0	0	0	0	0	0	0	0	0	0	0	0	0	0	0	0	0	0	0.18039	
0	0.18039	0	0	0	0	0	0	0	0	0	0	0	0	0	0	0	0	0	0	0	0	0	0	0	0	0	0	0	0.18039	
0	0.18039	0	0	0	0	0	0	0	0	0	0	0	0	0	0	0	0	0	0	0	0	0	0	0	0	0	0	0.054902	0.12157	
0	0.015686	0.16078	0	0	0	0	0	0	0	0	0	0	0	0	0	0	0	0	0	0	0	0	0	0	0	0	0	0.17647	0	
0	0.011765	0.16863	0	0	0	0	0	0	0	0	0	0	0	0	0	0	0	0	0	0	0	0	0	0	0	0	0	0.18039	0	
0	0.011765	0.16863	0	0	0	0	0	0	0	0	0	0	0	0	0	0	0	0	0	0	0	0	0	0	0	0	0	0.18039	0	
0	0.0078431	0.16863	0	0	0	0	0	0	0	0	0	0	0	0	0	0	0	0	0	0	0	0	0	0	0	0	0	0.18039	0	
0	0	0.18039	0	0	0	0	0	0	0	0	0	0	0	0	0	0	0	0	0	0	0	0	0	0	0	0	0.035294	0.14118	0	
0	0	0.18039	0	0	0	0	0	0	0	0	0	0	0	0	0	0	0	0	0	0	0	0	0	0	0	0	0.17255	0.0039216	0	
0	0	0.18039	0	0	0	0	0	0	0	0	0	0	0	0	0	0	0	0	0	0	0	0	0	0	0	0	0.18039	0	0	
0	0	0.10588	0	0	0	0	0	0	0	0	0	0	0	0	0	0	0	0	0	0	0	0	0	0	0	0	0.18039	0	0	
0	0	0	0	0	0	0	0	0	0	0	0	0	0	0	0	0	0	0	0	0	0	0	0	0	0	0	0.18039	0	0	
0	0	0	0	0	0	0	0	0	0	0	0	0	0	0	0	0	0	0	0	0	0	0	0	0	0	0	0.18039	0	0	
0	0	0	0	0	0	0	0	0	0	0	0	0	0	0	0	0	0	0	0	0	0	0	0	0	0	0	0.18039	0	0	
0.078431	0.17255	0.17255	0.17255	0.17255	0.17255	0.17255	0.17255	0.17255	0.17255	0.17255	0.17255	0.17255	0.17255	0.17255	0.17255	0.17255	0.17255	0.17255	0.17255	0.17255	0.17255	0.17255	0.17255	0.17255	0.17255	0.17255	0.13333	0	0	
0	0	0	0	0	0	0	0	0	0	0	0	0	0	0	0	0	0	0	0	0	0	0	0	0	0	0	0	0	0	
0	0	0	0	0	0	0	0	0	0	0	0	0	0	0	0	0	0	0	0	0	0	0	0	0	0	0	0	0	0	
0	0	0	0	0	0	0	0	0	0	0	0	0	0	0	0	0	0	0	0	0	0	0	0	0	0	0	0	0	0	
0	0	0	0	0	0	0	0	0	0	0	0	0	0	0	0	0	0	0	0	0	0	0	0	0	0	0	0	0	0	
0	0	0	0	0	0	0	0	0	0	0	0	0	0	0	0	0	0	0	0	0	0	0	0	0	0	0	0	0	0	
0	0	0	0	0	0	0	0	0	0	0	0	0	0	0	0	0	0	0	0	0	0	0	0	0	0	0	0	0	0	
0	0	0	0	0	0	0	0	0	0	0	0	0	0	0	0	0	0	0	0	0	0	0	0	0	0	0	0	0	0	
0	0	0	0	0	0	0	0	0	0	0	0	0	0	0	0	0	0	0	0	0	0	0	0	0	0	0	0	0	0	
0	0	0	0	0	0	0	0	0	0	0	0	0	0	0	0	0	0	0	0	0	0	0	0	0	0	0	0	0	0	
0	0	0	0	0	0	0	0	0	0	0	0	0	0	0	0	0	0	0	0	0	0	0	0	0	0	0	0	0	0	
0	0	0	0	0	0	0	0	0	0	0	0	0	0	0	0	0	0	0	0	0	0	0	0	0	0	0	0	0	0	

1
1
30		30
1
461	302
449	223
608	324
1
449	324
76
461	302
461	299
460	291
458	282
457	275
457	267
457	260
455	253
454	248
454	243
454	239
454	237
454	236
457	235
464	235
471	233
478	233
485	232
491	230
498	228
505	226
512	224
520	224
527	223
535	223
544	223
551	223
559	223
565	223
571	224
575	225
583	227
589	228
595	230
601	230
604	230
605	230
607	230
608	232
608	235
608	241
608	248
607	255
605	263
604	271
603	280
601	286
599	294
599	299
598	304
598	310
598	313
598	317
598	320
598	322
598	323
594	324
590	324
584	324
576	324
566	324
554	324
542	324
530	324
519	324
507	324
495	324
484	324
475	324
468	324
462	324
458	324
455	324
452	324
450	324
449	324



7
3
30	30
0.12941	0.098039	0.098039	0.094118	0	0	0	0	0	0	0	0	0	0	0	0	0	0	0	0	0	0	0	0	0	0	0	0	0	0	
0.058824	0.039216	0	0	0.098039	0.098039	0.098039	0.098039	0.090196	0	0	0	0	0	0	0	0	0	0	0	0	0	0	0	0	0	0	0	0.054902	0	
0	0.10196	0	0	0	0	0	0	0.0039216	0.094118	0.098039	0.098039	0.098039	0.098039	0.098039	0.098039	0.098039	0.098039	0.082353	0.07451	0.07451	0.07451	0.07451	0.07451	0.07451	0.078431	0.098039	0.098039	0.14902	0.011765	
0	0.019608	0.078431	0	0	0	0	0	0	0	0	0	0	0	0	0	0	0	0.015686	0.019608	0.019608	0.019608	0.019608	0.019608	0.019608	0.019608	0	0	0.023529	0.07451	
0	0	0.10196	0	0	0	0	0	0	0	0	0	0	0	0	0	0	0	0	0	0	0	0	0	0	0	0	0	0.023529	0.07451	
0	0	0.027451	0.070588	0	0	0	0	0	0	0	0	0	0	0	0	0	0	0	0	0	0	0	0	0	0	0	0	0	0.098039	
0	0	0	0.10196	0	0	0	0	0	0	0	0	0	0	0	0	0	0	0	0	0	0	0	0	0	0	0	0	0	0.10196	
0	0	0	0.062745	0.035294	0	0	0	0	0	0	0	0	0	0	0	0	0	0	0	0	0	0	0	0	0	0	0	0	0.10196	
0	0	0	0	0.10196	0	0	0	0	0	0	0	0	0	0	0	0	0	0	0	0	0	0	0	0	0	0	0	0	0.10196	
0	0	0	0	0.098039	0.0039216	0	0	0	0	0	0	0	0	0	0	0	0	0	0	0	0	0	0	0	0	0	0	0	0.10196	
0	0	0	0	0.011765	0.090196	0	0	0	0	0	0	0	0	0	0	0	0	0	0	0	0	0	0	0	0	0	0	0	0.10196	
0	0	0	0	0.035294	0.13725	0.098039	0	0	0	0	0	0	0	0	0	0	0	0	0	0	0	0	0	0	0.023529	0.098039	0.098039	0.098039	0.10588	
0	0	0	0	0	0	0	0.094118	0.098039	0.098039	0.098039	0.098039	0.098039	0.098039	0.098039	0.098039	0.098039	0.098039	0.098039	0.098039	0.098039	0.098039	0.098039	0.098039	0.098039	0.07451	0	0	0	0	
0	0	0	0	0	0	0	0	0	0	0	0	0	0	0	0	0	0	0	0	0	0	0	0	0	0	0	0	0	0	
0	0	0	0	0	0	0	0	0	0	0	0	0	0	0	0	0	0	0	0	0	0	0	0	0	0	0	0	0	0	
0	0	0	0	0	0	0	0	0	0	0	0	0	0	0	0	0	0	0	0	0	0	0	0	0	0	0	0	0	0	
0	0	0	0	0	0	0	0	0	0	0	0	0	0	0	0	0	0	0	0	0	0	0	0	0	0	0	0	0	0	
0	0	0	0	0	0	0	0	0	0	0	0	0	0	0	0	0	0	0	0	0	0	0	0	0	0	0	0	0	0	
0	0	0	0	0	0	0	0	0	0	0	0	0	0	0	0	0	0	0	0	0	0	0	0	0	0	0	0	0	0	
0	0	0	0	0	0	0	0	0	0	0	0	0	0	0	0	0	0	0	0	0	0	0	0	0	0	0	0	0	0	
0	0	0	0	0	0	0	0	0	0	0	0	0	0	0	0	0	0	0	0	0	0	0	0	0	0	0	0	0	0	
0	0	0	0	0	0	0	0	0	0	0	0	0	0	0	0	0	0	0	0	0	0	0	0	0	0	0	0	0	0	
0	0	0	0	0	0	0	0	0	0	0	0	0	0	0	0	0	0	0	0	0	0	0	0	0	0	0	0	0	0	
0	0	0	0	0	0	0	0	0	0	0	0	0	0	0	0	0	0	0	0	0	0	0	0	0	0	0	0	0	0	
0	0	0	0	0	0	0	0	0	0	0	0	0	0	0	0	0	0	0	0	0	0	0	0	0	0	0	0	0	0	
0	0	0	0	0	0	0	0	0	0	0	0	0	0	0	0	0	0	0	0	0	0	0	0	0	0	0	0	0	0	
0	0	0	0	0	0	0	0	0	0	0	0	0	0	0	0	0	0	0	0	0	0	0	0	0	0	0	0	0	0	
0	0	0	0	0	0	0	0	0	0	0	0	0	0	0	0	0	0	0	0	0	0	0	0	0	0	0	0	0	0	
0	0	0	0	0	0	0	0	0	0	0	0	0	0	0	0	0	0	0	0	0	0	0	0	0	0	0	0	0	0	
0	0	0	0	0	0	0	0	0	0	0	0	0	0	0	0	0	0	0	0	0	0	0	0	0	0	0	0	0	0	

1
1
30		30
1
253	583
203	474
488	596
1
245	585
61
253	583
250	575
247	566
242	553
236	540
231	528
226	515
219	502
212	491
208	484
205	478
203	474
206	474
215	474
231	479
256	485
288	491
318	494
350	499
378	500
407	500
431	500
451	500
464	498
473	495
479	490
479	487
480	490
482	499
482	510
483	522
483	535
483	546
483	556
483	565
483	571
485	576
485	580
486	582
487	583
488	584
485	586
480	586
473	587
466	588
459	589
450	590
439	592
426	593
410	596
391	596
369	596
347	596
325	596
305	595
287	592
272	591
261	588
252	586
248	586
245	585



7
3
30	30
0	0	0	0	0	0	0	0	0	0	0	0	0	0	0	0	0	0	0	0	0	0	0	0	0	0	0	0.12941	0.16471	0.1098	
0.15686	0	0	0	0	0	0	0	0	0	0	0	0	0	0	0	0	0	0	0	0	0	0	0	0.18824	0.20784	0.20784	0.078431	0.039216	0.21176	
0.24314	0.031373	0	0	0	0	0	0	0	0	0	0	0	0	0	0	0	0	0	0	0.015686	0.12157	0.20784	0.20784	0.015686	0	0	0	0.047059	0.16078	
0.21176	0.20784	0.0039216	0	0	0	0	0	0	0	0	0	0	0	0	0	0	0.027451	0.20784	0.20784	0.18824	0.082353	0	0	0	0	0	0	0.070588	0.14118	
0.21176	0.011765	0.2	0.20392	0.054902	0	0	0	0	0	0	0	0	0.14118	0.20392	0.20784	0.20784	0.17647	0	0	0	0	0	0	0	0	0	0	0.18824	0.023529	
0.21176	0	0	0	0.14902	0.20784	0.20784	0.20784	0.20784	0.20784	0.20784	0.20784	0.20784	0.062745	0	0	0	0	0	0	0	0	0	0	0	0	0	0	0.21176	0	
0.21176	0	0	0	0	0	0	0	0	0	0	0	0	0	0	0	0	0	0	0	0	0	0	0	0	0	0	0	0.21176	0	
0.21176	0	0	0	0	0	0	0	0	0	0	0	0	0	0	0	0	0	0	0	0	0	0	0	0	0	0	0	0.21176	0	
0.21176	0	0	0	0	0	0	0	0	0	0	0	0	0	0	0	0	0	0	0	0	0	0	0	0	0	0	0	0.21176	0	
0.21176	0	0	0	0	0	0	0	0	0	0	0	0	0	0	0	0	0	0	0	0	0	0	0	0	0	0	0	0.21176	0	
0.21176	0	0	0	0	0	0	0	0	0	0	0	0	0	0	0	0	0	0	0	0	0	0	0	0	0	0	0.047059	0.16078	0	
0.21176	0	0	0	0	0	0	0	0	0	0	0	0	0	0	0	0	0	0	0	0	0	0	0	0	0	0	0.17647	0.031373	0	
0.21176	0	0	0	0	0	0	0	0	0	0	0	0	0	0	0	0	0	0	0	0	0	0	0	0	0	0	0.21176	0	0	
0.21176	0	0	0	0	0	0	0	0	0	0	0	0	0	0	0	0	0	0	0	0	0	0	0	0	0	0	0.21176	0	0	
0.21176	0	0	0	0	0	0	0	0	0	0	0	0	0	0	0	0	0	0	0	0	0	0	0	0	0	0.12549	0.082353	0	0	
0.17255	0.039216	0	0	0	0	0	0	0	0	0	0	0	0	0	0	0	0	0	0	0	0	0	0	0	0	0.21176	0	0	0	
0.098039	0.11373	0	0	0	0	0	0	0	0	0	0	0	0	0	0	0	0	0	0	0	0	0	0	0	0	0.21176	0	0	0	
0	0.21176	0	0	0	0	0	0	0	0	0	0	0	0	0	0	0	0	0	0	0	0	0	0	0	0	0.21176	0	0	0	
0	0.21176	0	0	0	0	0	0	0	0	0	0	0	0	0	0	0	0	0	0	0	0	0	0	0	0	0.21176	0	0	0	
0	0.21176	0	0	0	0	0	0	0	0	0	0	0	0	0	0	0	0	0	0	0	0	0	0.1098	0.17255	0.19608	0.16078	0	0	0	
0	0.21176	0	0	0	0	0	0	0	0	0	0	0	0	0	0	0	0	0	0	0	0.015686	0.18431	0.094118	0.031373	0.0078431	0	0	0	0	
0	0.21176	0	0	0	0	0	0	0	0	0	0	0	0	0	0	0	0	0	0.043137	0.13725	0.18824	0.019608	0	0	0	0	0	0	0	
0	0.22745	0.20784	0.20784	0.20784	0.20784	0.20784	0.20784	0.20784	0.20784	0.20784	0.20784	0.20784	0.20784	0.20784	0.20784	0.20784	0.20784	0.20784	0.16471	0.066667	0	0	0	0	0	0	0	0	0	
0	0.078431	0	0	0	0	0	0	0	0	0	0	0	0	0	0	0	0	0	0	0	0	0	0	0	0	0	0	0	0	
0	0	0	0	0	0	0	0	0	0	0	0	0	0	0	0	0	0	0	0	0	0	0	0	0	0	0	0	0	0	
0	0	0	0	0	0	0	0	0	0	0	0	0	0	0	0	0	0	0	0	0	0	0	0	0	0	0	0	0	0	
0	0	0	0	0	0	0	0	0	0	0	0	0	0	0	0	0	0	0	0	0	0	0	0	0	0	0	0	0	0	
0	0	0	0	0	0	0	0	0	0	0	0	0	0	0	0	0	0	0	0	0	0	0	0	0	0	0	0	0	0	
0	0	0	0	0	0	0	0	0	0	0	0	0	0	0	0	0	0	0	0	0	0	0	0	0	0	0	0	0	0	
0	0	0	0	0	0	0	0	0	0	0	0	0	0	0	0	0	0	0	0	0	0	0	0	0	0	0	0	0	0	

1
1
30		30
1
437	427
435	319
568	427
1
441	423
81
437	427
437	422
437	414
437	405
437	396
435	384
435	372
435	358
435	347
435	336
435	328
435	324
435	322
435	324
436	329
439	333
442	336
446	337
452	340
461	340
471	340
482	340
493	340
504	338
515	335
525	332
536	329
543	326
548	323
551	321
552	321
554	321
555	321
558	321
561	320
564	320
566	320
568	319
568	326
567	335
566	344
565	352
564	359
563	366
561	374
560	380
557	387
557	393
555	398
555	401
555	404
556	405
556	407
554	409
551	410
549	411
544	411
540	412
537	415
533	417
531	418
529	420
527	421
525	421
522	422
520	423
517	423
514	423
510	423
503	423
495	423
487	423
478	423
471	423
463	423
456	423
450	423
445	423
444	423
442	423
441	423



7
3
30	30
0	0	0	0.10588	0.15686	0.15686	0.15686	0.15686	0.15686	0.15686	0.15686	0.15686	0.15686	0.15686	0.15686	0.15686	0.15686	0.15686	0.15686	0.15686	0.15686	0.15686	0.15686	0.15686	0.15686	0.15686	0.15686	0.15686	0.07451	0	
0.047059	0.15686	0.15686	0.047059	0	0	0	0	0	0	0	0	0	0	0	0	0	0	0	0	0	0	0	0	0	0	0	0	0.15686	0	
0.15686	0	0	0	0	0	0	0	0	0	0	0	0	0	0	0	0	0	0	0	0	0	0	0	0	0	0	0	0.15686	0	
0.15686	0	0	0	0	0	0	0	0	0	0	0	0	0	0	0	0	0	0	0	0	0	0	0	0	0	0	0	0.15686	0	
0.15686	0	0	0	0	0	0	0	0	0	0	0	0	0	0	0	0	0	0	0	0	0	0	0	0	0	0	0	0.15686	0	
0.10588	0.05098	0	0	0	0	0	0	0	0	0	0	0	0	0	0	0	0	0	0	0	0	0	0	0	0	0	0	0.15686	0	
0.015686	0.14118	0	0	0	0	0	0	0	0	0	0	0	0	0	0	0	0	0	0	0	0	0	0	0	0	0	0	0.15686	0	
0	0.15686	0	0	0	0	0	0	0	0	0	0	0	0	0	0	0	0	0	0	0	0	0	0	0	0	0	0	0.15686	0	
0	0.15686	0	0	0	0	0	0	0	0	0	0	0	0	0	0	0	0	0	0	0	0	0	0	0	0	0	0	0.15686	0	
0	0.15686	0	0	0	0	0	0	0	0	0	0	0	0	0	0	0	0	0	0	0	0	0	0	0	0	0	0	0.15686	0	
0	0.15686	0	0	0	0	0	0	0	0	0	0	0	0	0	0	0	0	0	0	0	0	0	0	0	0	0	0	0.15686	0	
0	0.15686	0	0	0	0	0	0	0	0	0	0	0	0	0	0	0	0	0	0	0	0	0	0	0	0	0	0	0.15686	0	
0	0.15294	0.0039216	0	0	0	0	0	0	0	0	0	0	0	0	0	0	0	0	0	0	0	0	0	0	0	0	0	0.15686	0	
0	0.039216	0.11373	0	0	0	0	0	0	0	0	0	0	0	0	0	0	0	0	0	0	0	0	0	0	0	0	0	0.15686	0	
0	0	0.15686	0	0	0	0	0	0	0	0	0	0	0	0	0	0	0	0	0	0	0	0	0	0	0	0	0	0.15686	0	
0	0	0.11765	0	0	0	0	0	0	0	0	0	0	0	0	0	0	0	0	0	0	0	0	0	0	0	0	0	0.15686	0	
0	0	0	0	0	0	0	0	0	0	0	0	0	0	0	0	0	0	0	0	0	0	0	0	0	0	0	0	0.15686	0	
0	0	0.098039	0.098039	0.043137	0.043137	0.043137	0.043137	0.043137	0.043137	0.043137	0.043137	0.043137	0.043137	0.043137	0.043137	0.043137	0.043137	0.043137	0.043137	0.043137	0.043137	0.043137	0.039216	0	0	0	0	0.15686	0	
0	0	0	0.054902	0.1098	0.1098	0.1098	0.1098	0.1098	0.1098	0.1098	0.1098	0.1098	0.1098	0.1098	0.1098	0.1098	0.1098	0.1098	0.1098	0.1098	0.1098	0.1098	0.11765	0.15686	0.15686	0.15686	0.15686	0.21176	0.054902	
0	0	0	0	0	0	0	0	0	0	0	0	0	0	0	0	0	0	0	0	0	0	0	0	0	0	0	0	0.039216	0.14118	
0	0	0	0	0	0	0	0	0	0	0	0	0	0	0	0	0	0	0	0	0	0	0	0	0	0	0	0	0	0	
0	0	0	0	0	0	0	0	0	0	0	0	0	0	0	0	0	0	0	0	0	0	0	0	0	0	0	0	0	0	
0	0	0	0	0	0	0	0	0	0	0	0	0	0	0	0	0	0	0	0	0	0	0	0	0	0	0	0	0	0	
0	0	0	0	0	0	0	0	0	0	0	0	0	0	0	0	0	0	0	0	0	0	0	0	0	0	0	0	0	0	
0	0	0	0	0	0	0	0	0	0	0	0	0	0	0	0	0	0	0	0	0	0	0	0	0	0	0	0	0	0	
0	0	0	0	0	0	0	0	0	0	0	0	0	0	0	0	0	0	0	0	0	0	0	0	0	0	0	0	0	0	
0	0	0	0	0	0	0	0	0	0	0	0	0	0	0	0	0	0	0	0	0	0	0	0	0	0	0	0	0	0	
0	0	0	0	0	0	0	0	0	0	0	0	0	0	0	0	0	0	0	0	0	0	0	0	0	0	0	0	0	0	
0	0	0	0	0	0	0	0	0	0	0	0	0	0	0	0	0	0	0	0	0	0	0	0	0	0	0	0	0	0	
0	0	0	0	0	0	0	0	0	0	0	0	0	0	0	0	0	0	0	0	0	0	0	0	0	0	0	0	0	0	

1
1
30		30
1
744	515
732	419
915	539
1
744	528
60
744	515
744	514
743	511
743	504
741	498
740	489
738	478
737	469
737	460
735	451
734	445
734	438
733	434
732	430
732	429
736	426
743	425
750	422
762	420
774	419
786	419
800	419
816	419
831	419
846	419
861	419
873	419
885	419
895	419
902	419
905	419
906	419
907	420
907	422
909	430
909	441
909	453
909	468
909	483
909	498
909	513
909	524
912	531
913	536
915	539
915	538
909	536
900	533
889	533
875	530
859	530
842	530
823	530
804	530
786	530
772	530
760	530
751	530
747	528
744	528



7
3
30	30
0.14118	0.13333	0.12549	0.12549	0.12549	0.12549	0.12549	0.12549	0.12549	0.12549	0.12549	0.12549	0.12549	0.12549	0.12549	0.12549	0.12549	0.12549	0.12549	0.12549	0.12549	0.12549	0.12549	0.12549	0.12549	0.12549	0.12549	0.12549	0.12549	0.047059	
0.14902	0.0078431	0.015686	0.015686	0.015686	0.015686	0.015686	0.015686	0.015686	0.015686	0.015686	0.015686	0.015686	0.015686	0.015686	0.015686	0.015686	0.015686	0.015686	0.015686	0.015686	0.015686	0.015686	0.015686	0.015686	0.015686	0.015686	0.015686	0.015686	0.15294	
0.14902	0	0	0	0	0	0	0	0	0	0	0	0	0	0	0	0	0	0	0	0	0	0	0	0	0	0	0	0.0039216	0.1451	
0.14902	0	0	0	0	0	0	0	0	0	0	0	0	0	0	0	0	0	0	0	0	0	0	0	0	0	0	0	0.12157	0.027451	
0.14902	0	0	0	0	0	0	0	0	0	0	0	0	0	0	0	0	0	0	0	0	0	0	0	0	0	0	0	0.14902	0	
0.13725	0.011765	0	0	0	0	0	0	0	0	0	0	0	0	0	0	0	0	0	0	0	0	0	0	0	0	0	0	0.14902	0	
0.070588	0.078431	0	0	0	0	0	0	0	0	0	0	0	0	0	0	0	0	0	0	0	0	0	0	0	0	0	0	0.14902	0	
0	0.14902	0	0	0	0	0	0	0	0	0	0	0	0	0	0	0	0	0	0	0	0	0	0	0	0	0	0	0.14902	0	
0	0.14902	0	0	0	0	0	0	0	0	0	0	0	0	0	0	0	0	0	0	0	0	0	0	0	0	0	0.015686	0.13333	0	
0	0.14902	0	0	0	0	0	0	0	0	0	0	0	0	0	0	0	0	0	0	0	0	0	0	0	0	0	0.13725	0.011765	0	
0	0.14902	0	0	0	0	0	0	0	0	0	0	0	0	0	0	0	0	0	0	0	0	0	0	0	0	0	0.14902	0	0	
0	0.14902	0	0	0	0	0	0	0	0	0	0	0	0	0	0	0	0	0	0	0	0	0	0	0	0	0	0.14902	0	0	
0	0.14902	0	0	0	0	0	0	0	0	0	0	0	0	0	0	0	0	0	0	0	0	0	0	0	0	0	0.14902	0	0	
0	0.10196	0	0	0	0	0	0	0	0	0	0	0	0	0	0	0	0	0	0	0	0	0	0	0	0	0	0.14902	0	0	
0	0	0	0.098039	0.1451	0.1451	0.1451	0.1451	0.1451	0.1451	0.1451	0.1451	0.1451	0.1451	0.1451	0.1451	0.07451	0.0039216	0	0	0	0	0	0	0	0	0	0.14902	0	0	
0	0	0.078431	0.043137	0	0	0	0	0	0	0	0	0	0	0	0	0.066667	0.13725	0.1451	0.1451	0.1451	0.1451	0.1451	0.1451	0.1451	0.1451	0.1451	0.1451	0	0	
0	0	0	0	0	0	0	0	0	0	0	0	0	0	0	0	0	0	0	0	0	0	0	0	0	0	0	0	0	0	
0	0	0	0	0	0	0	0	0	0	0	0	0	0	0	0	0	0	0	0	0	0	0	0	0	0	0	0	0	0	
0	0	0	0	0	0	0	0	0	0	0	0	0	0	0	0	0	0	0	0	0	0	0	0	0	0	0	0	0	0	
0	0	0	0	0	0	0	0	0	0	0	0	0	0	0	0	0	0	0	0	0	0	0	0	0	0	0	0	0	0	
0	0	0	0	0	0	0	0	0	0	0	0	0	0	0	0	0	0	0	0	0	0	0	0	0	0	0	0	0	0	
0	0	0	0	0	0	0	0	0	0	0	0	0	0	0	0	0	0	0	0	0	0	0	0	0	0	0	0	0	0	
0	0	0	0	0	0	0	0	0	0	0	0	0	0	0	0	0	0	0	0	0	0	0	0	0	0	0	0	0	0	
0	0	0	0	0	0	0	0	0	0	0	0	0	0	0	0	0	0	0	0	0	0	0	0	0	0	0	0	0	0	
0	0	0	0	0	0	0	0	0	0	0	0	0	0	0	0	0	0	0	0	0	0	0	0	0	0	0	0	0	0	
0	0	0	0	0	0	0	0	0	0	0	0	0	0	0	0	0	0	0	0	0	0	0	0	0	0	0	0	0	0	
0	0	0	0	0	0	0	0	0	0	0	0	0	0	0	0	0	0	0	0	0	0	0	0	0	0	0	0	0	0	
0	0	0	0	0	0	0	0	0	0	0	0	0	0	0	0	0	0	0	0	0	0	0	0	0	0	0	0	0	0	
0	0	0	0	0	0	0	0	0	0	0	0	0	0	0	0	0	0	0	0	0	0	0	0	0	0	0	0	0	0	
0	0	0	0	0	0	0	0	0	0	0	0	0	0	0	0	0	0	0	0	0	0	0	0	0	0	0	0	0	0	

1
1
30		30
1
493	657
486	567
676	670
1
499	669
63
493	657
492	655
492	649
492	641
492	631
491	618
489	604
486	591
486	582
486	574
486	570
486	567
489	568
492	570
497	570
503	570
512	570
524	570
540	570
557	570
576	570
595	570
615	570
635	570
651	570
663	570
671	570
674	570
675	570
676	572
674	576
674	583
671	593
671	603
669	615
666	629
665	640
665	650
663	658
663	665
663	668
663	669
663	670
661	670
654	670
648	670
639	670
628	670
618	670
606	669
597	668
585	666
574	665
562	665
551	663
540	663
529	663
520	663
514	663
508	666
504	667
500	669
499	669



7
3
30	30
0	0	0	0	0	0	0	0	0	0	0	0	0	0.19608	0.019608	0	0	0	0	0	0	0	0	0	0	0	0	0	0	0	
0	0	0	0	0	0	0	0	0.1451	0	0	0	0	0.0039216	0.2	0.21961	0.21961	0.21961	0.12157	0	0	0	0	0	0	0	0	0	0	0	
0	0	0	0	0	0	0	0	0.21569	0	0	0	0	0	0	0	0	0	0.094118	0.21961	0.11765	0	0	0	0	0	0	0	0	0	
0	0	0	0	0	0	0	0	0.21569	0	0	0	0	0	0	0	0	0	0	0	0.098039	0.21961	0.15686	0.0078431	0	0	0	0	0	0	
0	0	0	0	0	0	0	0.019608	0.19216	0	0	0	0	0	0	0	0	0	0	0	0	0	0.058824	0.20784	0.20784	0.039216	0	0	0	0	
0	0	0	0	0	0	0	0.16471	0.047059	0	0	0	0	0	0	0	0	0	0	0	0	0	0	0	0.0078431	0.17647	0.21961	0.20392	0.011765	0	
0	0	0	0	0	0	0	0.21569	0	0	0	0	0	0	0	0	0	0	0	0	0	0	0	0	0	0	0	0.086275	0.16471	0	
0	0	0	0	0	0	0	0.21569	0	0	0	0	0	0	0	0	0	0	0	0	0	0	0	0	0	0	0	0.15294	0.062745	0	
0	0	0	0	0	0	0	0.21569	0	0	0	0	0	0	0	0	0	0	0	0	0	0	0	0	0	0	0	0.21569	0	0	
0	0	0	0	0	0	0.0039216	0.20784	0	0	0	0	0	0	0	0	0	0	0	0	0	0	0	0	0	0	0	0.21569	0	0	
0	0	0	0	0	0	0.1451	0.070588	0	0	0	0	0	0	0	0	0	0	0	0	0	0	0	0	0	0	0.16078	0.054902	0	0	
0	0	0	0	0	0	0.21569	0	0	0	0	0	0	0	0	0	0	0	0	0	0	0	0	0	0	0	0.21569	0	0	0	
0	0	0	0	0	0.019608	0.19216	0	0	0	0	0	0	0	0	0	0	0	0	0	0	0	0	0	0	0	0.21569	0	0	0	
0	0	0	0	0	0.1451	0.070588	0	0	0	0	0	0	0	0	0	0	0	0	0	0	0	0	0	0	0	0.21569	0	0	0	
0	0	0	0	0	0.21569	0	0	0	0	0	0	0	0	0	0	0	0	0	0	0	0	0	0	0	0.070588	0.1451	0	0	0	
0	0	0	0	0	0.21569	0	0	0	0	0	0	0	0	0	0	0	0	0	0	0	0	0	0	0	0.21569	0	0	0	0	
0	0	0	0	0.13725	0.078431	0	0	0	0	0	0	0	0	0	0	0	0	0	0	0	0	0	0	0	0.21569	0	0	0	0	
0	0	0	0	0.21569	0	0	0	0	0	0	0	0	0	0	0	0	0	0	0	0	0	0	0	0.015686	0.19608	0	0	0	0	
0	0	0	0.039216	0.17647	0	0	0	0	0	0	0	0	0	0	0	0	0	0	0	0	0	0	0	0.14118	0.070588	0	0	0	0	
0	0	0	0.21569	0	0	0	0	0	0	0	0	0	0	0	0	0	0	0	0	0	0	0	0	0.21569	0	0	0	0	0	
0	0	0	0.21569	0	0	0	0	0	0	0	0	0	0	0	0	0	0	0	0	0	0	0	0	0.21569	0	0	0	0	0	
0	0	0.14118	0.070588	0	0	0	0	0	0	0	0	0	0	0	0	0	0	0	0	0	0	0	0	0.21569	0	0	0	0	0	
0	0	0.21569	0	0	0	0	0	0	0	0	0	0	0	0	0	0	0	0	0	0	0	0	0	0.21569	0	0	0	0	0	
0	0.011765	0.2	0	0	0	0	0	0	0	0	0	0	0	0	0	0	0	0	0	0	0	0	0	0.21176	0	0	0	0	0	
0	0.16863	0.047059	0	0	0	0	0	0	0	0	0	0	0	0	0	0	0	0	0	0	0	0	0.011765	0.2	0	0	0	0	0	
0	0.21569	0	0	0	0	0	0	0	0	0	0	0	0	0	0	0	0	0	0	0	0	0	0.05098	0.16078	0	0	0	0	0	
0.12157	0.090196	0	0	0	0	0	0	0	0	0	0	0	0	0	0	0	0	0	0	0	0	0	0.21569	0	0	0	0	0	0	
0.11765	0.14118	0	0	0	0	0	0	0	0	0	0	0	0	0	0	0	0	0	0	0	0	0	0.21569	0	0	0	0	0	0	
0	0.10588	0.21961	0.21961	0.21961	0.21961	0.13725	0.062745	0	0	0	0	0	0	0	0	0	0	0	0	0	0	0	0.21569	0	0	0	0	0	0	
0	0	0	0	0	0	0.078431	0.15294	0.21961	0.21961	0.21961	0.21961	0.21961	0.21961	0.21961	0.21961	0.21961	0.21961	0.21961	0.21961	0.21961	0.21961	0.21961	0.098039	0	0	0	0	0	0	

1
1
30		30
1
264	285
229	282
355	411
1
286	282
53
264	285
264	290
264	297
261	308
260	320
255	333
251	348
246	360
240	374
237	383
234	391
231	396
230	401
230	402
229	403
233	406
239	408
249	409
261	411
276	411
290	411
303	411
315	411
323	411
329	411
331	411
332	411
333	410
334	405
336	395
337	386
339	376
340	364
343	351
348	338
349	327
352	318
354	312
354	307
355	306
354	306
348	305
342	302
335	299
328	296
321	293
315	290
309	287
301	285
295	284
291	284
288	282
286	282



7
3
30	30
0	0	0	0.17255	0.14902	0.12549	0.019608	0	0	0	0	0	0	0	0	0	0	0	0	0	0	0	0	0	0	0	0	0	0	0	
0	0	0	0.15294	0	0.019608	0.12941	0.14902	0.14902	0.14902	0.14902	0.12941	0.023529	0	0	0	0	0	0	0	0	0	0	0	0	0	0	0	0	0	
0	0	0	0.15294	0	0	0	0	0	0	0	0.019608	0.12157	0.14902	0.14902	0.14902	0.14902	0.14902	0.14902	0.14902	0.14902	0.14902	0.14902	0.14902	0.14902	0.14902	0.14902	0.14902	0.14902	0.1451	
0	0	0	0.15294	0	0	0	0	0	0	0	0	0	0	0	0	0	0	0	0	0	0	0	0	0	0	0	0	0	0.15294	
0	0	0	0.15294	0	0	0	0	0	0	0	0	0	0	0	0	0	0	0	0	0	0	0	0	0	0	0	0	0.027451	0.12549	
0	0	0	0.15294	0	0	0	0	0	0	0	0	0	0	0	0	0	0	0	0	0	0	0	0	0	0	0	0	0.1451	0.0078431	
0	0	0	0.15294	0	0	0	0	0	0	0	0	0	0	0	0	0	0	0	0	0	0	0	0	0	0	0	0	0.15294	0	
0	0	0	0.15294	0	0	0	0	0	0	0	0	0	0	0	0	0	0	0	0	0	0	0	0	0	0	0	0	0.15294	0	
0	0	0	0.15294	0	0	0	0	0	0	0	0	0	0	0	0	0	0	0	0	0	0	0	0	0	0	0	0	0.15294	0	
0	0	0	0.15294	0	0	0	0	0	0	0	0	0	0	0	0	0	0	0	0	0	0	0	0	0	0	0	0	0.15294	0	
0.043137	0.11373	0.11373	0.066667	0	0	0	0	0	0	0	0	0	0	0	0	0	0	0	0	0	0	0	0	0	0	0	0	0.15294	0	
0.035294	0.031373	0.031373	0.10196	0.14902	0.14902	0.14902	0.14118	0.039216	0	0	0	0	0	0	0	0	0	0	0	0	0	0	0	0	0	0	0	0.15294	0	
0	0	0	0	0	0	0	0.0039216	0.1098	0.14902	0.14902	0.14902	0.14902	0.14902	0.14902	0.14902	0.14902	0.14902	0.14902	0.14902	0.14902	0.14902	0.14902	0.14902	0.14902	0.14902	0.14902	0.14902	0.12549	0	
0	0	0	0	0	0	0	0	0	0	0	0	0	0	0	0	0	0	0	0	0	0	0	0	0	0	0	0	0	0	
0	0	0	0	0	0	0	0	0	0	0	0	0	0	0	0	0	0	0	0	0	0	0	0	0	0	0	0	0	0	
0	0	0	0	0	0	0	0	0	0	0	0	0	0	0	0	0	0	0	0	0	0	0	0	0	0	0	0	0	0	
0	0	0	0	0	0	0	0	0	0	0	0	0	0	0	0	0	0	0	0	0	0	0	0	0	0	0	0	0	0	
0	0	0	0	0	0	0	0	0	0	0	0	0	0	0	0	0	0	0	0	0	0	0	0	0	0	0	0	0	0	
0	0	0	0	0	0	0	0	0	0	0	0	0	0	0	0	0	0	0	0	0	0	0	0	0	0	0	0	0	0	
0	0	0	0	0	0	0	0	0	0	0	0	0	0	0	0	0	0	0	0	0	0	0	0	0	0	0	0	0	0	
0	0	0	0	0	0	0	0	0	0	0	0	0	0	0	0	0	0	0	0	0	0	0	0	0	0	0	0	0	0	
0	0	0	0	0	0	0	0	0	0	0	0	0	0	0	0	0	0	0	0	0	0	0	0	0	0	0	0	0	0	
0	0	0	0	0	0	0	0	0	0	0	0	0	0	0	0	0	0	0	0	0	0	0	0	0	0	0	0	0	0	
0	0	0	0	0	0	0	0	0	0	0	0	0	0	0	0	0	0	0	0	0	0	0	0	0	0	0	0	0	0	
0	0	0	0	0	0	0	0	0	0	0	0	0	0	0	0	0	0	0	0	0	0	0	0	0	0	0	0	0	0	
0	0	0	0	0	0	0	0	0	0	0	0	0	0	0	0	0	0	0	0	0	0	0	0	0	0	0	0	0	0	
0	0	0	0	0	0	0	0	0	0	0	0	0	0	0	0	0	0	0	0	0	0	0	0	0	0	0	0	0	0	
0	0	0	0	0	0	0	0	0	0	0	0	0	0	0	0	0	0	0	0	0	0	0	0	0	0	0	0	0	0	
0	0	0	0	0	0	0	0	0	0	0	0	0	0	0	0	0	0	0	0	0	0	0	0	0	0	0	0	0	0	
0	0	0	0	0	0	0	0	0	0	0	0	0	0	0	0	0	0	0	0	0	0	0	0	0	0	0	0	0	0	

1
1
30		30
1
728	246
711	183
897	262
1
711	253
68
728	246
728	244
728	240
728	234
728	227
728	220
728	213
728	205
728	199
728	193
728	190
728	186
728	184
729	183
735	183
744	186
756	189
770	192
784	193
802	196
821	198
839	198
855	198
870	198
882	198
889	197
894	197
896	195
897	196
897	200
896	207
894	213
893	221
893	228
893	233
893	237
893	242
893	245
893	249
893	252
891	255
891	258
891	260
891	261
890	262
886	262
877	262
867	262
852	262
837	262
821	262
805	262
790	262
777	262
764	260
753	258
745	257
738	255
732	254
727	252
724	252
721	252
720	252
717	252
715	252
714	252
712	252
711	253



7
3
30	30
0.023529	0.23137	0.23137	0.23137	0.070588	0.062745	0.039216	0	0	0	0	0	0	0	0	0	0	0	0	0	0	0	0	0	0	0	0	0	0	0	
0.23529	0	0	0	0.16078	0.16863	0.18824	0.23137	0.23137	0.23137	0.23137	0.23137	0.23137	0.23137	0.23137	0.23137	0.23137	0.23137	0.23137	0.23137	0.23137	0.23137	0.23137	0.23137	0.23137	0.23137	0.23137	0.23137	0.16078	0	
0.1098	0.12549	0	0	0	0	0	0	0	0	0	0	0	0	0	0	0	0	0	0	0	0	0	0	0	0	0	0	0.23529	0	
0.031373	0.2	0	0	0	0	0	0	0	0	0	0	0	0	0	0	0	0	0	0	0	0	0	0	0	0	0	0	0.23529	0	
0	0.23529	0	0	0	0	0	0	0	0	0	0	0	0	0	0	0	0	0	0	0	0	0	0	0	0	0	0	0.23529	0	
0	0.23529	0	0	0	0	0	0	0	0	0	0	0	0	0	0	0	0	0	0	0	0	0	0	0	0	0	0	0.23529	0	
0	0.23529	0	0	0	0	0	0	0	0	0	0	0	0	0	0	0	0	0	0	0	0	0	0	0	0	0	0	0.23529	0	
0	0.23529	0	0	0	0	0	0	0	0	0	0	0	0	0	0	0	0	0	0	0	0	0	0	0	0	0	0	0.23529	0	
0	0.23529	0	0	0	0	0	0	0	0	0	0	0	0	0	0	0	0	0	0	0	0	0	0	0	0	0	0	0.23529	0	
0	0.23529	0	0	0	0	0	0	0	0	0	0	0	0	0	0	0	0	0	0	0	0	0	0	0	0	0	0	0.23529	0	
0	0.23529	0	0	0	0	0	0	0	0	0	0	0	0	0	0	0	0	0	0	0	0	0	0	0	0	0	0	0.23529	0	
0	0.23529	0	0	0	0	0	0	0	0	0	0	0	0	0	0	0	0	0	0	0	0	0	0	0	0	0	0	0.23529	0	
0	0.23529	0	0	0	0	0	0	0	0	0	0	0	0	0	0	0	0	0	0	0	0	0	0	0	0	0	0	0.23529	0	
0	0.23529	0	0	0	0	0	0	0	0	0	0	0	0	0	0	0	0	0	0	0	0	0	0	0	0	0	0	0.23529	0	
0	0.23529	0	0	0	0	0	0	0	0	0	0	0	0	0	0	0	0	0	0	0	0	0	0	0	0	0	0	0.22353	0.011765	
0	0.23529	0	0	0	0	0	0	0	0	0	0	0	0	0	0	0	0	0	0	0	0	0	0	0	0	0	0	0.18824	0.047059	
0	0.10588	0.14118	0	0	0	0	0	0.14902	0.0078431	0	0	0	0	0	0	0	0	0	0	0	0	0	0	0	0	0	0	0.066667	0.16863	
0	0	0	0	0	0	0	0	0.054902	0.22353	0.23137	0.23137	0.23137	0.23137	0.23137	0.23137	0.23137	0.23137	0.23137	0.23137	0.23137	0.23137	0.23137	0.23137	0.23137	0.23137	0.23137	0.23137	0.23137	0.023529	
0	0	0	0	0	0	0	0	0	0	0	0	0	0	0	0	0	0	0	0	0	0	0	0	0	0	0	0	0	0	
0	0	0	0	0	0	0	0	0	0	0	0	0	0	0	0	0	0	0	0	0	0	0	0	0	0	0	0	0	0	
0	0	0	0	0	0	0	0	0	0	0	0	0	0	0	0	0	0	0	0	0	0	0	0	0	0	0	0	0	0	
0	0	0	0	0	0	0	0	0	0	0	0	0	0	0	0	0	0	0	0	0	0	0	0	0	0	0	0	0	0	
0	0	0	0	0	0	0	0	0	0	0	0	0	0	0	0	0	0	0	0	0	0	0	0	0	0	0	0	0	0	
0	0	0	0	0	0	0	0	0	0	0	0	0	0	0	0	0	0	0	0	0	0	0	0	0	0	0	0	0	0	
0	0	0	0	0	0	0	0	0	0	0	0	0	0	0	0	0	0	0	0	0	0	0	0	0	0	0	0	0	0	
0	0	0	0	0	0	0	0	0	0	0	0	0	0	0	0	0	0	0	0	0	0	0	0	0	0	0	0	0	0	
0	0	0	0	0	0	0	0	0	0	0	0	0	0	0	0	0	0	0	0	0	0	0	0	0	0	0	0	0	0	
0	0	0	0	0	0	0	0	0	0	0	0	0	0	0	0	0	0	0	0	0	0	0	0	0	0	0	0	0	0	
0	0	0	0	0	0	0	0	0	0	0	0	0	0	0	0	0	0	0	0	0	0	0	0	0	0	0	0	0	0	
0	0	0	0	0	0	0	0	0	0	0	0	0	0	0	0	0	0	0	0	0	0	0	0	0	0	0	0	0	0	

1
1
30		30
1
540	182
533	116
652	186
1
564	185
64
540	182
539	183
538	183
537	180
536	175
536	169
536	162
536	155
536	149
536	143
536	138
536	133
535	129
534	127
534	126
534	123
533	120
533	118
533	117
534	116
539	116
547	117
558	118
570	118
585	118
599	118
612	118
624	118
633	118
639	118
644	118
645	118
647	118
648	119
648	120
649	123
649	126
649	131
649	135
649	141
649	146
649	152
649	157
649	162
649	167
649	173
651	176
651	179
651	182
652	183
652	185
651	186
644	186
634	186
623	186
611	186
600	186
589	186
579	186
573	186
568	186
566	185
565	185
564	185



7
3
30	30
0	0.027451	0.20784	0.17255	0.17255	0.17255	0.15294	0.05098	0	0	0	0	0	0	0	0	0	0	0	0	0	0	0	0	0	0	0	0	0	0	
0	0.054902	0.11765	0	0	0	0.015686	0.11765	0.17255	0.17255	0.17255	0.17255	0.17255	0.17255	0.17255	0.17255	0.17255	0.17255	0.14902	0.090196	0.090196	0.090196	0.090196	0.090196	0.090196	0.090196	0.090196	0.090196	0.090196	0.023529	
0	0.054902	0.11765	0	0	0	0	0	0	0	0	0	0	0	0	0	0	0	0.023529	0.078431	0.078431	0.078431	0.078431	0.078431	0.078431	0.078431	0.078431	0.078431	0.078431	0.18431	
0	0.054902	0.11765	0	0	0	0	0	0	0	0	0	0	0	0	0	0	0	0	0	0	0	0	0	0	0	0	0	0.031373	0.14118	
0	0.054902	0.11765	0	0	0	0	0	0	0	0	0	0	0	0	0	0	0	0	0	0	0	0	0	0	0	0	0	0.17647	0	
0	0.054902	0.11765	0	0	0	0	0	0	0	0	0	0	0	0	0	0	0	0	0	0	0	0	0	0	0	0	0	0.17647	0	
0	0.054902	0.11765	0	0	0	0	0	0	0	0	0	0	0	0	0	0	0	0	0	0	0	0	0	0	0	0	0	0.17647	0	
0	0.054902	0.11765	0	0	0	0	0	0	0	0	0	0	0	0	0	0	0	0	0	0	0	0	0	0	0	0	0	0.17647	0	
0	0.054902	0.11765	0	0	0	0	0	0	0	0	0	0	0	0	0	0	0	0	0	0	0	0	0	0	0	0	0.015686	0.15686	0	
0	0.054902	0.11765	0	0	0	0	0	0	0	0	0	0	0	0	0	0	0	0	0	0	0	0	0	0	0	0	0.14118	0.031373	0	
0	0.054902	0.11765	0	0	0	0	0	0	0	0	0	0	0	0	0	0	0	0	0	0	0	0	0	0	0	0	0.17647	0	0	
0	0.054902	0.11765	0	0	0	0	0	0	0	0	0	0	0	0	0	0	0	0	0	0	0	0	0	0	0	0	0.17647	0	0	
0	0.027451	0.054902	0	0	0	0	0	0	0	0	0	0	0	0	0	0	0	0	0	0	0	0	0	0	0	0	0.17647	0	0	
0.019608	0	0	0	0	0	0	0	0	0	0	0	0	0	0	0	0	0	0	0	0	0	0	0	0	0	0	0.17647	0	0	
0.058824	0.17255	0.17255	0.17255	0.17255	0.17255	0.17255	0.17255	0.17255	0.17255	0.17255	0.17255	0.17255	0.17255	0.17255	0.17255	0.17255	0.17255	0.17255	0.17255	0.17255	0.17255	0.17255	0.17255	0.17255	0.17255	0.078431	0.17647	0	0	
0	0	0	0	0	0	0	0	0	0	0	0	0	0	0	0	0	0	0	0	0	0	0	0	0	0	0.090196	0.29804	0	0	
0	0	0	0	0	0	0	0	0	0	0	0	0	0	0	0	0	0	0	0	0	0	0	0	0	0	0	0.082353	0	0	
0	0	0	0	0	0	0	0	0	0	0	0	0	0	0	0	0	0	0	0	0	0	0	0	0	0	0	0	0	0	
0	0	0	0	0	0	0	0	0	0	0	0	0	0	0	0	0	0	0	0	0	0	0	0	0	0	0	0	0	0	
0	0	0	0	0	0	0	0	0	0	0	0	0	0	0	0	0	0	0	0	0	0	0	0	0	0	0	0	0	0	
0	0	0	0	0	0	0	0	0	0	0	0	0	0	0	0	0	0	0	0	0	0	0	0	0	0	0	0	0	0	
0	0	0	0	0	0	0	0	0	0	0	0	0	0	0	0	0	0	0	0	0	0	0	0	0	0	0	0	0	0	
0	0	0	0	0	0	0	0	0	0	0	0	0	0	0	0	0	0	0	0	0	0	0	0	0	0	0	0	0	0	
0	0	0	0	0	0	0	0	0	0	0	0	0	0	0	0	0	0	0	0	0	0	0	0	0	0	0	0	0	0	
0	0	0	0	0	0	0	0	0	0	0	0	0	0	0	0	0	0	0	0	0	0	0	0	0	0	0	0	0	0	
0	0	0	0	0	0	0	0	0	0	0	0	0	0	0	0	0	0	0	0	0	0	0	0	0	0	0	0	0	0	
0	0	0	0	0	0	0	0	0	0	0	0	0	0	0	0	0	0	0	0	0	0	0	0	0	0	0	0	0	0	
0	0	0	0	0	0	0	0	0	0	0	0	0	0	0	0	0	0	0	0	0	0	0	0	0	0	0	0	0	0	
0	0	0	0	0	0	0	0	0	0	0	0	0	0	0	0	0	0	0	0	0	0	0	0	0	0	0	0	0	0	
0	0	0	0	0	0	0	0	0	0	0	0	0	0	0	0	0	0	0	0	0	0	0	0	0	0	0	0	0	0	

1
1
30		30
1
346	189
338	121
501	212
1
338	198
62
346	189
346	186
346	178
346	172
346	165
346	157
346	150
346	142
346	136
346	132
346	127
346	124
346	123
346	121
351	121
360	122
372	123
387	126
405	127
423	127
441	129
460	129
477	129
489	129
497	129
500	129
501	132
500	137
498	144
498	152
495	161
494	168
492	177
492	185
491	192
491	197
491	201
491	204
491	206
491	207
491	209
492	210
492	212
492	211
492	210
490	207
484	204
478	203
469	201
458	200
445	200
431	200
416	200
402	200
388	200
375	200
364	200
355	200
349	200
343	200
340	200
338	198



7
3
30	30
0.047059	0.21961	0.14118	0.015686	0	0	0	0	0	0	0	0	0	0	0	0	0	0	0	0	0	0	0	0	0	0	0	0	0	0	
0.094118	0.12941	0.07451	0.2	0.21961	0.21961	0.21961	0.21961	0.21961	0.054902	0.015686	0	0	0	0	0	0	0	0	0	0	0	0	0	0	0	0	0	0.011765	0	
0	0.22353	0	0	0	0	0	0	0	0.16078	0.2	0.21961	0.21961	0.21961	0.21961	0.21961	0.21961	0.21961	0.21961	0.21961	0.21961	0.21961	0.21961	0.21961	0.21961	0.21961	0.21961	0.21961	0.34118	0.011765	
0	0.22353	0	0	0	0	0	0	0	0	0	0	0	0	0	0	0	0	0	0	0	0	0	0	0	0	0	0	0.11765	0.10196	
0	0.20784	0.011765	0	0	0	0	0	0	0	0	0	0	0	0	0	0	0	0	0	0	0	0	0	0	0	0	0	0.11765	0.10196	
0	0.20784	0.011765	0	0	0	0	0	0	0	0	0	0	0	0	0	0	0	0	0	0	0	0	0	0	0	0	0	0.11765	0.10196	
0	0.20784	0.011765	0	0	0	0	0	0	0	0	0	0	0	0	0	0	0	0	0	0	0	0	0	0	0	0	0	0.11765	0.10196	
0	0.20784	0.011765	0	0	0	0	0	0	0	0	0	0	0	0	0	0	0	0	0	0	0	0	0	0	0	0	0	0.11765	0.10196	
0	0.027451	0.19608	0	0	0	0	0	0	0	0	0	0	0	0	0	0	0	0	0	0	0	0	0	0	0	0	0	0.11765	0.10196	
0	0	0.22353	0	0	0	0	0	0	0	0	0	0	0	0	0	0	0	0	0	0	0	0	0	0	0	0	0	0.11765	0.10196	
0	0	0.22353	0	0	0	0	0	0	0	0	0	0	0	0	0	0	0	0	0	0	0	0	0	0	0	0	0	0.11765	0.10196	
0	0	0.22353	0	0	0	0	0	0	0	0	0	0	0	0	0	0	0	0	0	0	0	0	0	0	0	0	0	0.11765	0.10196	
0	0	0.15686	0.062745	0	0	0	0	0	0	0	0	0	0	0	0	0	0	0	0	0	0	0	0	0	0	0	0	0.11765	0.10196	
0	0	0.086275	0.13333	0	0	0	0	0	0	0	0	0	0	0	0	0	0	0	0	0	0	0	0	0	0	0	0	0.11765	0.10196	
0	0	0.062745	0.15686	0	0	0	0	0	0	0	0	0	0	0	0	0	0	0	0	0	0	0	0	0	0	0	0	0.11765	0.10196	
0	0	0	0.22353	0	0	0	0	0	0	0	0	0	0	0	0	0	0	0	0	0	0	0	0	0	0	0	0	0.11765	0.10196	
0	0	0	0.22353	0	0	0	0	0	0	0	0	0	0	0	0	0	0	0	0	0	0	0	0	0	0	0	0	0.11765	0.10196	
0	0	0	0.29804	0.20392	0.19608	0.19608	0.19608	0.19608	0.19608	0.19608	0.19608	0.19608	0.19608	0.19608	0.19608	0.19608	0.19608	0.023529	0	0	0	0	0	0	0	0	0	0.11765	0.10196	
0	0	0	0.2	0.05098	0.019608	0.019608	0.019608	0.019608	0.019608	0.019608	0.019608	0.019608	0.019608	0.019608	0.019608	0.019608	0.019608	0.19216	0.21961	0.21961	0.21961	0.21961	0.21961	0.21961	0.21961	0.21961	0.16078	0.20392	0.12549	
0	0	0	0.062745	0.0078431	0	0	0	0	0	0	0	0	0	0	0	0	0	0	0	0	0	0	0	0	0	0	0.054902	0.11765	0.039216	
0	0	0	0	0	0	0	0	0	0	0	0	0	0	0	0	0	0	0	0	0	0	0	0	0	0	0	0	0	0	
0	0	0	0	0	0	0	0	0	0	0	0	0	0	0	0	0	0	0	0	0	0	0	0	0	0	0	0	0	0	
0	0	0	0	0	0	0	0	0	0	0	0	0	0	0	0	0	0	0	0	0	0	0	0	0	0	0	0	0	0	
0	0	0	0	0	0	0	0	0	0	0	0	0	0	0	0	0	0	0	0	0	0	0	0	0	0	0	0	0	0	
0	0	0	0	0	0	0	0	0	0	0	0	0	0	0	0	0	0	0	0	0	0	0	0	0	0	0	0	0	0	
0	0	0	0	0	0	0	0	0	0	0	0	0	0	0	0	0	0	0	0	0	0	0	0	0	0	0	0	0	0	
0	0	0	0	0	0	0	0	0	0	0	0	0	0	0	0	0	0	0	0	0	0	0	0	0	0	0	0	0	0	
0	0	0	0	0	0	0	0	0	0	0	0	0	0	0	0	0	0	0	0	0	0	0	0	0	0	0	0	0	0	
0	0	0	0	0	0	0	0	0	0	0	0	0	0	0	0	0	0	0	0	0	0	0	0	0	0	0	0	0	0	
0	0	0	0	0	0	0	0	0	0	0	0	0	0	0	0	0	0	0	0	0	0	0	0	0	0	0	0	0	0	

1
1
30		30
1
770	368
756	284
883	368
1
768	362
55
770	368
770	366
770	361
768	355
767	348
766	338
764	327
762	318
761	309
761	300
759	294
758	288
756	285
757	284
763	285
774	288
787	289
801	291
815	292
828	292
843	292
854	292
865	292
873	292
878	291
881	290
882	294
882	302
882	310
882	318
882	326
882	334
882	341
882	347
882	353
882	359
882	363
882	365
882	366
883	367
880	367
876	367
870	366
862	366
853	365
843	363
834	363
822	362
811	362
801	362
791	362
783	362
775	362
771	362
768	362



7
3
30	30
0	0.11373	0.22745	0.22745	0.22745	0.22745	0.22745	0.22745	0.22745	0.22745	0.22745	0.22745	0.22745	0.22745	0.22745	0.22745	0.22745	0.22745	0.22745	0.22745	0.22745	0.22745	0.22745	0.22745	0.22745	0.22745	0.22745	0.22745	0.039216	0	
0	0.22353	0	0	0	0	0	0	0	0	0	0	0	0	0	0	0	0	0	0	0	0	0	0	0	0	0	0	0.22353	0	
0	0.22353	0	0	0	0	0	0	0	0	0	0	0	0	0	0	0	0	0	0	0	0	0	0	0	0	0	0	0.22353	0	
0.098039	0.12157	0	0	0	0	0	0	0	0	0	0	0	0	0	0	0	0	0	0	0	0	0	0	0	0	0	0.094118	0.12549	0	
0.17647	0.047059	0	0	0	0	0	0	0	0	0	0	0	0	0	0	0	0	0	0	0	0	0	0	0	0	0	0.12157	0.098039	0	
0.22353	0	0	0	0	0	0	0	0	0	0	0	0	0	0	0	0	0	0	0	0	0	0	0	0	0	0	0.21569	0.0039216	0	
0.22353	0	0	0	0	0	0	0	0	0	0	0	0	0	0	0	0	0	0	0	0	0	0	0	0	0	0	0.22353	0	0	
0.22353	0	0	0	0	0	0	0	0	0	0	0	0	0	0	0	0	0	0	0	0	0	0	0	0	0	0	0.22353	0	0	
0.22353	0	0	0	0	0	0	0	0	0	0	0	0	0	0	0	0	0	0	0	0	0	0	0	0	0	0	0.22353	0	0	
0.22353	0	0	0	0	0	0	0	0	0	0	0	0	0	0	0	0	0	0	0	0	0	0	0	0	0	0.011765	0.21176	0	0	
0.22353	0	0	0	0	0	0	0	0	0	0	0	0	0	0	0	0	0	0	0	0	0	0	0	0	0	0.098039	0.12157	0	0	
0.22353	0	0	0	0	0	0	0	0	0	0	0	0	0	0	0	0	0	0	0	0	0	0	0	0	0	0.22353	0	0	0	
0.22353	0	0	0	0	0	0	0	0	0	0	0	0	0	0	0	0	0	0	0	0	0	0	0	0	0	0.22353	0	0	0	
0.22353	0	0	0	0	0	0	0	0	0	0	0	0	0	0	0	0	0	0	0	0	0	0	0	0	0	0.22353	0	0	0	
0.22353	0	0	0	0	0	0	0	0	0	0	0	0	0	0	0	0	0	0	0	0	0	0	0	0	0	0.22353	0	0	0	
0.22353	0	0	0	0	0	0	0	0	0	0	0	0	0	0	0	0	0	0	0	0	0	0	0	0	0	0.22353	0	0	0	
0.22353	0	0	0	0	0	0	0	0	0	0	0	0	0	0	0	0	0	0	0	0	0	0	0	0	0.019608	0.2	0	0	0	
0.22353	0	0	0	0	0	0	0	0	0	0	0	0	0	0	0	0	0	0	0	0	0	0	0	0	0.1451	0.07451	0	0	0	
0.22353	0	0	0	0	0	0	0	0	0	0	0	0	0	0	0	0	0	0	0	0	0	0	0	0	0.1451	0.07451	0	0	0	
0.22353	0	0	0	0	0	0	0	0	0	0	0	0	0	0	0	0	0	0	0	0	0	0	0	0	0.17647	0.047059	0	0	0	
0.22353	0	0	0	0	0	0	0	0	0	0	0	0	0	0	0	0	0	0	0	0	0	0	0	0	0.22353	0	0	0	0	
0.22353	0	0	0	0	0	0	0	0	0	0	0	0	0	0	0	0	0	0	0	0	0	0	0	0	0.22353	0	0	0	0	
0.20392	0.015686	0	0	0	0	0	0	0	0	0	0	0	0	0	0	0	0	0	0	0	0	0	0	0	0.22353	0	0	0	0	
0.027451	0.23922	0.10588	0	0	0	0	0	0	0	0	0	0	0	0	0	0	0	0	0	0	0	0	0	0	0.22353	0	0	0	0	
0	0	0.12157	0.22745	0.22745	0.13725	0.07451	0.047059	0	0	0	0	0	0	0	0	0	0	0	0	0	0	0	0	0	0.22353	0	0	0	0	
0	0	0	0	0	0.090196	0.15294	0.18039	0.22745	0.22745	0.22745	0.22745	0.22745	0.22745	0.22745	0.22745	0.22745	0.22745	0.22745	0.22745	0.22745	0.22745	0.22745	0.22745	0.22745	0.26275	0	0	0	0	
0	0	0	0	0	0	0	0	0	0	0	0	0	0	0	0	0	0	0	0	0	0	0	0	0	0.22353	0	0	0	0	
0	0	0	0	0	0	0	0	0	0	0	0	0	0	0	0	0	0	0	0	0	0	0	0	0	0.22353	0	0	0	0	
0	0	0	0	0	0	0	0	0	0	0	0	0	0	0	0	0	0	0	0	0	0	0	0	0.015686	0.20392	0	0	0	0	
0	0	0	0	0	0	0	0	0	0	0	0	0	0	0	0	0	0	0	0	0	0	0	0	0.011765	0.05098	0	0	0	0	

1
1
30		30
1
641	483
533	360
655	483
1
642	468
57
641	483
642	480
642	477
642	472
642	466
642	458
643	450
645	441
646	429
648	420
649	408
651	397
652	387
654	378
655	370
655	364
655	363
655	361
645	360
634	360
621	360
606	360
591	360
577	360
563	360
551	360
543	360
538	360
537	360
536	363
534	375
533	386
533	399
533	411
533	421
533	431
533	437
533	444
533	449
533	452
533	453
533	455
534	456
536	459
541	461
546	463
554	465
564	466
575	468
588	468
599	468
612	468
622	468
632	468
638	468
641	468
642	468



7
3
30	30
0	0	0.086275	0.015686	0	0	0	0	0	0	0	0	0	0	0	0	0	0	0	0	0	0	0	0	0	0.047059	0.16078	0.1451	0	0	
0	0	0.15294	0.18039	0.16078	0.16078	0.16078	0.16078	0.16078	0.16078	0.16078	0.16078	0.16078	0.16078	0.16078	0.16078	0.16078	0.16078	0.16078	0.16078	0.16078	0.16078	0.16078	0.16078	0.16078	0.1098	0	0.035294	0.12549	0	
0	0	0	0.16078	0	0	0	0	0	0	0	0	0	0	0	0	0	0	0	0	0	0	0	0	0	0	0	0	0.11373	0.043137	
0	0	0	0.16078	0	0	0	0	0	0	0	0	0	0	0	0	0	0	0	0	0	0	0	0	0	0	0	0	0	0.16078	
0	0	0	0.16078	0	0	0	0	0	0	0	0	0	0	0	0	0	0	0	0	0	0	0	0	0	0	0	0	0	0.16078	
0	0	0	0.16078	0	0	0	0	0	0	0	0	0	0	0	0	0	0	0	0	0	0	0	0	0	0	0	0	0	0.16078	
0	0	0	0.16078	0	0	0	0	0	0	0	0	0	0	0	0	0	0	0	0	0	0	0	0	0	0	0	0	0	0.16078	
0	0	0	0.16078	0	0	0	0	0	0	0	0	0	0	0	0	0	0	0	0	0	0	0	0	0	0	0	0	0	0.16078	
0	0	0	0.16078	0	0	0	0	0	0	0	0	0	0	0	0	0	0	0	0	0	0	0	0	0	0	0	0	0	0.16078	
0	0	0	0.16078	0	0	0	0	0	0	0	0	0	0	0	0	0	0	0	0	0	0	0	0	0	0	0	0	0	0.16078	
0	0	0	0.16078	0	0	0	0	0	0	0	0	0	0	0	0	0	0	0	0	0	0	0	0	0	0	0	0	0	0.16078	
0	0	0	0.16078	0	0	0	0	0	0	0	0	0	0	0	0	0	0	0	0	0	0	0	0	0	0	0	0	0	0.16078	
0	0	0	0.16078	0	0	0	0	0	0	0	0	0	0	0	0	0	0	0	0	0	0	0	0	0	0	0	0	0	0.16078	
0	0	0	0.16078	0	0	0	0	0	0	0	0	0	0	0	0	0	0	0	0	0	0	0	0	0	0	0	0	0	0.16078	
0	0	0	0.16078	0	0	0	0	0	0	0	0	0	0	0	0	0	0	0	0	0	0	0	0	0	0	0	0	0.12549	0.031373	
0.082353	0.16078	0.16078	0.29804	0.16078	0.082353	0.031373	0	0	0	0	0	0	0	0	0	0	0	0	0	0	0	0	0	0	0	0	0	0.16078	0	
0	0	0	0.1451	0	0.07451	0.12549	0.16078	0.16078	0.16078	0.16078	0.16078	0.16078	0.10196	0.015686	0	0	0	0	0	0	0	0	0	0	0	0	0	0.16078	0	
0	0	0	0	0	0	0	0	0	0	0	0	0	0.054902	0.1451	0.16078	0.16078	0.16078	0.16078	0.15686	0.098039	0	0	0	0	0	0	0	0.16078	0	
0	0	0	0	0	0	0	0	0	0	0	0	0	0	0	0	0	0	0	0.0039216	0.062745	0.16078	0.16078	0.16078	0.16078	0.15686	0.13725	0.098039	0.16078	0	
0	0	0	0	0	0	0	0	0	0	0	0	0	0	0	0	0	0	0	0	0	0	0	0	0	0	0.023529	0.062745	0.11373	0	
0	0	0	0	0	0	0	0	0	0	0	0	0	0	0	0	0	0	0	0	0	0	0	0	0	0	0	0	0	0	
0	0	0	0	0	0	0	0	0	0	0	0	0	0	0	0	0	0	0	0	0	0	0	0	0	0	0	0	0	0	
0	0	0	0	0	0	0	0	0	0	0	0	0	0	0	0	0	0	0	0	0	0	0	0	0	0	0	0	0	0	
0	0	0	0	0	0	0	0	0	0	0	0	0	0	0	0	0	0	0	0	0	0	0	0	0	0	0	0	0	0	
0	0	0	0	0	0	0	0	0	0	0	0	0	0	0	0	0	0	0	0	0	0	0	0	0	0	0	0	0	0	
0	0	0	0	0	0	0	0	0	0	0	0	0	0	0	0	0	0	0	0	0	0	0	0	0	0	0	0	0	0	
0	0	0	0	0	0	0	0	0	0	0	0	0	0	0	0	0	0	0	0	0	0	0	0	0	0	0	0	0	0	
0	0	0	0	0	0	0	0	0	0	0	0	0	0	0	0	0	0	0	0	0	0	0	0	0	0	0	0	0	0	
0	0	0	0	0	0	0	0	0	0	0	0	0	0	0	0	0	0	0	0	0	0	0	0	0	0	0	0	0	0	
0	0	0	0	0	0	0	0	0	0	0	0	0	0	0	0	0	0	0	0	0	0	0	0	0	0	0	0	0	0	

1
1
30		30
1
327	518
307	418
484	534
1
307	510
65
327	518
327	517
324	510
323	501
323	492
323	480
323	468
323	456
323	445
323	435
323	427
320	421
320	418
320	419
321	421
327	422
334	424
345	424
359	424
374	424
390	424
405	424
422	424
435	424
447	423
458	422
465	420
470	420
471	420
473	420
475	421
476	423
477	424
478	426
480	428
481	430
483	433
484	438
484	447
484	457
484	470
484	483
484	495
480	507
479	516
477	524
477	528
477	531
477	533
477	534
476	533
472	531
463	531
452	530
437	527
421	524
403	522
385	519
368	516
352	515
336	513
323	510
313	510
309	510
307	510



7
3
30	30
0.1098	0.16471	0.16078	0.0039216	0	0	0	0	0	0	0	0	0	0	0	0	0	0	0	0	0	0	0	0	0	0	0	0	0	0	
0.16078	0.0039216	0	0.16078	0.16471	0.16471	0.16471	0.16471	0.16471	0.16078	0.14902	0.14902	0.14902	0.019608	0	0	0	0	0	0	0	0	0	0	0	0	0	0	0	0	
0.15686	0.0078431	0	0	0	0	0	0	0	0.0039216	0.011765	0.011765	0.011765	0.1451	0.16471	0.16471	0.16471	0.16471	0.16471	0.16471	0.16471	0.16471	0.16471	0.16471	0.16471	0.16471	0.16471	0.16471	0.18824	0	
0.13333	0.031373	0	0	0	0	0	0	0	0	0	0	0	0	0	0	0	0	0	0	0	0	0	0	0	0	0	0	0.16471	0	
0	0.16471	0	0	0	0	0	0	0	0	0	0	0	0	0	0	0	0	0	0	0	0	0	0	0	0	0	0	0.16471	0	
0	0.16471	0	0	0	0	0	0	0	0	0	0	0	0	0	0	0	0	0	0	0	0	0	0	0	0	0	0	0.16471	0	
0	0.16471	0	0	0	0	0	0	0	0	0	0	0	0	0	0	0	0	0	0	0	0	0	0	0	0	0	0	0.16471	0	
0	0.16471	0	0	0	0	0	0	0	0	0	0	0	0	0	0	0	0	0	0	0	0	0	0	0	0	0	0	0.16471	0	
0	0.16471	0	0	0	0	0	0	0	0	0	0	0	0	0	0	0	0	0	0	0	0	0	0	0	0	0	0	0.16471	0	
0	0.1098	0.054902	0	0	0	0	0	0	0	0	0	0	0	0	0	0	0	0	0	0	0	0	0	0	0	0	0	0.16471	0	
0	0	0.16471	0	0	0	0	0	0	0	0	0	0	0	0	0	0	0	0	0	0	0	0	0	0	0	0	0	0.16471	0	
0	0	0.16471	0	0	0	0	0	0	0	0	0	0	0	0	0	0	0	0	0	0	0	0	0	0	0	0	0	0.16471	0	
0	0	0.16471	0	0	0	0	0	0	0	0	0	0	0	0	0	0	0	0	0	0	0	0	0	0	0	0	0	0.16471	0	
0	0	0.16471	0	0	0	0	0	0	0	0	0	0	0	0	0	0	0	0	0	0	0	0	0	0	0	0	0	0.16471	0	
0	0	0.15294	0.011765	0	0	0	0	0	0	0	0	0	0	0	0	0	0	0	0	0	0	0	0	0	0	0	0	0.16471	0	
0	0	0.13333	0.031373	0	0	0	0	0	0	0	0	0	0	0	0	0	0	0	0	0	0	0	0	0	0	0	0	0.16471	0	
0	0	0.035294	0.12941	0	0	0	0	0	0	0	0	0	0	0	0	0	0	0	0	0	0	0	0	0	0	0	0	0.16471	0	
0	0	0	0.16471	0	0	0	0	0	0	0	0	0	0	0	0	0	0	0	0	0	0	0	0	0	0	0	0	0.082353	0.082353	
0	0	0	0.16471	0	0	0	0	0	0	0	0	0	0	0	0	0	0	0	0	0	0	0	0	0	0	0	0	0.0078431	0.15686	
0	0	0	0	0	0	0	0	0	0	0	0	0	0	0	0	0	0	0	0	0	0	0	0	0	0	0	0	0	0.16471	
0	0	0	0	0	0.015686	0.16471	0.16471	0.16471	0.023529	0.0039216	0.0039216	0.0039216	0	0	0	0	0	0	0	0	0	0	0	0	0	0	0	0.031373	0.19216	
0	0	0	0	0	0	0	0	0	0.14118	0.15686	0.15686	0.16078	0.16471	0.16471	0.16471	0.16471	0.16471	0.16471	0.16471	0.16471	0.16471	0.16471	0.16471	0.16471	0.16471	0.16471	0.16471	0.12941	0	
0	0	0	0	0	0	0	0	0	0	0	0	0	0	0	0	0	0	0	0	0	0	0	0	0	0	0	0	0	0	
0	0	0	0	0	0	0	0	0	0	0	0	0	0	0	0	0	0	0	0	0	0	0	0	0	0	0	0	0	0	
0	0	0	0	0	0	0	0	0	0	0	0	0	0	0	0	0	0	0	0	0	0	0	0	0	0	0	0	0	0	
0	0	0	0	0	0	0	0	0	0	0	0	0	0	0	0	0	0	0	0	0	0	0	0	0	0	0	0	0	0	
0	0	0	0	0	0	0	0	0	0	0	0	0	0	0	0	0	0	0	0	0	0	0	0	0	0	0	0	0	0	
0	0	0	0	0	0	0	0	0	0	0	0	0	0	0	0	0	0	0	0	0	0	0	0	0	0	0	0	0	0	
0	0	0	0	0	0	0	0	0	0	0	0	0	0	0	0	0	0	0	0	0	0	0	0	0	0	0	0	0	0	
0	0	0	0	0	0	0	0	0	0	0	0	0	0	0	0	0	0	0	0	0	0	0	0	0	0	0	0	0	0	

1
1
30		30
1
550	322
531	213
702	337
1
563	331
61
550	322
548	315
546	307
545	297
543	288
543	276
539	265
537	253
536	243
534	233
533	225
533	219
532	215
531	214
536	213
549	217
564	219
585	221
606	222
625	222
643	222
659	222
674	222
684	222
690	222
695	222
696	223
696	228
696	237
696	247
696	260
696	273
697	287
697	297
699	306
700	314
700	320
702	325
702	327
702	330
702	332
701	334
700	334
698	335
694	336
690	336
685	337
679	337
672	337
664	337
654	337
643	337
631	337
618	336
604	336
592	335
582	335
573	333
568	333
565	332
563	331



7
3
30	30
0	0.16863	0.12549	0.054902	0	0	0	0	0	0	0	0	0	0	0	0	0	0	0	0	0	0	0	0	0	0	0	0	0	0	
0	0.12549	0	0.066667	0.12549	0.12549	0.12549	0.12549	0.12157	0.07451	0	0	0	0	0	0	0	0	0	0	0	0	0	0	0	0	0	0	0	0	
0	0.12549	0	0	0	0	0	0	0	0.047059	0.12549	0.12549	0.12549	0.12549	0.12549	0.12549	0.12549	0.12549	0.12549	0.12549	0.12549	0.12549	0.12549	0.12549	0.12549	0.12549	0.12549	0.12549	0.12549	0.13725	
0	0.12549	0	0	0	0	0	0	0	0	0	0	0	0	0	0	0	0	0	0	0	0	0	0	0	0	0	0	0	0.12549	
0	0.12549	0	0	0	0	0	0	0	0	0	0	0	0	0	0	0	0	0	0	0	0	0	0	0	0	0	0	0	0.12549	
0	0.12549	0	0	0	0	0	0	0	0	0	0	0	0	0	0	0	0	0	0	0	0	0	0	0	0	0	0	0	0.12549	
0.027451	0.098039	0	0	0	0	0	0	0	0	0	0	0	0	0	0	0	0	0	0	0	0	0	0	0	0	0	0	0	0.12549	
0.11373	0.011765	0	0	0	0	0	0	0	0	0	0	0	0	0	0	0	0	0	0	0	0	0	0	0	0	0	0	0	0.12549	
0.12549	0	0	0	0	0	0	0	0	0	0	0	0	0	0	0	0	0	0	0	0	0	0	0	0	0	0	0	0	0.12549	
0.12549	0	0	0	0	0	0	0	0	0	0	0	0	0	0	0	0	0	0	0	0	0	0	0	0	0	0	0	0	0.12549	
0.12549	0	0	0	0	0	0	0	0	0	0	0	0	0	0	0	0	0	0	0	0	0	0	0	0	0	0	0	0.027451	0.098039	
0.12549	0	0	0	0	0	0	0	0	0	0	0	0	0	0	0	0	0	0	0	0	0	0	0	0	0	0	0	0.031373	0.094118	
0.12549	0	0	0	0	0	0	0	0	0	0	0	0	0	0	0	0	0	0	0	0	0	0	0	0	0	0	0	0.031373	0.094118	
0.12549	0	0	0	0	0	0	0	0	0	0	0	0	0	0	0	0	0	0	0	0	0	0	0	0	0	0	0	0.031373	0.094118	
0.12549	0	0.082353	0.12549	0.12549	0.12549	0.12157	0.0039216	0	0	0	0	0	0	0	0	0	0	0	0	0	0	0	0	0	0	0	0	0.031373	0.094118	
0.043137	0	0	0	0	0	0	0.11765	0.12549	0.090196	0	0	0	0	0	0	0	0	0	0	0	0	0	0	0	0	0	0	0	0.12549	
0	0	0	0	0	0	0	0	0	0.031373	0.12157	0.12549	0.12549	0.07451	0	0	0	0	0	0	0	0	0	0	0	0	0	0	0	0.12549	
0	0	0	0	0	0	0	0	0	0	0	0	0	0.047059	0.12157	0.12549	0.12549	0.12549	0.12549	0.12549	0.12549	0.12549	0.12549	0.12549	0.12549	0.12549	0.12549	0.12549	0.12549	0.07451	
0	0	0	0	0	0	0	0	0	0	0	0	0	0	0	0	0	0	0	0	0	0	0	0	0	0	0	0	0	0	
0	0	0	0	0	0	0	0	0	0	0	0	0	0	0	0	0	0	0	0	0	0	0	0	0	0	0	0	0	0	
0	0	0	0	0	0	0	0	0	0	0	0	0	0	0	0	0	0	0	0	0	0	0	0	0	0	0	0	0	0	
0	0	0	0	0	0	0	0	0	0	0	0	0	0	0	0	0	0	0	0	0	0	0	0	0	0	0	0	0	0	
0	0	0	0	0	0	0	0	0	0	0	0	0	0	0	0	0	0	0	0	0	0	0	0	0	0	0	0	0	0	
0	0	0	0	0	0	0	0	0	0	0	0	0	0	0	0	0	0	0	0	0	0	0	0	0	0	0	0	0	0	
0	0	0	0	0	0	0	0	0	0	0	0	0	0	0	0	0	0	0	0	0	0	0	0	0	0	0	0	0	0	
0	0	0	0	0	0	0	0	0	0	0	0	0	0	0	0	0	0	0	0	0	0	0	0	0	0	0	0	0	0	
0	0	0	0	0	0	0	0	0	0	0	0	0	0	0	0	0	0	0	0	0	0	0	0	0	0	0	0	0	0	
0	0	0	0	0	0	0	0	0	0	0	0	0	0	0	0	0	0	0	0	0	0	0	0	0	0	0	0	0	0	
0	0	0	0	0	0	0	0	0	0	0	0	0	0	0	0	0	0	0	0	0	0	0	0	0	0	0	0	0	0	
0	0	0	0	0	0	0	0	0	0	0	0	0	0	0	0	0	0	0	0	0	0	0	0	0	0	0	0	0	0	

1
1
30		30
1
273	640
273	522
498	658
1
288	637
77
273	640
273	639
273	634
273	627
273	618
273	609
274	598
276	588
277	577
279	565
279	554
279	544
279	537
279	530
279	526
279	523
279	522
285	523
293	526
305	529
318	532
338	534
360	537
383	537
406	537
430	537
451	537
468	537
482	537
492	537
497	537
498	538
498	543
498	551
498	560
498	570
498	579
497	588
495	599
494	608
494	615
494	623
494	629
494	633
494	636
494	638
495	639
495	641
495	645
495	650
495	654
495	657
493	658
489	658
481	658
471	658
457	658
444	658
429	658
414	658
399	658
385	656
370	653
358	650
349	647
340	645
333	642
324	638
317	636
312	636
304	636
300	636
295	636
292	636
291	636
289	636
288	637



7
3
30	30
0.070588	0.20392	0.16078	0	0	0	0	0	0	0	0	0	0	0	0	0	0	0	0	0	0	0	0	0	0	0	0	0	0	0	
0.20392	0	0.039216	0.20392	0.20392	0.20392	0.20392	0.20392	0.20392	0.20392	0.20392	0.20392	0.20392	0.20392	0.20392	0.20392	0.20392	0.20392	0.20392	0.20392	0.20392	0.20392	0.20392	0.20392	0.20392	0.20392	0.20392	0.20392	0.21176	0.098039	
0.12157	0.082353	0	0	0	0	0	0	0	0	0	0	0	0	0	0	0	0	0	0	0	0	0	0	0	0	0	0	0.011765	0.19216	
0	0.20392	0	0	0	0	0	0	0	0	0	0	0	0	0	0	0	0	0	0	0	0	0	0	0	0	0	0	0	0.20392	
0	0.20392	0	0	0	0	0	0	0	0	0	0	0	0	0	0	0	0	0	0	0	0	0	0	0	0	0	0	0	0.20392	
0	0.20392	0	0	0	0	0	0	0	0	0	0	0	0	0	0	0	0	0	0	0	0	0	0	0	0	0	0	0	0.20392	
0	0.20392	0	0	0	0	0	0	0	0	0	0	0	0	0	0	0	0	0	0	0	0	0	0	0	0	0	0	0	0.20392	
0	0.20392	0	0	0	0	0	0	0	0	0	0	0	0	0	0	0	0	0	0	0	0	0	0	0	0	0	0	0	0.20392	
0	0.20392	0	0	0	0	0	0	0	0	0	0	0	0	0	0	0	0	0	0	0	0	0	0	0	0	0	0	0	0.20392	
0	0.20392	0	0	0	0	0	0	0	0	0	0	0	0	0	0	0	0	0	0	0	0	0	0	0	0	0	0	0	0.20392	
0	0.20392	0	0	0	0	0	0	0	0	0	0	0	0	0	0	0	0	0	0	0	0	0	0	0	0	0	0	0	0.20392	
0	0.18431	0.019608	0	0	0	0	0	0	0	0	0	0	0	0	0	0	0	0	0	0	0	0	0	0	0	0	0	0	0.20392	
0	0.14902	0.05098	0	0	0	0	0	0	0	0	0	0	0	0	0	0	0	0	0	0	0	0	0	0	0	0	0	0	0.20392	
0	0.070588	0.13333	0	0	0	0	0	0	0	0	0	0	0	0	0	0	0	0	0	0	0	0	0	0	0	0	0	0	0.20392	
0	0	0.20392	0	0	0	0	0	0	0	0	0	0	0	0	0	0	0	0	0	0	0	0	0	0	0	0	0	0	0.20392	
0	0	0.20392	0	0	0	0	0	0	0	0	0	0	0	0	0	0	0	0	0	0	0	0	0	0	0	0	0	0	0.20392	
0	0	0.023529	0	0	0	0	0	0	0	0	0	0	0	0	0	0	0	0	0	0	0	0	0	0	0	0	0	0	0.20392	
0	0	0	0	0	0	0	0	0	0	0	0	0	0	0	0	0	0	0	0	0	0	0	0	0	0	0	0	0	0.21176	
0	0	0	0	0	0	0	0.16863	0.015686	0	0	0	0	0	0	0	0	0	0	0	0	0	0	0	0.011765	0.18824	0.20392	0.20392	0.2	0.058824	
0	0	0	0	0	0	0	0.031373	0.18431	0.20392	0.20392	0.20392	0.20392	0.20392	0.20392	0.20392	0.20392	0.20392	0.20392	0.20392	0.20392	0.20392	0.20392	0.20392	0.18824	0.011765	0	0	0	0	
0	0	0	0	0	0	0	0	0	0	0	0	0	0	0	0	0	0	0	0	0	0	0	0	0	0	0	0	0	0	
0	0	0	0	0	0	0	0	0	0	0	0	0	0	0	0	0	0	0	0	0	0	0	0	0	0	0	0	0	0	
0	0	0	0	0	0	0	0	0	0	0	0	0	0	0	0	0	0	0	0	0	0	0	0	0	0	0	0	0	0	
0	0	0	0	0	0	0	0	0	0	0	0	0	0	0	0	0	0	0	0	0	0	0	0	0	0	0	0	0	0	
0	0	0	0	0	0	0	0	0	0	0	0	0	0	0	0	0	0	0	0	0	0	0	0	0	0	0	0	0	0	
0	0	0	0	0	0	0	0	0	0	0	0	0	0	0	0	0	0	0	0	0	0	0	0	0	0	0	0	0	0	
0	0	0	0	0	0	0	0	0	0	0	0	0	0	0	0	0	0	0	0	0	0	0	0	0	0	0	0	0	0	
0	0	0	0	0	0	0	0	0	0	0	0	0	0	0	0	0	0	0	0	0	0	0	0	0	0	0	0	0	0	
0	0	0	0	0	0	0	0	0	0	0	0	0	0	0	0	0	0	0	0	0	0	0	0	0	0	0	0	0	0	
0	0	0	0	0	0	0	0	0	0	0	0	0	0	0	0	0	0	0	0	0	0	0	0	0	0	0	0	0	0	

1
1
30		30
1
352	815
342	740
481	831
1
373	828
61
352	815
351	814
351	810
350	805
348	801
348	794
347	787
347	780
345	772
344	765
344	759
344	754
344	750
342	745
342	742
342	741
344	740
353	742
363	744
377	744
392	744
408	744
423	744
438	744
454	744
467	744
476	744
480	744
481	749
481	756
481	762
481	770
481	779
481	786
481	792
481	798
481	803
481	807
481	810
481	812
481	813
481	815
481	818
481	821
481	822
481	824
481	825
477	827
471	828
465	829
456	831
447	831
435	831
422	831
409	831
397	831
388	831
382	831
377	830
374	828
373	828



7
3
30	30
0.13725	0.16078	0.16078	0.1098	0.011765	0	0	0	0	0	0	0	0	0	0	0	0	0	0	0	0	0	0	0	0	0	0	0	0	0	
0.16471	0	0	0.047059	0.1451	0.16078	0.16078	0.16078	0.16078	0.16078	0.098039	0.058824	0.058824	0.058824	0.058824	0.058824	0.058824	0.058824	0.058824	0.058824	0.058824	0.058824	0.058824	0.058824	0.058824	0.058824	0.058824	0.058824	0.0078431	0	
0.16471	0	0	0	0	0	0	0	0	0	0.058824	0.098039	0.098039	0.098039	0.098039	0.098039	0.098039	0.098039	0.098039	0.098039	0.098039	0.098039	0.098039	0.098039	0.098039	0.098039	0.098039	0.098039	0.16471	0	
0.16471	0	0	0	0	0	0	0	0	0	0	0	0	0	0	0	0	0	0	0	0	0	0	0	0	0	0	0	0.16471	0	
0.16471	0	0	0	0	0	0	0	0	0	0	0	0	0	0	0	0	0	0	0	0	0	0	0	0	0	0	0	0.16471	0	
0.16471	0	0	0	0	0	0	0	0	0	0	0	0	0	0	0	0	0	0	0	0	0	0	0	0	0	0	0	0.16471	0	
0.16471	0	0	0	0	0	0	0	0	0	0	0	0	0	0	0	0	0	0	0	0	0	0	0	0	0	0	0	0.16471	0	
0.16471	0	0	0	0	0	0	0	0	0	0	0	0	0	0	0	0	0	0	0	0	0	0	0	0	0	0	0	0.16471	0	
0.16471	0	0	0	0	0	0	0	0	0	0	0	0	0	0	0	0	0	0	0	0	0	0	0	0	0	0	0	0.16471	0	
0.16471	0	0	0	0	0	0	0	0	0	0	0	0	0	0	0	0	0	0	0	0	0	0	0	0	0	0	0	0.16471	0	
0.16471	0	0	0	0	0	0	0	0	0	0	0	0	0	0	0	0	0	0	0	0	0	0	0	0	0	0	0	0.16471	0	
0.16471	0	0	0	0	0	0	0	0	0	0	0	0	0	0	0	0	0	0	0	0	0	0	0	0	0	0	0	0.16471	0	
0.16471	0	0	0	0	0	0	0	0	0	0	0	0	0	0	0	0	0	0	0	0	0	0	0	0	0	0	0	0.16471	0	
0.16471	0	0	0	0	0	0	0	0	0	0	0	0	0	0	0	0	0	0	0	0	0	0	0	0	0	0	0	0.16471	0	
0.11765	0.16078	0.13333	0	0	0	0	0	0	0	0	0	0	0	0	0	0	0	0	0	0	0	0	0	0	0	0	0	0.16471	0	
0	0.18039	0.027451	0.16078	0.16078	0.16078	0.16078	0.16078	0.039216	0	0	0	0	0	0	0	0	0	0	0	0	0	0	0	0	0	0	0	0.16471	0	
0	0	0	0	0	0	0	0	0.11765	0.16078	0.16078	0.1451	0.023529	0	0	0	0	0	0	0	0	0	0	0	0	0	0	0	0.16471	0	
0	0	0	0	0	0	0	0	0	0	0	0.015686	0.13333	0.16078	0.16078	0.16078	0.066667	0	0	0	0	0	0	0	0	0	0	0	0.16471	0	
0	0	0	0	0	0	0	0	0	0	0	0	0	0	0	0	0.090196	0.16078	0.16078	0.16078	0.16078	0.16078	0.15294	0.070588	0	0	0	0	0.15686	0.0039216	
0	0	0	0	0	0	0	0	0	0	0	0	0	0	0	0	0	0	0	0	0	0	0.0039216	0.086275	0.16078	0.16078	0.16078	0.15686	0.07451	0.15294	
0	0	0	0	0	0	0	0	0	0	0	0	0	0	0	0	0	0	0	0	0	0	0	0	0	0	0	0.0039216	0.090196	0.13725	
0	0	0	0	0	0	0	0	0	0	0	0	0	0	0	0	0	0	0	0	0	0	0	0	0	0	0	0	0	0	
0	0	0	0	0	0	0	0	0	0	0	0	0	0	0	0	0	0	0	0	0	0	0	0	0	0	0	0	0	0	
0	0	0	0	0	0	0	0	0	0	0	0	0	0	0	0	0	0	0	0	0	0	0	0	0	0	0	0	0	0	
0	0	0	0	0	0	0	0	0	0	0	0	0	0	0	0	0	0	0	0	0	0	0	0	0	0	0	0	0	0	
0	0	0	0	0	0	0	0	0	0	0	0	0	0	0	0	0	0	0	0	0	0	0	0	0	0	0	0	0	0	
0	0	0	0	0	0	0	0	0	0	0	0	0	0	0	0	0	0	0	0	0	0	0	0	0	0	0	0	0	0	
0	0	0	0	0	0	0	0	0	0	0	0	0	0	0	0	0	0	0	0	0	0	0	0	0	0	0	0	0	0	
0	0	0	0	0	0	0	0	0	0	0	0	0	0	0	0	0	0	0	0	0	0	0	0	0	0	0	0	0	0	
0	0	0	0	0	0	0	0	0	0	0	0	0	0	0	0	0	0	0	0	0	0	0	0	0	0	0	0	0	0	

1
1
30		30
1
443	365
438	270
613	393
1
441	359
54
443	365
443	364
441	358
440	349
438	338
438	327
438	315
438	303
438	292
438	283
438	276
438	271
438	270
448	271
462	274
478	276
498	279
518	279
539	279
558	279
577	279
591	279
601	279
603	279
605	279
606	284
606	292
606	303
606	315
606	329
606	342
606	356
607	366
609	375
610	382
612	388
612	390
613	393
611	393
608	391
604	390
597	387
589	387
574	384
558	383
540	380
523	375
507	372
491	368
476	363
462	362
453	360
445	359
441	359



