7
3
30	30
0	0	0	0	0	0.16863	0.015686	0	0	0	0	0	0	0	0	0	0	0	0	0	0	0	0	0	0	0	0	0	0	0	
0	0	0	0	0	0.21961	0.21961	0	0	0	0	0	0	0	0	0	0	0	0	0	0	0	0	0	0	0	0	0	0	0	
0	0	0	0	0.05098	0.16863	0.1451	0.07451	0	0	0	0	0	0	0	0	0	0	0	0	0	0	0	0	0	0	0	0	0	0	
0	0	0	0	0.1098	0.1098	0	0.21961	0	0	0	0	0	0	0	0	0	0	0	0	0	0	0	0	0	0	0	0	0	0	
0	0	0	0	0.15294	0.066667	0	0.031373	0.18431	0	0	0	0	0	0	0	0	0	0	0	0	0	0	0	0	0	0	0	0	0	
0	0	0	0	0.21961	0	0	0	0.1451	0.07451	0	0	0	0	0	0	0	0	0	0	0	0	0	0	0	0	0	0	0	0	
0	0	0	0	0.21961	0	0	0	0	0.20392	0.015686	0	0	0	0	0	0	0	0	0	0	0	0	0	0	0	0	0	0	0	
0	0	0	0	0.21961	0	0	0	0	0	0.20392	0.015686	0	0	0	0	0	0	0	0	0	0	0	0	0	0	0	0	0	0	
0	0	0	0.15294	0.066667	0	0	0	0	0	0.0078431	0.21176	0	0	0	0	0	0	0	0	0	0	0	0	0	0	0	0	0	0	
0	0	0	0.21961	0	0	0	0	0	0	0	0.05098	0.16863	0	0	0	0	0	0	0	0	0	0	0	0	0	0	0	0	0	
0	0	0	0.21961	0	0	0	0	0	0	0	0	0.17647	0.039216	0	0	0	0	0	0	0	0	0	0	0	0	0	0	0	0	
0	0	0.07451	0.1451	0	0	0	0	0	0	0	0	0.0078431	0.21176	0	0	0	0	0	0	0	0	0	0	0	0	0	0	0	0	
0	0	0.21961	0	0	0	0	0	0	0	0	0	0	0	0.21176	0.0078431	0	0	0	0	0	0	0	0	0	0	0	0	0	0	
0	0	0.21961	0	0	0	0	0	0	0	0	0	0	0	0.015686	0.20392	0	0	0	0	0	0	0	0	0	0	0	0	0	0	
0	0.10196	0.11765	0	0	0	0	0	0	0	0	0	0	0	0	0.21961	0	0	0	0	0	0	0	0	0	0	0	0	0	0	
0.1451	0.12549	0	0	0	0	0	0	0	0	0	0	0	0	0.082353	0.13333	0	0	0	0	0	0	0	0	0	0	0	0	0	0	
0.21961	0	0	0	0	0	0	0	0	0	0	0	0	0	0.20392	0.015686	0	0	0	0	0	0	0	0	0	0	0	0	0	0	
0.039216	0.22745	0	0	0	0	0	0	0	0	0	0	0	0	0.21961	0	0	0	0	0	0	0	0	0	0	0	0	0	0	0	
0	0	0.22745	0.1098	0	0	0	0	0	0	0	0	0	0.21961	0	0	0	0	0	0	0	0	0	0	0	0	0	0	0	0	
0	0	0	0.11765	0.13333	0	0	0	0	0	0	0	0.058824	0.16078	0	0	0	0	0	0	0	0	0	0	0	0	0	0	0	0	
0	0	0	0	0.090196	0.17647	0	0	0	0	0	0	0.21961	0	0	0	0	0	0	0	0	0	0	0	0	0	0	0	0	0	
0	0	0	0	0	0.05098	0.21961	0	0	0	0	0.015686	0.20392	0	0	0	0	0	0	0	0	0	0	0	0	0	0	0	0	0	
0	0	0	0	0	0	0.1098	0.1098	0	0	0	0.21961	0	0	0	0	0	0	0	0	0	0	0	0	0	0	0	0	0	0	
0	0	0	0	0	0	0	0.11765	0.10196	0	0	0.21961	0	0	0	0	0	0	0	0	0	0	0	0	0	0	0	0	0	0	
0	0	0	0	0	0	0	0	0.17647	0.039216	0.11765	0.10196	0	0	0	0	0	0	0	0	0	0	0	0	0	0	0	0	0	0	
0	0	0	0	0	0	0	0	0	0.21961	0.21961	0	0	0	0	0	0	0	0	0	0	0	0	0	0	0	0	0	0	0	
0	0	0	0	0	0	0	0	0	0.066667	0.21961	0	0	0	0	0	0	0	0	0	0	0	0	0	0	0	0	0	0	0	
0	0	0	0	0	0	0	0	0	0.21961	0.21961	0	0	0	0	0	0	0	0	0	0	0	0	0	0	0	0	0	0	0	
0	0	0	0	0	0	0	0	0	0.082353	0.21961	0	0	0	0	0	0	0	0	0	0	0	0	0	0	0	0	0	0	0	
0	0	0	0	0	0	0	0	0	0	0.066667	0	0	0	0	0	0	0	0	0	0	0	0	0	0	0	0	0	0	0	

1
1
30		30
1
441	336
399	213
464	336
1
438	332
81
441	336
442	335
442	334
442	333
442	331
442	330
442	328
441	324
440	323
438	321
437	318
435	316
434	314
431	311
429	309
426	306
424	302
419	299
414	294
410	291
405	288
402	286
400	284
399	283
399	280
399	279
400	276
401	275
402	275
403	274
404	273
405	272
406	271
406	267
407	264
410	259
412	253
413	248
415	243
416	238
417	233
418	229
418	228
418	225
418	222
419	220
419	219
419	217
419	214
421	213
424	215
427	220
429	225
433	229
437	235
440	239
445	244
449	249
452	252
455	258
457	260
460	263
463	266
464	267
464	270
464	273
464	275
463	279
462	283
458	289
456	293
453	297
451	302
448	308
447	312
444	318
442	323
441	326
439	329
438	331
438	332



7
3
30	30
0	0	0	0	0	0	0	0.066667	0	0	0	0	0	0	0	0	0	0	0	0	0	0	0	0	0	0	0	0	0	0	
0	0	0	0	0	0	0	0.26667	0.082353	0	0	0	0	0	0	0	0	0	0	0	0	0	0	0	0	0	0	0	0	0	
0	0	0	0	0	0	0	0.21569	0.21569	0	0	0	0	0	0	0	0	0	0	0	0	0	0	0	0	0	0	0	0	0	
0	0	0	0	0	0	0.062745	0.15294	0.10588	0.1098	0	0	0	0	0	0	0	0	0	0	0	0	0	0	0	0	0	0	0	0	
0	0	0	0	0	0	0.20784	0.0078431	0	0.21569	0	0	0	0	0	0	0	0	0	0	0	0	0	0	0	0	0	0	0	0	
0	0	0	0	0	0	0.21569	0	0	0.078431	0.13725	0	0	0	0	0	0	0	0	0	0	0	0	0	0	0	0	0	0	0	
0	0	0	0	0	0.10196	0.11373	0	0	0	0.21569	0	0	0	0	0	0	0	0	0	0	0	0	0	0	0	0	0	0	0	
0	0	0	0	0	0.21569	0	0	0	0	0.14118	0.07451	0	0	0	0	0	0	0	0	0	0	0	0	0	0	0	0	0	0	
0	0	0	0	0.039216	0.17647	0	0	0	0	0	0.21569	0	0	0	0	0	0	0	0	0	0	0	0	0	0	0	0	0	0	
0	0	0	0	0.20784	0.0078431	0	0	0	0	0	0.035294	0.18039	0	0	0	0	0	0	0	0	0	0	0	0	0	0	0	0	0	
0	0	0	0.019608	0.19608	0	0	0	0	0	0	0	0.21569	0	0	0	0	0	0	0	0	0	0	0	0	0	0	0	0	0	
0	0	0	0.20392	0.011765	0	0	0	0	0	0	0	0.082353	0.13333	0	0	0	0	0	0	0	0	0	0	0	0	0	0	0	0	
0	0	0	0.21569	0	0	0	0	0	0	0	0	0	0.1451	0.070588	0	0	0	0	0	0	0	0	0	0	0	0	0	0	0	
0	0	0.15294	0.062745	0	0	0	0	0	0	0	0	0	0	0.21569	0	0	0	0	0	0	0	0	0	0	0	0	0	0	0	
0	0.011765	0.20392	0	0	0	0	0	0	0	0	0	0	0	0.035294	0.17647	0	0	0	0	0	0	0	0	0	0	0	0	0	0	
0	0.21569	0	0	0	0	0	0	0	0	0	0	0	0	0.18824	0.027451	0	0	0	0	0	0	0	0	0	0	0	0	0	0	
0.090196	0.12549	0	0	0	0	0	0	0	0	0	0	0	0	0.21569	0	0	0	0	0	0	0	0	0	0	0	0	0	0	0	
0.21569	0	0	0	0	0	0	0	0	0	0	0	0	0.19216	0.019608	0	0	0	0	0	0	0	0	0	0	0	0	0	0	0	
0.078431	0.15686	0	0	0	0	0	0	0	0	0	0	0.082353	0.13333	0	0	0	0	0	0	0	0	0	0	0	0	0	0	0	0	
0	0.070588	0.21569	0.043137	0	0	0	0	0	0	0	0	0.21569	0	0	0	0	0	0	0	0	0	0	0	0	0	0	0	0	0	
0	0	0.0078431	0.18431	0.035294	0	0	0	0	0	0	0.13725	0.078431	0	0	0	0	0	0	0	0	0	0	0	0	0	0	0	0	0	
0	0	0	0	0.19216	0.12549	0	0	0	0	0.07451	0.14118	0	0	0	0	0	0	0	0	0	0	0	0	0	0	0	0	0	0	
0	0	0	0	0	0.10196	0.16471	0	0	0	0.21569	0	0	0	0	0	0	0	0	0	0	0	0	0	0	0	0	0	0	0	
0	0	0	0	0	0	0.16471	0.05098	0	0.18039	0.035294	0	0	0	0	0	0	0	0	0	0	0	0	0	0	0	0	0	0	0	
0	0	0	0	0	0	0	0.18431	0.031373	0.21569	0	0	0	0	0	0	0	0	0	0	0	0	0	0	0	0	0	0	0	0	
0	0	0	0	0	0	0	0.015686	0.35294	0.031373	0	0	0	0	0	0	0	0	0	0	0	0	0	0	0	0	0	0	0	0	
0	0	0	0	0	0	0	0	0.36863	0	0	0	0	0	0	0	0	0	0	0	0	0	0	0	0	0	0	0	0	0	
0	0	0	0	0	0	0	0.066667	0.14902	0	0	0	0	0	0	0	0	0	0	0	0	0	0	0	0	0	0	0	0	0	
0	0	0	0	0	0	0	0.21569	0	0	0	0	0	0	0	0	0	0	0	0	0	0	0	0	0	0	0	0	0	0	
0	0	0	0	0	0	0	0.066667	0	0	0	0	0	0	0	0	0	0	0	0	0	0	0	0	0	0	0	0	0	0	

1
1
30		30
1
517	695
480	583
546	706
1
509	706
61
517	695
517	693
513	687
509	683
505	677
500	674
494	669
489	665
484	662
482	660
481	659
480	658
481	652
485	646
490	638
494	630
498	621
502	613
505	606
508	599
509	595
511	590
512	587
512	585
512	583
514	588
518	595
523	604
527	613
532	620
535	627
538	632
541	635
541	636
542	638
543	639
544	640
545	641
546	642
546	644
544	647
541	653
538	658
534	663
532	667
528	672
525	677
522	680
521	682
519	685
519	687
518	688
517	689
516	691
516	692
516	695
514	698
512	702
511	703
510	705
509	706



7
3
30	30
0	0	0	0	0	0	0	0	0	0	0	0.098039	0.18431	0.21176	0.21176	0.21176	0.21176	0.21176	0.20784	0.047059	0	0	0	0	0	0	0	0	0	0	
0	0	0	0	0	0	0.015686	0.12549	0.21176	0.21176	0.21176	0.11373	0.027451	0	0	0	0	0	0.0039216	0.16078	0.21176	0.21176	0.066667	0	0	0	0	0	0	0	
0	0	0	0.1098	0.21176	0.21176	0.19216	0.086275	0	0	0	0	0	0	0	0	0	0	0	0	0	0	0.1451	0.19216	0	0	0	0	0	0	
0	0.070588	0.21176	0.10196	0	0	0	0	0	0	0	0	0	0	0	0	0	0	0	0	0	0	0	0.015686	0.21176	0.07451	0	0	0	0	
0.13333	0.14118	0	0	0	0	0	0	0	0	0	0	0	0	0	0	0	0	0	0	0	0	0	0	0	0.18039	0.031373	0	0	0	
0.21569	0	0	0	0	0	0	0	0	0	0	0	0	0	0	0	0	0	0	0	0	0	0	0	0	0	0.22353	0.035294	0.1098	0.07451	
0.027451	0.18824	0	0	0	0	0	0	0	0	0	0	0	0	0	0	0	0	0	0	0	0	0	0	0	0	0	0.20784	0.23922	0	
0	0.023529	0.21176	0.039216	0	0	0	0	0	0	0	0	0	0	0	0	0	0	0	0	0	0	0	0	0	0.043137	0.21176	0.1451	0	0	
0	0	0	0.17255	0.11765	0	0	0	0	0	0	0	0	0	0	0	0	0	0	0	0	0	0	0	0.18431	0.16863	0	0	0	0	
0	0	0	0	0.090196	0.21176	0.078431	0	0	0	0	0	0	0	0	0	0	0	0	0	0	0	0.1451	0.21176	0.027451	0	0	0	0	0	
0	0	0	0	0	0	0.13333	0.18824	0	0	0	0	0	0	0	0	0	0	0	0	0.043137	0.21176	0.066667	0	0	0	0	0	0	0	
0	0	0	0	0	0	0	0.023529	0.19216	0	0	0	0	0	0	0	0	0	0.015686	0.21176	0.16863	0	0	0	0	0	0	0	0	0	
0	0	0	0	0	0	0	0	0.015686	0.21176	0.07451	0	0	0	0	0	0.070588	0.21176	0.19216	0	0	0	0	0	0	0	0	0	0	0	
0	0	0	0	0	0	0	0	0	0	0.18039	0.078431	0	0.0039216	0.10196	0.21176	0.14118	0	0	0	0	0	0	0	0	0	0	0	0	0	
0	0	0	0	0	0	0	0	0	0	0	0.13333	0.21176	0.20784	0.1098	0	0	0	0	0	0	0	0	0	0	0	0	0	0	0	
0	0	0	0	0	0	0	0	0	0	0	0	0	0	0	0	0	0	0	0	0	0	0	0	0	0	0	0	0	0	
0	0	0	0	0	0	0	0	0	0	0	0	0	0	0	0	0	0	0	0	0	0	0	0	0	0	0	0	0	0	
0	0	0	0	0	0	0	0	0	0	0	0	0	0	0	0	0	0	0	0	0	0	0	0	0	0	0	0	0	0	
0	0	0	0	0	0	0	0	0	0	0	0	0	0	0	0	0	0	0	0	0	0	0	0	0	0	0	0	0	0	
0	0	0	0	0	0	0	0	0	0	0	0	0	0	0	0	0	0	0	0	0	0	0	0	0	0	0	0	0	0	
0	0	0	0	0	0	0	0	0	0	0	0	0	0	0	0	0	0	0	0	0	0	0	0	0	0	0	0	0	0	
0	0	0	0	0	0	0	0	0	0	0	0	0	0	0	0	0	0	0	0	0	0	0	0	0	0	0	0	0	0	
0	0	0	0	0	0	0	0	0	0	0	0	0	0	0	0	0	0	0	0	0	0	0	0	0	0	0	0	0	0	
0	0	0	0	0	0	0	0	0	0	0	0	0	0	0	0	0	0	0	0	0	0	0	0	0	0	0	0	0	0	
0	0	0	0	0	0	0	0	0	0	0	0	0	0	0	0	0	0	0	0	0	0	0	0	0	0	0	0	0	0	
0	0	0	0	0	0	0	0	0	0	0	0	0	0	0	0	0	0	0	0	0	0	0	0	0	0	0	0	0	0	
0	0	0	0	0	0	0	0	0	0	0	0	0	0	0	0	0	0	0	0	0	0	0	0	0	0	0	0	0	0	
0	0	0	0	0	0	0	0	0	0	0	0	0	0	0	0	0	0	0	0	0	0	0	0	0	0	0	0	0	0	
0	0	0	0	0	0	0	0	0	0	0	0	0	0	0	0	0	0	0	0	0	0	0	0	0	0	0	0	0	0	
0	0	0	0	0	0	0	0	0	0	0	0	0	0	0	0	0	0	0	0	0	0	0	0	0	0	0	0	0	0	

1
1
30		30
1
421	625
294	597
425	660
1
425	618
62
421	625
419	625
417	623
414	621
411	617
407	612
402	609
397	605
391	602
385	600
380	599
376	597
374	597
367	597
358	597
347	598
334	601
321	604
311	606
304	609
299	612
295	614
294	615
294	618
294	620
295	622
298	625
302	629
308	633
313	637
319	640
326	644
329	647
333	651
337	653
339	656
341	658
343	659
344	660
346	660
349	660
354	660
358	659
364	656
370	653
377	650
384	647
391	642
398	638
403	635
408	632
411	630
414	629
415	629
416	628
417	627
418	626
420	624
422	622
423	620
424	619
425	618



7
3
30	30
0	0	0	0	0	0	0	0.12549	0	0	0	0	0	0	0	0	0	0	0	0	0	0	0	0	0	0	0	0	0	0	
0	0	0	0	0	0	0.12549	0.1098	0.12549	0	0	0	0	0	0	0	0	0	0	0	0	0	0	0	0	0	0	0	0	0	
0	0	0	0	0	0	0.18039	0	0.090196	0.086275	0	0	0	0	0	0	0	0	0	0	0	0	0	0	0	0	0	0	0	0	
0	0	0	0	0	0	0.18039	0	0	0.12941	0.047059	0	0	0	0	0	0	0	0	0	0	0	0	0	0	0	0	0	0	0	
0	0	0	0	0	0.16078	0.015686	0	0	0	0.13333	0.043137	0	0	0	0	0	0	0	0	0	0	0	0	0	0	0	0	0	0	
0	0	0	0	0	0.18039	0	0	0	0	0	0.17255	0.0039216	0	0	0	0	0	0	0	0	0	0	0	0	0	0	0	0	0	
0	0	0	0	0.13725	0.043137	0	0	0	0	0	0	0.16863	0.0078431	0	0	0	0	0	0	0	0	0	0	0	0	0	0	0	0	
0	0	0	0	0.18039	0	0	0	0	0	0	0	0.0039216	0.17255	0	0	0	0	0	0	0	0	0	0	0	0	0	0	0	0	
0	0	0	0.1451	0.035294	0	0	0	0	0	0	0	0	0	0.18431	0.023529	0	0	0	0	0	0	0	0	0	0	0	0	0	0	
0	0	0.090196	0.090196	0	0	0	0	0	0	0	0	0	0	0	0.15686	0.078431	0	0	0	0	0	0	0	0	0	0	0	0	0	
0	0	0.18039	0	0	0	0	0	0	0	0	0	0	0	0	0	0.10588	0.082353	0	0	0	0	0	0	0	0	0	0	0	0	
0	0.18039	0	0	0	0	0	0	0	0	0	0	0	0	0	0	0	0.098039	0.11373	0	0	0	0	0	0	0	0	0	0	0	
0.090196	0.086275	0	0	0	0	0	0	0	0	0	0	0	0	0	0	0	0	0.070588	0.17647	0	0	0	0	0	0	0	0	0	0	
0.18039	0	0	0	0	0	0	0	0	0	0	0	0	0	0	0	0	0	0	0.17647	0	0	0	0	0	0	0	0	0	0	
0.12941	0.047059	0	0	0	0	0	0	0	0	0	0	0	0	0	0	0	0	0.14902	0.031373	0	0	0	0	0	0	0	0	0	0	
0	0.18039	0	0	0	0	0	0	0	0	0	0	0	0	0	0	0	0	0.18039	0	0	0	0	0	0	0	0	0	0	0	
0	0.035294	0.14118	0	0	0	0	0	0	0	0	0	0	0	0	0	0	0.17647	0.0039216	0	0	0	0	0	0	0	0	0	0	0	
0	0	0.18039	0	0	0	0	0	0	0	0	0	0	0	0	0	0.05098	0.12549	0	0	0	0	0	0	0	0	0	0	0	0	
0	0	0.098039	0.082353	0	0	0	0	0	0	0	0	0	0	0	0	0.18039	0	0	0	0	0	0	0	0	0	0	0	0	0	
0	0	0	0.16863	0.0078431	0	0	0	0	0	0	0	0	0	0	0.0078431	0.16863	0	0	0	0	0	0	0	0	0	0	0	0	0	
0	0	0	0	0.18039	0	0	0	0	0	0	0	0	0	0	0.18039	0	0	0	0	0	0	0	0	0	0	0	0	0	0	
0	0	0	0	0.058824	0.11765	0	0	0	0	0	0	0	0	0.031373	0.1451	0	0	0	0	0	0	0	0	0	0	0	0	0	0	
0	0	0	0	0	0.12941	0.047059	0	0	0	0	0	0	0	0.16471	0.015686	0	0	0	0	0	0	0	0	0	0	0	0	0	0	
0	0	0	0	0	0	0.18039	0	0	0	0	0	0	0	0.18039	0	0	0	0	0	0	0	0	0	0	0	0	0	0	0	
0	0	0	0	0	0	0.054902	0.12157	0	0	0	0	0	0.10588	0.07451	0	0	0	0	0	0	0	0	0	0	0	0	0	0	0	
0	0	0	0	0	0	0	0.12941	0.05098	0	0	0	0	0.18039	0	0	0	0	0	0	0	0	0	0	0	0	0	0	0	0	
0	0	0	0	0	0	0	0	0.18039	0	0	0	0	0.18039	0	0	0	0	0	0	0	0	0	0	0	0	0	0	0	0	
0	0	0	0	0	0	0	0	0.019608	0.16078	0	0	0.16078	0.019608	0	0	0	0	0	0	0	0	0	0	0	0	0	0	0	0	
0	0	0	0	0	0	0	0	0	0.15686	0.019608	0.019608	0.15686	0	0	0	0	0	0	0	0	0	0	0	0	0	0	0	0	0	
0	0	0	0	0	0	0	0	0	0	0.1451	0.078431	0	0	0	0	0	0	0	0	0	0	0	0	0	0	0	0	0	0	

1
1
30		30
1
293	335
237	182
340	336
1
297	336
70
293	335
292	336
290	335
288	333
285	327
282	322
277	316
272	309
267	301
261	293
255	285
249	276
246	268
241	260
238	256
237	253
237	249
243	240
250	230
256	222
262	211
266	203
269	195
271	190
272	186
274	182
276	184
281	189
286	196
294	204
302	213
310	221
319	229
326	234
331	239
335	242
337	244
339	244
340	245
340	251
337	257
333	264
327	274
324	281
321	288
318	292
316	297
315	299
313	302
313	305
312	306
312	308
311	309
310	310
310	311
309	312
309	315
308	316
307	317
307	318
306	321
306	323
304	326
304	327
303	329
301	331
300	332
300	333
298	335
297	336



7
3
30	30
0	0	0	0	0	0	0	0	0	0	0	0	0	0	0	0	0	0.18039	0.19216	0.17255	0.0078431	0	0	0	0	0	0	0	0	0	
0	0	0	0	0	0	0	0	0	0	0	0	0	0	0	0.039216	0.19216	0.011765	0	0.019608	0.18039	0.19216	0.082353	0.019608	0	0	0	0	0	0	
0	0	0	0	0	0	0	0	0	0	0	0	0	0.019608	0.18039	0.15294	0	0	0	0	0	0	0.10588	0.17255	0.13725	0	0	0	0	0	
0	0	0	0	0	0	0	0	0	0	0	0	0.14902	0.17255	0.011765	0	0	0	0	0	0	0	0	0	0.054902	0.19216	0.13725	0	0	0	
0	0	0	0	0	0	0	0	0	0.0078431	0.16863	0.19216	0.039216	0	0	0	0	0	0	0	0	0	0	0	0	0	0.054902	0.19216	0.18039	0.023529	
0	0	0	0	0	0	0	0.094118	0.18431	0.18431	0.023529	0	0	0	0	0	0	0	0	0	0	0	0	0	0	0	0	0	0.011765	0.05098	
0	0	0	0	0.039216	0.18824	0.19216	0.098039	0.0039216	0	0	0	0	0	0	0	0	0	0	0	0	0	0	0	0	0	0	0	0.10588	0.039216	
0	0.078431	0.19216	0.19216	0.15294	0.0039216	0	0	0	0	0	0	0	0	0	0	0	0	0	0	0	0	0	0	0	0	0	0	0.19216	0	
0.16078	0.11373	0	0	0	0	0	0	0	0	0	0	0	0	0	0	0	0	0	0	0	0	0	0	0	0	0	0	0.19608	0	
0.07451	0.12941	0	0	0	0	0	0	0	0	0	0	0	0	0	0	0	0	0	0	0	0	0	0	0	0	0.0078431	0.10196	0.14902	0	
0	0.098039	0.19216	0.047059	0	0	0	0	0	0	0	0	0	0	0	0	0	0	0	0	0	0	0	0	0.011765	0.16471	0.18431	0.086275	0	0	
0	0	0	0.1451	0.16863	0.015686	0	0	0	0	0	0	0	0	0	0	0	0	0	0	0	0	0.031373	0.18824	0.18039	0.027451	0	0	0	0	
0	0	0	0	0.019608	0.17647	0.19216	0.12549	0	0	0	0	0	0	0	0	0	0	0	0	0.07451	0.19216	0.16078	0.0039216	0	0	0	0	0	0	
0	0	0	0	0	0	0	0.066667	0.19216	0.19216	0.18039	0.047059	0	0	0	0	0	0.015686	0.18039	0.19216	0.11765	0	0	0	0	0	0	0	0	0	
0	0	0	0	0	0	0	0	0	0	0.011765	0.1451	0.19216	0.094118	0	0.082353	0.18431	0.17647	0.011765	0	0	0	0	0	0	0	0	0	0	0	
0	0	0	0	0	0	0	0	0	0	0	0	0	0.098039	0.19216	0.10588	0.0039216	0	0	0	0	0	0	0	0	0	0	0	0	0	
0	0	0	0	0	0	0	0	0	0	0	0	0	0	0	0	0	0	0	0	0	0	0	0	0	0	0	0	0	0	
0	0	0	0	0	0	0	0	0	0	0	0	0	0	0	0	0	0	0	0	0	0	0	0	0	0	0	0	0	0	
0	0	0	0	0	0	0	0	0	0	0	0	0	0	0	0	0	0	0	0	0	0	0	0	0	0	0	0	0	0	
0	0	0	0	0	0	0	0	0	0	0	0	0	0	0	0	0	0	0	0	0	0	0	0	0	0	0	0	0	0	
0	0	0	0	0	0	0	0	0	0	0	0	0	0	0	0	0	0	0	0	0	0	0	0	0	0	0	0	0	0	
0	0	0	0	0	0	0	0	0	0	0	0	0	0	0	0	0	0	0	0	0	0	0	0	0	0	0	0	0	0	
0	0	0	0	0	0	0	0	0	0	0	0	0	0	0	0	0	0	0	0	0	0	0	0	0	0	0	0	0	0	
0	0	0	0	0	0	0	0	0	0	0	0	0	0	0	0	0	0	0	0	0	0	0	0	0	0	0	0	0	0	
0	0	0	0	0	0	0	0	0	0	0	0	0	0	0	0	0	0	0	0	0	0	0	0	0	0	0	0	0	0	
0	0	0	0	0	0	0	0	0	0	0	0	0	0	0	0	0	0	0	0	0	0	0	0	0	0	0	0	0	0	
0	0	0	0	0	0	0	0	0	0	0	0	0	0	0	0	0	0	0	0	0	0	0	0	0	0	0	0	0	0	
0	0	0	0	0	0	0	0	0	0	0	0	0	0	0	0	0	0	0	0	0	0	0	0	0	0	0	0	0	0	
0	0	0	0	0	0	0	0	0	0	0	0	0	0	0	0	0	0	0	0	0	0	0	0	0	0	0	0	0	0	
0	0	0	0	0	0	0	0	0	0	0	0	0	0	0	0	0	0	0	0	0	0	0	0	0	0	0	0	0	0	

1
1
30		30
1
715	210
571	187
715	262
1
714	216
62
715	210
709	207
706	206
701	204
696	202
690	198
686	195
680	194
674	191
668	189
664	188
661	188
658	187
655	188
649	193
640	198
628	205
617	210
608	214
598	217
587	222
580	223
573	226
572	226
571	228
574	234
578	237
584	240
589	244
597	247
604	250
612	252
618	253
622	255
625	256
629	257
632	259
633	259
635	260
636	261
637	262
642	262
649	260
659	255
670	251
681	246
691	242
699	237
706	235
709	233
710	232
712	230
712	229
712	228
712	226
712	225
712	223
713	221
713	220
713	219
713	217
714	216



7
3
30	30
0	0	0	0	0	0	0	0.07451	0.23529	0.0078431	0	0	0	0	0	0	0	0	0	0	0	0	0	0	0	0	0	0	0	0	
0	0	0	0	0	0	0	0.20392	0.0039216	0.19608	0	0	0	0	0	0	0	0	0	0	0	0	0	0	0	0	0	0	0	0	
0	0	0	0	0	0	0.070588	0.12941	0	0.07451	0.12549	0	0	0	0	0	0	0	0	0	0	0	0	0	0	0	0	0	0	0	
0	0	0	0	0	0	0.20392	0	0	0	0.17255	0.027451	0	0	0	0	0	0	0	0	0	0	0	0	0	0	0	0	0	0	
0	0	0	0	0	0.019608	0.18039	0	0	0	0	0.20392	0	0	0	0	0	0	0	0	0	0	0	0	0	0	0	0	0	0	
0	0	0	0	0	0.17647	0.023529	0	0	0	0	0.11765	0.082353	0	0	0	0	0	0	0	0	0	0	0	0	0	0	0	0	0	
0	0	0	0	0	0.20392	0	0	0	0	0	0	0.20392	0	0	0	0	0	0	0	0	0	0	0	0	0	0	0	0	0	
0	0	0	0	0.058824	0.14118	0	0	0	0	0	0	0.20392	0	0	0	0	0	0	0	0	0	0	0	0	0	0	0	0	0	
0	0	0	0	0.20392	0	0	0	0	0	0	0	0.13725	0.062745	0	0	0	0	0	0	0	0	0	0	0	0	0	0	0	0	
0	0	0	0.054902	0.1451	0	0	0	0	0	0	0	0.0078431	0.19608	0	0	0	0	0	0	0	0	0	0	0	0	0	0	0	0	
0	0	0	0.20392	0	0	0	0	0	0	0	0	0	0.20392	0	0	0	0	0	0	0	0	0	0	0	0	0	0	0	0	
0	0	0	0.20392	0	0	0	0	0	0	0	0	0	0.17255	0.031373	0	0	0	0	0	0	0	0	0	0	0	0	0	0	0	
0	0	0.17255	0.031373	0	0	0	0	0	0	0	0	0	0.05098	0.15294	0	0	0	0	0	0	0	0	0	0	0	0	0	0	0	
0	0.019608	0.18039	0	0	0	0	0	0	0	0	0	0	0	0.2	0	0	0	0	0	0	0	0	0	0	0	0	0	0	0	
0	0.2	0	0	0	0	0	0	0	0	0	0	0	0	0.20392	0	0	0	0	0	0	0	0	0	0	0	0	0	0	0	
0.12941	0.070588	0	0	0	0	0	0	0	0	0	0	0	0	0.078431	0.12157	0	0	0	0	0	0	0	0	0	0	0	0	0	0	
0.20392	0	0	0	0	0	0	0	0	0	0	0	0	0	0	0.2	0	0	0	0	0	0	0	0	0	0	0	0	0	0	
0.20392	0	0	0	0	0	0	0	0	0	0	0	0	0	0.086275	0.11373	0	0	0	0	0	0	0	0	0	0	0	0	0	0	
0.035294	0.16471	0	0	0	0	0	0	0	0	0	0	0	0.0078431	0.19608	0	0	0	0	0	0	0	0	0	0	0	0	0	0	0	
0	0.16471	0.035294	0	0	0	0	0	0	0	0	0	0	0.19608	0.0039216	0	0	0	0	0	0	0	0	0	0	0	0	0	0	0	
0	0	0.19608	0.0078431	0	0	0	0	0	0	0	0	0.094118	0.10588	0	0	0	0	0	0	0	0	0	0	0	0	0	0	0	0	
0	0	0.039216	0.16471	0	0	0	0	0	0	0	0	0.20392	0	0	0	0	0	0	0	0	0	0	0	0	0	0	0	0	0	
0	0	0	0.15686	0.043137	0	0	0	0	0	0	0.1098	0.090196	0	0	0	0	0	0	0	0	0	0	0	0	0	0	0	0	0	
0	0	0	0.015686	0.18431	0	0	0	0	0	0	0.20392	0	0	0	0	0	0	0	0	0	0	0	0	0	0	0	0	0	0	
0	0	0	0	0.14118	0.058824	0	0	0	0	0.12941	0.070588	0	0	0	0	0	0	0	0	0	0	0	0	0	0	0	0	0	0	
0	0	0	0	0	0.20392	0	0	0	0.019608	0.18039	0	0	0	0	0	0	0	0	0	0	0	0	0	0	0	0	0	0	0	
0	0	0	0	0	0.07451	0.12549	0	0	0.2	0	0	0	0	0	0	0	0	0	0	0	0	0	0	0	0	0	0	0	0	
0	0	0	0	0	0	0.15294	0.05098	0.12549	0.078431	0	0	0	0	0	0	0	0	0	0	0	0	0	0	0	0	0	0	0	0	
0	0	0	0	0	0	0	0.1098	0.20392	0	0	0	0	0	0	0	0	0	0	0	0	0	0	0	0	0	0	0	0	0	
0	0	0	0	0	0	0	0	0.07451	0	0	0	0	0	0	0	0	0	0	0	0	0	0	0	0	0	0	0	0	0	

1
1
30		30
1
658	443
624	309
695	447
1
660	447
54
658	443
655	440
651	435
648	429
642	420
638	411
633	405
628	398
627	396
624	391
624	390
624	384
626	379
632	371
637	361
641	351
647	339
650	330
653	322
656	316
656	313
658	310
660	309
661	309
663	309
664	309
666	312
668	314
671	320
676	326
680	334
683	343
686	354
689	363
691	374
694	380
695	384
695	386
695	389
693	392
691	395
688	398
687	401
684	405
682	409
681	412
678	416
674	424
670	430
666	435
664	440
661	444
660	446
660	447



7
3
30	30
0	0	0	0	0	0	0	0	0	0	0	0.1451	0.15294	0	0	0	0	0	0	0	0	0	0	0	0	0	0	0	0	0	
0	0	0	0	0	0	0	0	0	0.035294	0.20784	0.058824	0.05098	0.20784	0.20784	0.20784	0.2	0.035294	0	0	0	0	0	0	0	0	0	0	0	0	
0	0	0	0	0	0	0	0	0.082353	0.16863	0	0	0	0	0	0	0.0078431	0.17255	0.20784	0.20784	0.20784	0.20784	0.14902	0.062745	0.062745	0.062745	0.062745	0.054902	0	0	
0	0	0	0	0	0	0	0.12941	0.12157	0	0	0	0	0	0	0	0	0	0	0	0	0	0.054902	0.1451	0.1451	0.1451	0.1451	0.14902	0.29804	0.07451	
0	0	0	0	0	0.054902	0.20784	0.07451	0	0	0	0	0	0	0	0	0	0	0	0	0	0	0	0	0	0	0	0.19216	0.10588	0	
0	0	0	0	0.098039	0.15294	0	0	0	0	0	0	0	0	0	0	0	0	0	0	0	0	0	0	0	0.054902	0.20784	0.011765	0	0	
0	0	0.019608	0.18431	0.10588	0	0	0	0	0	0	0	0	0	0	0	0	0	0	0	0	0	0	0	0.11765	0.14902	0	0	0	0	
0	0.070588	0.18824	0.019608	0	0	0	0	0	0	0	0	0	0	0	0	0	0	0	0	0	0	0.011765	0.20392	0.086275	0	0	0	0	0	
0.070588	0.13725	0	0	0	0	0	0	0	0	0	0	0	0	0	0	0	0	0	0	0	0.13333	0.19608	0.0039216	0	0	0	0	0	0	
0.047059	0	0	0	0	0	0	0	0	0	0	0	0	0	0	0	0	0	0	0.05098	0.20392	0.070588	0	0	0	0	0	0	0	0	
0	0	0	0	0	0	0	0	0	0	0	0	0	0	0	0	0	0.0039216	0.18824	0.15686	0.0039216	0	0	0	0	0	0	0	0	0	
0	0	0.094118	0.07451	0	0	0	0	0	0	0	0	0	0	0	0	0.07451	0.20392	0.015686	0	0	0	0	0	0	0	0	0	0	0	
0	0	0	0.13333	0.20784	0.20784	0.20784	0.20784	0.20784	0.20784	0.20784	0.20784	0.20784	0.20784	0.20784	0.20784	0.13333	0	0	0	0	0	0	0	0	0	0	0	0	0	
0	0	0	0	0	0	0	0	0	0	0	0	0	0	0	0	0	0	0	0	0	0	0	0	0	0	0	0	0	0	
0	0	0	0	0	0	0	0	0	0	0	0	0	0	0	0	0	0	0	0	0	0	0	0	0	0	0	0	0	0	
0	0	0	0	0	0	0	0	0	0	0	0	0	0	0	0	0	0	0	0	0	0	0	0	0	0	0	0	0	0	
0	0	0	0	0	0	0	0	0	0	0	0	0	0	0	0	0	0	0	0	0	0	0	0	0	0	0	0	0	0	
0	0	0	0	0	0	0	0	0	0	0	0	0	0	0	0	0	0	0	0	0	0	0	0	0	0	0	0	0	0	
0	0	0	0	0	0	0	0	0	0	0	0	0	0	0	0	0	0	0	0	0	0	0	0	0	0	0	0	0	0	
0	0	0	0	0	0	0	0	0	0	0	0	0	0	0	0	0	0	0	0	0	0	0	0	0	0	0	0	0	0	
0	0	0	0	0	0	0	0	0	0	0	0	0	0	0	0	0	0	0	0	0	0	0	0	0	0	0	0	0	0	
0	0	0	0	0	0	0	0	0	0	0	0	0	0	0	0	0	0	0	0	0	0	0	0	0	0	0	0	0	0	
0	0	0	0	0	0	0	0	0	0	0	0	0	0	0	0	0	0	0	0	0	0	0	0	0	0	0	0	0	0	
0	0	0	0	0	0	0	0	0	0	0	0	0	0	0	0	0	0	0	0	0	0	0	0	0	0	0	0	0	0	
0	0	0	0	0	0	0	0	0	0	0	0	0	0	0	0	0	0	0	0	0	0	0	0	0	0	0	0	0	0	
0	0	0	0	0	0	0	0	0	0	0	0	0	0	0	0	0	0	0	0	0	0	0	0	0	0	0	0	0	0	
0	0	0	0	0	0	0	0	0	0	0	0	0	0	0	0	0	0	0	0	0	0	0	0	0	0	0	0	0	0	
0	0	0	0	0	0	0	0	0	0	0	0	0	0	0	0	0	0	0	0	0	0	0	0	0	0	0	0	0	0	
0	0	0	0	0	0	0	0	0	0	0	0	0	0	0	0	0	0	0	0	0	0	0	0	0	0	0	0	0	0	
0	0	0	0	0	0	0	0	0	0	0	0	0	0	0	0	0	0	0	0	0	0	0	0	0	0	0	0	0	0	

1
1
30		30
1
631	582
631	542
766	597
1
640	594
59
631	582
633	579
638	575
645	570
651	566
657	561
664	557
668	553
673	549
677	546
680	544
682	543
683	542
684	542
686	543
689	544
691	544
696	544
700	546
706	547
712	550
719	552
727	552
735	553
742	553
748	553
753	553
756	553
757	553
759	553
761	555
762	555
763	555
765	555
766	555
761	559
754	564
746	570
738	576
728	582
719	588
712	592
707	595
705	597
704	597
703	597
701	597
700	597
698	597
693	597
686	597
679	597
670	597
661	597
653	597
647	597
643	596
641	594
640	594



7
3
30	30
0	0	0	0	0	0	0	0	0	0	0	0	0	0.098039	0.12941	0	0	0	0	0	0	0	0	0	0	0	0	0	0	0	
0	0	0	0	0	0	0	0	0	0	0	0.094118	0.11765	0.015686	0.011765	0.11765	0.11765	0.11373	0.0039216	0	0	0	0	0	0	0	0	0	0	0	
0	0	0	0	0	0	0	0	0	0.07451	0.11765	0.019608	0	0	0	0	0	0	0.1098	0.11765	0.098039	0	0	0	0	0	0	0	0	0	
0	0	0	0	0	0	0	0.054902	0.11765	0.039216	0	0	0	0	0	0	0	0	0	0	0.015686	0.11765	0.11765	0.043137	0	0	0	0	0	0	
0	0	0	0	0	0.0078431	0.1098	0.058824	0	0	0	0	0	0	0	0	0	0	0	0	0	0	0	0.070588	0.11765	0.047059	0	0	0	0	
0	0	0	0	0.047059	0.10588	0.0039216	0	0	0	0	0	0	0	0	0	0	0	0	0	0	0	0	0	0	0.066667	0.11765	0.023529	0	0	
0.011765	0	0.035294	0.11765	0.066667	0	0	0	0	0	0	0	0	0	0	0	0	0	0	0	0	0	0	0	0	0	0	0.090196	0.12549	0.12157	
0.1451	0.21961	0.16863	0	0	0	0	0	0	0	0	0	0	0	0	0	0	0	0	0	0	0	0	0	0	0	0	0.090196	0.10588	0.0039216	
0	0	0.023529	0.11765	0.11765	0.11765	0.11765	0.11765	0.11765	0.11765	0.11765	0.11765	0.11765	0.11765	0.11765	0.035294	0	0	0	0	0	0	0	0	0.058824	0.11765	0.11765	0.023529	0	0	
0	0	0	0	0	0	0	0	0	0	0	0	0	0	0	0.078431	0.11765	0.078431	0	0	0	0	0.027451	0.11765	0.054902	0	0	0	0	0	
0	0	0	0	0	0	0	0	0	0	0	0	0	0	0	0	0	0.035294	0.11765	0.011765	0	0.082353	0.086275	0	0	0	0	0	0	0	
0	0	0	0	0	0	0	0	0	0	0	0	0	0	0	0	0	0	0	0.10196	0.11765	0.031373	0	0	0	0	0	0	0	0	
0	0	0	0	0	0	0	0	0	0	0	0	0	0	0	0	0	0	0	0	0	0	0	0	0	0	0	0	0	0	
0	0	0	0	0	0	0	0	0	0	0	0	0	0	0	0	0	0	0	0	0	0	0	0	0	0	0	0	0	0	
0	0	0	0	0	0	0	0	0	0	0	0	0	0	0	0	0	0	0	0	0	0	0	0	0	0	0	0	0	0	
0	0	0	0	0	0	0	0	0	0	0	0	0	0	0	0	0	0	0	0	0	0	0	0	0	0	0	0	0	0	
0	0	0	0	0	0	0	0	0	0	0	0	0	0	0	0	0	0	0	0	0	0	0	0	0	0	0	0	0	0	
0	0	0	0	0	0	0	0	0	0	0	0	0	0	0	0	0	0	0	0	0	0	0	0	0	0	0	0	0	0	
0	0	0	0	0	0	0	0	0	0	0	0	0	0	0	0	0	0	0	0	0	0	0	0	0	0	0	0	0	0	
0	0	0	0	0	0	0	0	0	0	0	0	0	0	0	0	0	0	0	0	0	0	0	0	0	0	0	0	0	0	
0	0	0	0	0	0	0	0	0	0	0	0	0	0	0	0	0	0	0	0	0	0	0	0	0	0	0	0	0	0	
0	0	0	0	0	0	0	0	0	0	0	0	0	0	0	0	0	0	0	0	0	0	0	0	0	0	0	0	0	0	
0	0	0	0	0	0	0	0	0	0	0	0	0	0	0	0	0	0	0	0	0	0	0	0	0	0	0	0	0	0	
0	0	0	0	0	0	0	0	0	0	0	0	0	0	0	0	0	0	0	0	0	0	0	0	0	0	0	0	0	0	
0	0	0	0	0	0	0	0	0	0	0	0	0	0	0	0	0	0	0	0	0	0	0	0	0	0	0	0	0	0	
0	0	0	0	0	0	0	0	0	0	0	0	0	0	0	0	0	0	0	0	0	0	0	0	0	0	0	0	0	0	
0	0	0	0	0	0	0	0	0	0	0	0	0	0	0	0	0	0	0	0	0	0	0	0	0	0	0	0	0	0	
0	0	0	0	0	0	0	0	0	0	0	0	0	0	0	0	0	0	0	0	0	0	0	0	0	0	0	0	0	0	
0	0	0	0	0	0	0	0	0	0	0	0	0	0	0	0	0	0	0	0	0	0	0	0	0	0	0	0	0	0	
0	0	0	0	0	0	0	0	0	0	0	0	0	0	0	0	0	0	0	0	0	0	0	0	0	0	0	0	0	0	

1
1
30		30
1
282	488
282	427
511	522
1
283	486
80
282	488
286	489
298	484
309	479
322	469
336	459
351	450
365	442
378	435
387	429
392	427
392	429
394	431
399	435
405	438
414	439
424	442
435	445
444	450
453	454
463	458
471	462
478	466
486	471
493	475
499	478
503	480
504	480
505	481
507	481
508	481
510	481
511	482
507	483
499	488
492	492
487	495
480	499
473	499
470	501
469	501
466	502
463	505
459	507
456	510
452	511
451	512
450	513
449	514
446	517
445	518
444	519
443	519
442	520
441	521
440	522
439	522
437	522
432	520
427	515
418	509
410	506
401	501
392	498
382	497
371	495
360	494
348	492
337	492
325	492
314	492
306	492
301	492
296	491
293	489
291	488
289	486
286	484
284	483
283	486



7
3
30	30
0	0	0	0	0	0	0	0	0	0	0	0	0	0.035294	0.18431	0.17647	0.023529	0	0	0	0	0	0	0	0	0	0	0	0	0	
0	0	0	0	0	0	0	0	0	0	0	0.027451	0.18431	0.1451	0	0.0039216	0.15686	0.17647	0.027451	0	0	0	0	0	0	0	0	0	0	0	
0	0	0	0	0	0	0	0	0	0.019608	0.11373	0.15294	0	0	0	0	0	0.0039216	0.15294	0.18431	0.027451	0	0	0	0	0	0	0	0	0	
0	0	0	0	0	0	0.12157	0.17647	0.18431	0.16078	0.066667	0	0	0	0	0	0	0	0	0	0.15294	0.16078	0	0	0	0	0	0	0	0	
0	0	0.011765	0.086275	0.18431	0.18431	0.058824	0.0039216	0	0	0	0	0	0	0	0	0	0	0	0	0	0.019608	0.18431	0.14902	0	0	0	0	0	0	
0.062745	0.18431	0.16863	0.094118	0	0	0	0	0	0	0	0	0	0	0	0	0	0	0	0	0	0	0	0.031373	0.18039	0.18431	0.11373	0.015686	0	0	
0.062745	0.15294	0	0	0	0	0	0	0	0	0	0	0	0	0	0	0	0	0	0	0	0	0	0	0	0	0.066667	0.17647	0.36078	0.090196	
0	0.027451	0.18431	0.078431	0	0	0	0	0	0	0	0	0	0	0	0	0	0	0	0	0	0	0	0	0	0.12157	0.18431	0.17255	0.0039216	0	
0	0	0	0.10196	0.18431	0.18431	0.1451	0	0	0	0	0	0	0	0	0	0	0	0	0	0	0.058824	0.16863	0.18431	0.18039	0.058824	0	0	0	0	
0	0	0	0	0	0	0.035294	0.18431	0.18431	0.18431	0.16471	0.027451	0.0039216	0.027451	0.18431	0.18431	0.18431	0.18431	0.18431	0.18431	0.18431	0.12157	0.011765	0	0	0	0	0	0	0	
0	0	0	0	0	0	0	0	0	0	0.015686	0.15294	0.17647	0.14118	0	0	0	0	0	0	0	0	0	0	0	0	0	0	0	0	
0	0	0	0	0	0	0	0	0	0	0	0	0	0.082353	0	0	0	0	0	0	0	0	0	0	0	0	0	0	0	0	
0	0	0	0	0	0	0	0	0	0	0	0	0	0	0	0	0	0	0	0	0	0	0	0	0	0	0	0	0	0	
0	0	0	0	0	0	0	0	0	0	0	0	0	0	0	0	0	0	0	0	0	0	0	0	0	0	0	0	0	0	
0	0	0	0	0	0	0	0	0	0	0	0	0	0	0	0	0	0	0	0	0	0	0	0	0	0	0	0	0	0	
0	0	0	0	0	0	0	0	0	0	0	0	0	0	0	0	0	0	0	0	0	0	0	0	0	0	0	0	0	0	
0	0	0	0	0	0	0	0	0	0	0	0	0	0	0	0	0	0	0	0	0	0	0	0	0	0	0	0	0	0	
0	0	0	0	0	0	0	0	0	0	0	0	0	0	0	0	0	0	0	0	0	0	0	0	0	0	0	0	0	0	
0	0	0	0	0	0	0	0	0	0	0	0	0	0	0	0	0	0	0	0	0	0	0	0	0	0	0	0	0	0	
0	0	0	0	0	0	0	0	0	0	0	0	0	0	0	0	0	0	0	0	0	0	0	0	0	0	0	0	0	0	
0	0	0	0	0	0	0	0	0	0	0	0	0	0	0	0	0	0	0	0	0	0	0	0	0	0	0	0	0	0	
0	0	0	0	0	0	0	0	0	0	0	0	0	0	0	0	0	0	0	0	0	0	0	0	0	0	0	0	0	0	
0	0	0	0	0	0	0	0	0	0	0	0	0	0	0	0	0	0	0	0	0	0	0	0	0	0	0	0	0	0	
0	0	0	0	0	0	0	0	0	0	0	0	0	0	0	0	0	0	0	0	0	0	0	0	0	0	0	0	0	0	
0	0	0	0	0	0	0	0	0	0	0	0	0	0	0	0	0	0	0	0	0	0	0	0	0	0	0	0	0	0	
0	0	0	0	0	0	0	0	0	0	0	0	0	0	0	0	0	0	0	0	0	0	0	0	0	0	0	0	0	0	
0	0	0	0	0	0	0	0	0	0	0	0	0	0	0	0	0	0	0	0	0	0	0	0	0	0	0	0	0	0	
0	0	0	0	0	0	0	0	0	0	0	0	0	0	0	0	0	0	0	0	0	0	0	0	0	0	0	0	0	0	
0	0	0	0	0	0	0	0	0	0	0	0	0	0	0	0	0	0	0	0	0	0	0	0	0	0	0	0	0	0	
0	0	0	0	0	0	0	0	0	0	0	0	0	0	0	0	0	0	0	0	0	0	0	0	0	0	0	0	0	0	

1
1
30		30
1
415	363
345	305
498	363
1
415	356
69
415	363
413	360
407	357
400	356
389	353
379	351
370	348
363	347
358	344
353	341
349	338
347	336
346	335
345	334
347	332
352	330
360	329
367	327
373	324
379	323
383	321
384	321
387	321
390	320
392	319
394	318
397	318
400	317
403	314
405	312
409	311
411	309
413	308
414	308
417	306
418	306
420	305
421	305
424	305
427	307
433	310
439	313
446	316
451	319
461	325
471	330
482	334
491	336
495	336
498	336
496	337
490	340
483	343
474	346
464	349
456	351
448	352
441	354
436	354
431	354
430	354
427	354
425	354
424	354
422	354
420	354
418	355
416	355
415	356



7
3
30	30
0	0	0	0	0	0	0.14118	0.086275	0	0	0	0	0	0	0	0	0	0	0	0	0	0	0	0	0	0	0	0	0	0	
0	0	0	0	0	0.0039216	0.17647	0.13725	0.07451	0	0	0	0	0	0	0	0	0	0	0	0	0	0	0	0	0	0	0	0	0	
0	0	0	0	0	0.13333	0.047059	0	0.18431	0	0	0	0	0	0	0	0	0	0	0	0	0	0	0	0	0	0	0	0	0	
0	0	0	0	0	0.18431	0	0	0.12157	0.058824	0	0	0	0	0	0	0	0	0	0	0	0	0	0	0	0	0	0	0	0	
0	0	0	0	0	0.18431	0	0	0	0.18431	0	0	0	0	0	0	0	0	0	0	0	0	0	0	0	0	0	0	0	0	
0	0	0	0	0	0.18039	0	0	0	0.1098	0.07451	0	0	0	0	0	0	0	0	0	0	0	0	0	0	0	0	0	0	0	
0	0	0	0	0.054902	0.12549	0	0	0	0	0.18431	0	0	0	0	0	0	0	0	0	0	0	0	0	0	0	0	0	0	0	
0	0	0	0	0.18431	0	0	0	0	0	0.035294	0.1451	0	0	0	0	0	0	0	0	0	0	0	0	0	0	0	0	0	0	
0	0	0	0.015686	0.16471	0	0	0	0	0	0	0.17647	0.0039216	0	0	0	0	0	0	0	0	0	0	0	0	0	0	0	0	0	
0	0	0	0.18039	0	0	0	0	0	0	0	0.0039216	0.17647	0	0	0	0	0	0	0	0	0	0	0	0	0	0	0	0	0	
0	0	0.086275	0.098039	0	0	0	0	0	0	0	0	0.082353	0.10196	0	0	0	0	0	0	0	0	0	0	0	0	0	0	0	0	
0	0	0.18431	0	0	0	0	0	0	0	0	0	0	0.12157	0.058824	0	0	0	0	0	0	0	0	0	0	0	0	0	0	0	
0	0.047059	0.13333	0	0	0	0	0	0	0	0	0	0	0	0.12941	0.05098	0	0	0	0	0	0	0	0	0	0	0	0	0	0	
0	0.18431	0	0	0	0	0	0	0	0	0	0	0	0	0	0.13725	0.043137	0	0	0	0	0	0	0	0	0	0	0	0	0	
0.043137	0.14118	0	0	0	0	0	0	0	0	0	0	0	0	0	0	0.1451	0.070588	0	0	0	0	0	0	0	0	0	0	0	0	
0.18431	0	0	0	0	0	0	0	0	0	0	0	0	0	0	0	0	0.11765	0.19216	0.011765	0	0	0	0	0	0	0	0	0	0	
0.18431	0	0	0	0	0	0	0	0	0	0	0	0	0	0	0	0	0	0	0.17647	0.12549	0	0	0	0	0	0	0	0	0	
0.10588	0.07451	0	0	0	0	0	0	0	0	0	0	0	0	0	0	0	0	0	0	0.10588	0.13333	0	0	0	0	0	0	0	0	
0	0.11373	0.066667	0	0	0	0	0	0	0	0	0	0	0	0	0	0	0	0	0.031373	0.14902	0	0	0	0	0	0	0	0	0	
0	0	0.15686	0.027451	0	0	0	0	0	0	0	0	0	0	0	0	0	0	0.098039	0.15686	0	0	0	0	0	0	0	0	0	0	
0	0	0	0.18431	0	0	0	0	0	0	0	0	0	0	0	0	0	0.090196	0.090196	0	0	0	0	0	0	0	0	0	0	0	
0	0	0	0.05098	0.13333	0	0	0	0	0	0	0	0	0	0	0	0.047059	0.16863	0	0	0	0	0	0	0	0	0	0	0	0	
0	0	0	0	0.054902	0.12549	0	0	0	0	0	0	0	0	0	0.07451	0.14118	0	0	0	0	0	0	0	0	0	0	0	0	0	
0	0	0	0	0	0.062745	0.1451	0	0	0	0	0	0	0	0.066667	0.11373	0	0	0	0	0	0	0	0	0	0	0	0	0	0	
0	0	0	0	0	0	0.043137	0.1451	0	0	0	0	0	0.058824	0.12157	0	0	0	0	0	0	0	0	0	0	0	0	0	0	0	
0	0	0	0	0	0	0	0.043137	0.17255	0	0	0	0	0.18039	0	0	0	0	0	0	0	0	0	0	0	0	0	0	0	0	
0	0	0	0	0	0	0	0	0.015686	0.18431	0	0	0.14118	0.043137	0	0	0	0	0	0	0	0	0	0	0	0	0	0	0	0	
0	0	0	0	0	0	0	0	0	0	0	0	0.18431	0	0	0	0	0	0	0	0	0	0	0	0	0	0	0	0	0	
0	0	0	0	0	0	0	0	0	0	0	0.12941	0.05098	0	0	0	0	0	0	0	0	0	0	0	0	0	0	0	0	0	
0	0	0	0	0	0	0	0	0	0	0	0.07451	0	0	0	0	0	0	0	0	0	0	0	0	0	0	0	0	0	0	

1
1
30		30
1
458	227
408	91
520	240
1
466	240
60
458	227
456	226
451	221
445	216
438	210
432	204
426	198
421	191
417	186
413	182
409	178
408	177
408	175
409	169
410	165
413	158
416	153
419	145
423	140
427	133
430	128
432	122
433	117
434	111
436	105
437	100
439	95
440	93
440	91
447	94
451	101
456	112
463	123
470	135
480	148
489	157
497	165
505	169
512	174
518	177
520	178
516	182
511	187
504	192
497	201
492	205
486	210
482	214
480	216
477	220
476	222
475	224
474	226
474	228
473	229
472	231
471	233
468	237
466	239
466	240



7
3
30	30
0	0	0	0	0	0	0	0	0	0	0	0	0	0.078431	0.20784	0.18431	0	0	0	0	0	0	0	0	0	0	0	0	0	0	
0	0	0	0	0	0	0	0	0	0	0	0	0.086275	0.12941	0	0.019608	0.20784	0.18431	0.019608	0	0	0	0	0	0	0	0	0	0	0	
0	0	0	0	0	0	0	0	0	0	0	0	0.21569	0	0	0	0	0.019608	0.18431	0.20784	0.15294	0.015686	0	0	0	0	0	0	0	0	
0	0	0	0	0	0	0	0	0	0	0	0.17647	0.035294	0	0	0	0	0	0	0	0.054902	0.18824	0.20784	0.054902	0	0	0	0	0	0	
0	0	0	0	0	0	0	0	0	0	0.18824	0.027451	0	0	0	0	0	0	0	0	0	0	0	0.14902	0.20784	0.16471	0	0	0	0	
0	0	0	0	0	0	0	0	0	0	0.21569	0	0	0	0	0	0	0	0	0	0	0	0	0	0	0.043137	0.20784	0.19608	0.14902	0.015686	
0	0	0	0	0	0	0	0	0	0.18824	0.027451	0	0	0	0	0	0	0	0	0	0	0	0	0	0	0	0	0.0078431	0.10588	0.16078	
0	0	0	0	0	0	0	0.043137	0.18824	0.019608	0	0	0	0	0	0	0	0	0	0	0	0	0	0	0	0	0	0	0.17647	0.035294	
0	0	0	0	0	0.019608	0.20784	0.16078	0.011765	0	0	0	0	0	0	0	0	0	0	0	0	0	0	0	0	0	0	0.17647	0.035294	0	
0.070588	0.18039	0.17647	0.086275	0.031373	0.18431	0	0	0	0	0	0	0	0	0	0	0	0	0	0	0	0	0	0	0	0	0.1098	0.10588	0	0	
0	0.023529	0.027451	0.11765	0.25882	0.20784	0.20784	0.20784	0.18824	0.082353	0	0	0	0	0	0	0	0	0	0	0	0	0	0	0.0039216	0.17647	0.1098	0	0	0	
0	0	0	0	0	0	0	0	0.015686	0.12157	0.20784	0.20784	0.20784	0.20784	0.20784	0.20784	0.19216	0.082353	0	0	0	0	0	0.062745	0.20392	0.027451	0	0	0	0	
0	0	0	0	0	0	0	0	0	0	0	0	0	0	0	0	0.015686	0.12157	0.20784	0.20784	0.13725	0.039216	0.1451	0.14118	0	0	0	0	0	0	
0	0	0	0	0	0	0	0	0	0	0	0	0	0	0	0	0	0	0	0	0.066667	0.16863	0.058824	0	0	0	0	0	0	0	
0	0	0	0	0	0	0	0	0	0	0	0	0	0	0	0	0	0	0	0	0	0	0	0	0	0	0	0	0	0	
0	0	0	0	0	0	0	0	0	0	0	0	0	0	0	0	0	0	0	0	0	0	0	0	0	0	0	0	0	0	
0	0	0	0	0	0	0	0	0	0	0	0	0	0	0	0	0	0	0	0	0	0	0	0	0	0	0	0	0	0	
0	0	0	0	0	0	0	0	0	0	0	0	0	0	0	0	0	0	0	0	0	0	0	0	0	0	0	0	0	0	
0	0	0	0	0	0	0	0	0	0	0	0	0	0	0	0	0	0	0	0	0	0	0	0	0	0	0	0	0	0	
0	0	0	0	0	0	0	0	0	0	0	0	0	0	0	0	0	0	0	0	0	0	0	0	0	0	0	0	0	0	
0	0	0	0	0	0	0	0	0	0	0	0	0	0	0	0	0	0	0	0	0	0	0	0	0	0	0	0	0	0	
0	0	0	0	0	0	0	0	0	0	0	0	0	0	0	0	0	0	0	0	0	0	0	0	0	0	0	0	0	0	
0	0	0	0	0	0	0	0	0	0	0	0	0	0	0	0	0	0	0	0	0	0	0	0	0	0	0	0	0	0	
0	0	0	0	0	0	0	0	0	0	0	0	0	0	0	0	0	0	0	0	0	0	0	0	0	0	0	0	0	0	
0	0	0	0	0	0	0	0	0	0	0	0	0	0	0	0	0	0	0	0	0	0	0	0	0	0	0	0	0	0	
0	0	0	0	0	0	0	0	0	0	0	0	0	0	0	0	0	0	0	0	0	0	0	0	0	0	0	0	0	0	
0	0	0	0	0	0	0	0	0	0	0	0	0	0	0	0	0	0	0	0	0	0	0	0	0	0	0	0	0	0	
0	0	0	0	0	0	0	0	0	0	0	0	0	0	0	0	0	0	0	0	0	0	0	0	0	0	0	0	0	0	
0	0	0	0	0	0	0	0	0	0	0	0	0	0	0	0	0	0	0	0	0	0	0	0	0	0	0	0	0	0	
0	0	0	0	0	0	0	0	0	0	0	0	0	0	0	0	0	0	0	0	0	0	0	0	0	0	0	0	0	0	

1
1
30		30
1
630	231
612	186
742	246
1
612	228
68
630	231
633	228
636	225
641	222
645	221
649	217
652	214
655	211
655	210
655	208
656	207
658	204
660	201
661	200
662	199
663	198
664	197
665	195
665	193
667	191
668	190
670	188
671	187
672	186
673	186
678	186
684	189
690	192
696	195
703	197
709	199
715	202
721	205
727	207
733	210
736	211
739	211
741	211
742	212
742	213
741	217
736	222
732	228
729	231
724	235
720	238
717	240
715	241
714	242
713	243
712	244
709	246
707	245
703	245
695	242
686	240
676	239
664	236
653	236
641	233
632	233
625	231
620	230
619	230
616	230
614	230
613	229
612	228



7
3
30	30
0	0	0	0	0	0	0	0	0	0	0	0	0	0	0.031373	0.15686	0.15686	0.14902	0.011765	0	0	0	0	0	0	0	0	0	0	0	
0	0	0	0	0	0	0	0	0	0	0	0	0.10588	0.15686	0.12157	0	0	0.0039216	0.14118	0.078431	0	0	0	0	0	0	0	0	0	0	
0	0	0	0	0	0	0	0	0	0.043137	0.15686	0.15686	0.047059	0	0	0	0	0	0	0.07451	0.15686	0.058824	0	0	0	0	0	0	0	0	
0	0	0	0	0	0	0	0.07451	0.15686	0.1098	0	0	0	0	0	0	0	0	0	0	0	0.094118	0.15686	0.047059	0	0	0	0	0	0	
0	0	0	0	0	0.062745	0.15686	0.078431	0	0	0	0	0	0	0	0	0	0	0	0	0	0	0	0.10588	0.14902	0.011765	0	0	0	0	
0	0	0	0.05098	0.15686	0.090196	0	0	0	0	0	0	0	0	0	0	0	0	0	0	0	0	0	0	0.0039216	0.14118	0.12549	0	0	0	
0.078431	0.22353	0.15686	0.10196	0	0	0	0	0	0	0	0	0	0	0	0	0	0	0	0	0	0	0	0	0	0	0.027451	0.15294	0.11373	0	
0	0.039216	0.15686	0.11373	0	0	0	0	0	0	0	0	0	0	0	0	0	0	0	0	0	0	0	0	0	0	0	0	0.039216	0.12941	
0	0	0	0.035294	0.15686	0.015686	0	0	0	0	0	0	0	0	0	0	0	0	0	0	0	0	0	0	0	0	0.0039216	0.13333	0.17647	0.0039216	
0	0	0	0	0	0.13725	0.047059	0	0	0	0	0	0	0	0	0	0	0	0	0	0	0	0	0	0.090196	0.15686	0.14902	0.019608	0	0	
0	0	0	0	0	0	0.10588	0.054902	0	0	0	0	0	0	0	0	0	0	0	0	0	0.0078431	0.15294	0.15686	0.062745	0	0	0	0	0	
0	0	0	0	0	0	0	0.098039	0.058824	0	0	0	0	0	0	0	0	0	0.090196	0.15686	0.15686	0.1451	0	0	0	0	0	0	0	0	
0	0	0	0	0	0	0	0	0.098039	0.062745	0	0	0	0	0	0	0.098039	0.15686	0.062745	0	0	0	0	0	0	0	0	0	0	0	
0	0	0	0	0	0	0	0	0	0.12157	0.039216	0	0	0	0.066667	0.15686	0.054902	0	0	0	0	0	0	0	0	0	0	0	0	0	
0	0	0	0	0	0	0	0	0	0	0.05098	0.12941	0.15686	0.15686	0.086275	0	0	0	0	0	0	0	0	0	0	0	0	0	0	0	
0	0	0	0	0	0	0	0	0	0.13333	0.14902	0.023529	0	0	0	0	0	0	0	0	0	0	0	0	0	0	0	0	0	0	
0	0	0	0	0	0	0	0	0	0	0	0	0	0	0	0	0	0	0	0	0	0	0	0	0	0	0	0	0	0	
0	0	0	0	0	0	0	0	0	0	0	0	0	0	0	0	0	0	0	0	0	0	0	0	0	0	0	0	0	0	
0	0	0	0	0	0	0	0	0	0	0	0	0	0	0	0	0	0	0	0	0	0	0	0	0	0	0	0	0	0	
0	0	0	0	0	0	0	0	0	0	0	0	0	0	0	0	0	0	0	0	0	0	0	0	0	0	0	0	0	0	
0	0	0	0	0	0	0	0	0	0	0	0	0	0	0	0	0	0	0	0	0	0	0	0	0	0	0	0	0	0	
0	0	0	0	0	0	0	0	0	0	0	0	0	0	0	0	0	0	0	0	0	0	0	0	0	0	0	0	0	0	
0	0	0	0	0	0	0	0	0	0	0	0	0	0	0	0	0	0	0	0	0	0	0	0	0	0	0	0	0	0	
0	0	0	0	0	0	0	0	0	0	0	0	0	0	0	0	0	0	0	0	0	0	0	0	0	0	0	0	0	0	
0	0	0	0	0	0	0	0	0	0	0	0	0	0	0	0	0	0	0	0	0	0	0	0	0	0	0	0	0	0	
0	0	0	0	0	0	0	0	0	0	0	0	0	0	0	0	0	0	0	0	0	0	0	0	0	0	0	0	0	0	
0	0	0	0	0	0	0	0	0	0	0	0	0	0	0	0	0	0	0	0	0	0	0	0	0	0	0	0	0	0	
0	0	0	0	0	0	0	0	0	0	0	0	0	0	0	0	0	0	0	0	0	0	0	0	0	0	0	0	0	0	
0	0	0	0	0	0	0	0	0	0	0	0	0	0	0	0	0	0	0	0	0	0	0	0	0	0	0	0	0	0	
0	0	0	0	0	0	0	0	0	0	0	0	0	0	0	0	0	0	0	0	0	0	0	0	0	0	0	0	0	0	

1
1
30		30
1
388	716
329	629
506	724
1
382	724
68
388	716
388	715
387	713
384	710
380	705
375	700
369	694
362	687
354	681
349	677
342	673
337	671
334	669
331	668
329	668
330	668
331	668
333	668
336	668
340	668
344	666
352	662
361	657
372	651
385	645
396	641
406	636
415	633
420	630
424	629
427	629
429	629
433	630
438	633
446	639
455	644
465	649
475	655
485	661
494	666
499	669
503	671
504	672
505	673
506	674
503	678
498	681
490	684
481	688
474	690
466	694
457	697
449	699
442	701
439	702
435	704
431	706
428	708
425	709
421	712
415	715
409	717
401	720
395	721
389	723
385	724
383	724
382	724



7
3
30	30
0	0	0	0	0	0	0	0	0	0.07451	0.2	0.0078431	0	0	0	0	0	0	0	0	0	0	0	0	0	0	0	0	0	0	
0	0	0	0	0	0	0	0.0078431	0.2	0.13333	0.0078431	0.2	0	0	0	0	0	0	0	0	0	0	0	0	0	0	0	0	0	0	
0	0	0	0	0	0	0.13725	0.2	0.0078431	0	0	0.10588	0.10196	0	0	0	0	0	0	0	0	0	0	0	0	0	0	0	0	0	
0	0	0	0	0.14118	0.20784	0.070588	0	0	0	0	0	0.13333	0.07451	0	0	0	0	0	0	0	0	0	0	0	0	0	0	0	0	
0	0	0.094118	0.21176	0.066667	0	0	0	0	0	0	0	0	0.13333	0.21176	0.066667	0	0	0	0	0	0	0	0	0	0	0	0	0	0	
0.1451	0.23922	0.11373	0	0	0	0	0	0	0	0	0	0	0	0	0.14118	0.21176	0.12157	0.011765	0	0	0	0	0	0	0	0	0	0	0	
0.023529	0.20784	0.023529	0	0	0	0	0	0	0	0	0	0	0	0	0	0	0.086275	0.19608	0.21176	0.21176	0.14118	0	0	0	0	0	0	0	0	
0	0	0.18431	0.11373	0	0	0	0	0	0	0	0	0	0	0	0	0	0	0	0	0	0.070588	0.21176	0.21176	0.21176	0.21176	0.21176	0.12157	0	0	
0	0	0	0.094118	0.19608	0.0078431	0	0	0	0	0	0	0	0	0	0	0	0	0	0	0	0	0	0	0	0	0	0.086275	0.12157	0	
0	0	0	0	0.011765	0.20392	0.21176	0.098039	0	0	0	0	0	0	0	0	0	0	0	0	0	0	0	0	0	0	0	0	0.31765	0.07451	
0	0	0	0	0	0	0	0.1098	0.21176	0.098039	0	0	0	0	0	0	0	0	0	0	0	0	0	0	0	0	0.11765	0.20784	0.058824	0	
0	0	0	0	0	0	0	0	0	0.1098	0.21176	0.1451	0	0	0	0	0	0	0	0	0	0	0	0.015686	0.15686	0.21176	0.090196	0	0	0	
0	0	0	0	0	0	0	0	0	0	0	0.062745	0.20784	0.0039216	0	0	0	0	0	0	0	0.0078431	0.18824	0.19216	0.05098	0	0	0	0	0	
0	0	0	0	0	0	0	0	0	0	0	0	0	0.078431	0	0	0	0	0	0	0.16078	0.2	0.019608	0	0	0	0	0	0	0	
0	0	0	0	0	0	0	0	0	0	0	0	0	0	0	0	0	0	0.082353	0.21176	0.047059	0	0	0	0	0	0	0	0	0	
0	0	0	0	0	0	0	0	0	0	0	0	0	0	0	0	0.18431	0.21176	0.12549	0	0	0	0	0	0	0	0	0	0	0	
0	0	0	0	0	0	0	0	0	0	0	0	0	0	0	0.18431	0.023529	0	0	0	0	0	0	0	0	0	0	0	0	0	
0	0	0	0	0	0	0	0	0	0	0	0	0	0	0	0	0	0	0	0	0	0	0	0	0	0	0	0	0	0	
0	0	0	0	0	0	0	0	0	0	0	0	0	0	0	0	0	0	0	0	0	0	0	0	0	0	0	0	0	0	
0	0	0	0	0	0	0	0	0	0	0	0	0	0	0	0	0	0	0	0	0	0	0	0	0	0	0	0	0	0	
0	0	0	0	0	0	0	0	0	0	0	0	0	0	0	0	0	0	0	0	0	0	0	0	0	0	0	0	0	0	
0	0	0	0	0	0	0	0	0	0	0	0	0	0	0	0	0	0	0	0	0	0	0	0	0	0	0	0	0	0	
0	0	0	0	0	0	0	0	0	0	0	0	0	0	0	0	0	0	0	0	0	0	0	0	0	0	0	0	0	0	
0	0	0	0	0	0	0	0	0	0	0	0	0	0	0	0	0	0	0	0	0	0	0	0	0	0	0	0	0	0	
0	0	0	0	0	0	0	0	0	0	0	0	0	0	0	0	0	0	0	0	0	0	0	0	0	0	0	0	0	0	
0	0	0	0	0	0	0	0	0	0	0	0	0	0	0	0	0	0	0	0	0	0	0	0	0	0	0	0	0	0	
0	0	0	0	0	0	0	0	0	0	0	0	0	0	0	0	0	0	0	0	0	0	0	0	0	0	0	0	0	0	
0	0	0	0	0	0	0	0	0	0	0	0	0	0	0	0	0	0	0	0	0	0	0	0	0	0	0	0	0	0	
0	0	0	0	0	0	0	0	0	0	0	0	0	0	0	0	0	0	0	0	0	0	0	0	0	0	0	0	0	0	
0	0	0	0	0	0	0	0	0	0	0	0	0	0	0	0	0	0	0	0	0	0	0	0	0	0	0	0	0	0	

1
1
30		30
1
658	688
599	629
733	702
1
667	702
54
658	688
656	686
652	683
646	680
639	677
629	672
620	669
613	664
608	660
603	657
601	655
600	653
600	652
599	651
604	651
612	647
621	642
630	638
636	633
640	631
643	629
645	629
648	631
650	634
653	639
659	645
667	649
678	654
691	657
702	660
711	661
718	661
721	661
723	661
725	663
726	664
728	666
730	670
731	671
732	672
733	672
731	672
724	675
719	678
710	682
703	685
693	690
687	694
679	699
673	700
670	702
669	702
668	702
667	702



7
3
30	30
0	0	0	0	0	0	0	0	0	0	0	0	0.14118	0.086275	0	0	0	0	0	0	0	0	0	0	0	0	0	0	0	0	
0	0	0	0	0	0	0	0	0	0	0	0.019608	0.16471	0.18824	0	0	0	0	0	0	0	0	0	0	0	0	0	0	0	0	
0	0	0	0	0	0	0	0	0	0	0	0.18824	0	0.17647	0.0078431	0	0	0	0	0	0	0	0	0	0	0	0	0	0	0	
0	0	0	0	0	0	0	0	0	0	0.031373	0.16863	0	0	0.18824	0	0	0	0	0	0	0	0	0	0	0	0	0	0	0	
0	0	0	0	0	0	0	0	0	0.047059	0.17647	0.015686	0	0	0.18824	0	0	0	0	0	0	0	0	0	0	0	0	0	0	0	
0	0	0	0	0	0	0	0	0.043137	0.1451	0	0	0	0	0.18824	0	0	0	0	0	0	0	0	0	0	0	0	0	0	0	
0	0	0	0	0	0	0	0.035294	0.14902	0	0	0	0	0	0.11373	0.070588	0	0	0	0	0	0	0	0	0	0	0	0	0	0	
0	0	0	0	0	0	0.027451	0.15686	0	0	0	0	0	0	0.011765	0.17255	0	0	0	0	0	0	0	0	0	0	0	0	0	0	
0	0	0	0	0	0.023529	0.16471	0	0	0	0	0	0	0	0	0.18824	0	0	0	0	0	0	0	0	0	0	0	0	0	0	
0	0	0	0	0	0.18431	0	0	0	0	0	0	0	0	0	0.18824	0	0	0	0	0	0	0	0	0	0	0	0	0	0	
0	0	0	0	0.16471	0.019608	0	0	0	0	0	0	0	0	0	0.10588	0.082353	0	0	0	0	0	0	0	0	0	0	0	0	0	
0	0	0	0.12157	0.062745	0	0	0	0	0	0	0	0	0	0	0	0.18824	0	0	0	0	0	0	0	0	0	0	0	0	0	
0	0	0.078431	0.10588	0	0	0	0	0	0	0	0	0	0	0	0	0.18039	0.0039216	0	0	0	0	0	0	0	0	0	0	0	0	
0	0.0078431	0.18039	0	0	0	0	0	0	0	0	0	0	0	0	0	0.019608	0.16471	0	0	0	0	0	0	0	0	0	0	0	0	
0	0.17647	0.0078431	0	0	0	0	0	0	0	0	0	0	0	0	0	0	0.13725	0.047059	0	0	0	0	0	0	0	0	0	0	0	
0.14118	0.043137	0	0	0	0	0	0	0	0	0	0	0	0	0	0	0	0	0.17647	0.011765	0	0	0	0	0	0	0	0	0	0	
0.18824	0	0	0	0	0	0	0	0	0	0	0	0	0	0	0	0	0	0.0039216	0.17255	0.0039216	0	0	0	0	0	0	0	0	0	
0.054902	0.12941	0	0	0	0	0	0	0	0	0	0	0	0	0	0	0	0	0	0.0078431	0.18039	0	0	0	0	0	0	0	0	0	
0	0.18824	0	0	0	0	0	0	0	0	0	0	0	0	0	0	0	0	0	0.15686	0.027451	0	0	0	0	0	0	0	0	0	
0	0.058824	0.12549	0	0	0	0	0	0	0	0	0	0	0	0	0	0	0	0.16078	0.058824	0	0	0	0	0	0	0	0	0	0	
0	0	0.13725	0.05098	0	0	0	0	0	0	0	0	0	0	0	0	0.035294	0.19608	0.031373	0	0	0	0	0	0	0	0	0	0	0	
0	0	0	0.18824	0	0	0	0	0	0	0	0	0	0	0	0.1098	0.15686	0	0	0	0	0	0	0	0	0	0	0	0	0	
0	0	0	0.039216	0.1451	0	0	0	0	0	0	0	0	0.0078431	0.19608	0.082353	0	0	0	0	0	0	0	0	0	0	0	0	0	0	
0	0	0	0	0.18039	0.0078431	0	0	0	0	0	0	0	0.18824	0	0	0	0	0	0	0	0	0	0	0	0	0	0	0	0	
0	0	0	0	0.023529	0.16078	0	0	0	0	0	0	0.1451	0.043137	0	0	0	0	0	0	0	0	0	0	0	0	0	0	0	0	
0	0	0	0	0	0.11765	0.066667	0	0	0	0	0	0.18824	0	0	0	0	0	0	0	0	0	0	0	0	0	0	0	0	0	
0	0	0	0	0	0	0.16078	0.023529	0	0	0	0.12941	0.054902	0	0	0	0	0	0	0	0	0	0	0	0	0	0	0	0	0	
0	0	0	0	0	0	0	0.18824	0	0	0.062745	0.15294	0	0	0	0	0	0	0	0	0	0	0	0	0	0	0	0	0	0	
0	0	0	0	0	0	0	0.078431	0	0.13725	0.12941	0	0	0	0	0	0	0	0	0	0	0	0	0	0	0	0	0	0	0	
0	0	0	0	0	0	0	0	0.019608	0.054902	0	0	0	0	0	0	0	0	0	0	0	0	0	0	0	0	0	0	0	0	

1
1
30		30
1
208	635
171	494
275	640
1
215	640
61
208	635
208	633
205	628
199	621
195	615
192	609
187	601
183	595
179	590
175	584
174	580
171	576
171	571
175	566
179	561
185	553
191	546
198	538
204	531
209	526
216	519
220	515
226	511
227	507
229	505
230	502
232	499
233	495
234	494
238	495
241	503
244	512
247	524
251	538
254	551
260	561
266	570
270	574
274	578
275	579
275	581
273	584
271	586
267	590
262	594
258	597
254	600
249	603
245	606
241	608
238	612
235	617
234	620
231	625
228	630
225	633
223	634
221	636
218	637
216	639
215	640



7
3
30	30
0	0	0	0.13725	0.023529	0	0	0	0	0	0	0	0	0	0	0	0	0	0	0	0	0	0	0	0	0	0	0	0	0	
0	0	0	0.14118	0.16471	0.043137	0	0	0	0	0	0	0	0	0	0	0	0	0	0	0	0	0	0	0	0	0	0	0	0	
0	0	0	0	0.16471	0.12157	0.094118	0	0	0	0	0	0	0	0	0	0	0	0	0	0	0	0	0	0	0	0	0	0	0	
0	0	0	0	0.16471	0	0.070588	0.12941	0	0	0	0	0	0	0	0	0	0	0	0	0	0	0	0	0	0	0	0	0	0	
0	0	0	0	0.16471	0	0	0.039216	0.15294	0	0	0	0	0	0	0	0	0	0	0	0	0	0	0	0	0	0	0	0	0	
0	0	0	0	0.16471	0	0	0	0.011765	0.16863	0.0078431	0	0	0	0	0	0	0	0	0	0	0	0	0	0	0	0	0	0	0	
0	0	0	0	0.16471	0	0	0	0	0	0.15686	0.062745	0	0	0	0	0	0	0	0	0	0	0	0	0	0	0	0	0	0	
0	0	0	0	0.16471	0	0	0	0	0	0	0.10196	0.090196	0	0	0	0	0	0	0	0	0	0	0	0	0	0	0	0	0	
0	0	0	0	0.16078	0	0	0	0	0	0	0	0.078431	0.16863	0.090196	0	0	0	0	0	0	0	0	0	0	0	0	0	0	0	
0	0	0	0.16471	0	0	0	0	0	0	0	0	0	0	0.07451	0.16863	0.16863	0.082353	0	0	0	0	0	0	0	0	0	0	0	0	
0	0	0	0.16471	0	0	0	0	0	0	0	0	0	0	0	0	0	0.082353	0.16863	0.16863	0.16863	0.078431	0	0	0	0	0	0	0	0	
0	0	0	0.16471	0	0	0	0	0	0	0	0	0	0	0	0	0	0	0	0	0	0.16471	0	0	0	0	0	0	0	0	
0	0	0	0.16471	0	0	0	0	0	0	0	0	0	0	0	0	0	0	0	0	0.07451	0.090196	0	0	0	0	0	0	0	0	
0	0	0.098039	0.062745	0	0	0	0	0	0	0	0	0	0	0	0	0	0	0	0	0.16471	0	0	0	0	0	0	0	0	0	
0	0	0.16471	0	0	0	0	0	0	0	0	0	0	0	0	0	0	0	0	0	0.16471	0	0	0	0	0	0	0	0	0	
0	0.039216	0.12549	0	0	0	0	0	0	0	0	0	0	0	0	0	0	0	0	0	0.16471	0	0	0	0	0	0	0	0	0	
0	0.16471	0	0	0	0	0	0	0	0	0	0	0	0	0	0	0	0	0	0	0.16471	0	0	0	0	0	0	0	0	0	
0.11765	0.047059	0	0	0	0	0	0	0	0	0	0	0	0	0	0	0	0	0	0	0.16471	0	0	0	0	0	0	0	0	0	
0.10588	0.090196	0	0	0	0	0	0	0	0	0	0	0	0	0	0	0	0	0	0	0.16471	0	0	0	0	0	0	0	0	0	
0	0.078431	0.16863	0.027451	0	0	0	0	0	0	0	0	0	0	0	0	0	0	0	0	0.16471	0	0	0	0	0	0	0	0	0	
0	0	0	0.14118	0.13333	0	0	0	0	0	0	0	0	0	0	0	0	0	0	0.13725	0.027451	0	0	0	0	0	0	0	0	0	
0	0	0	0	0.031373	0.16863	0.098039	0	0	0	0	0	0	0	0	0	0	0	0	0.16471	0	0	0	0	0	0	0	0	0	0	
0	0	0	0	0	0	0.066667	0.16863	0.047059	0	0	0	0	0	0	0	0	0	0	0.16471	0	0	0	0	0	0	0	0	0	0	
0	0	0	0	0	0	0	0	0.11765	0.12941	0	0	0	0	0	0	0	0	0	0.16471	0	0	0	0	0	0	0	0	0	0	
0	0	0	0	0	0	0	0	0	0.039216	0.16863	0.070588	0	0	0	0	0	0	0	0.16471	0	0	0	0	0	0	0	0	0	0	
0	0	0	0	0	0	0	0	0	0	0	0.098039	0.16863	0.0078431	0	0	0	0	0	0.16471	0	0	0	0	0	0	0	0	0	0	
0	0	0	0	0	0	0	0	0	0	0	0	0	0.15686	0.035294	0	0	0	0.090196	0.070588	0	0	0	0	0	0	0	0	0	0	
0	0	0	0	0	0	0	0	0	0	0	0	0	0	0.12941	0.031373	0	0	0.16471	0	0	0	0	0	0	0	0	0	0	0	
0	0	0	0	0	0	0	0	0	0	0	0	0	0	0	0.13333	0.027451	0	0.16078	0	0	0	0	0	0	0	0	0	0	0	
0	0	0	0	0	0	0	0	0	0	0	0	0	0	0	0	0.078431	0	0	0	0	0	0	0	0	0	0	0	0	0	

1
1
30		30
1
641	304
548	134
673	304
1
654	301
82
641	304
642	302
638	298
633	293
626	286
616	280
604	273
592	265
581	259
570	253
561	247
554	243
551	241
549	239
548	238
549	236
550	233
552	231
554	226
558	222
559	218
562	212
565	205
565	200
567	194
568	187
570	179
570	173
570	166
570	160
570	153
570	148
569	142
567	138
567	136
566	134
570	137
574	141
581	146
587	151
595	157
601	163
608	169
614	173
621	179
627	182
635	185
644	188
653	191
659	191
663	191
666	191
668	191
669	192
670	193
671	193
672	194
673	196
672	201
669	210
669	219
668	229
666	239
665	249
663	257
662	264
662	270
662	273
662	276
660	278
660	279
659	282
659	283
659	285
659	286
657	289
656	291
656	294
654	296
654	297
654	300
654	301



7
3
30	30
0	0	0.086275	0	0	0	0	0	0	0	0	0	0	0	0	0	0	0	0	0	0	0	0	0	0	0	0	0	0	0	
0	0	0.37255	0.11373	0	0	0	0	0	0	0	0	0	0	0	0	0	0	0	0	0	0	0	0	0	0	0	0	0	0	
0	0	0.21961	0.1098	0.20392	0.019608	0	0	0	0	0	0	0	0	0	0	0	0	0	0	0	0	0	0	0	0	0	0	0	0	
0	0	0.21961	0	0.019608	0.20392	0.12941	0	0	0	0	0	0	0	0	0	0	0	0	0	0	0	0	0	0	0	0	0	0	0	
0	0	0.21961	0	0	0	0.094118	0.21569	0.011765	0	0	0	0	0	0	0	0	0	0	0	0	0	0	0	0	0	0	0	0	0	
0	0	0.21961	0	0	0	0	0.0039216	0.20784	0.17255	0	0	0	0	0	0	0	0	0	0	0	0	0	0	0	0	0	0	0	0	
0	0	0.21961	0	0	0	0	0	0	0.047059	0.22353	0.11373	0	0	0	0	0	0	0	0	0	0	0	0	0	0	0	0	0	0	
0	0	0.21569	0	0	0	0	0	0	0	0	0.10588	0.22353	0.054902	0	0	0	0	0	0	0	0	0	0	0	0	0	0	0	0	
0	0.0078431	0.20784	0	0	0	0	0	0	0	0	0	0	0.16471	0.21961	0.05098	0	0	0	0	0	0	0	0	0	0	0	0	0	0	
0	0.0078431	0.20784	0	0	0	0	0	0	0	0	0	0	0	0.0039216	0.17255	0.22353	0.086275	0	0	0	0	0	0	0	0	0	0	0	0	
0	0.0078431	0.20784	0	0	0	0	0	0	0	0	0	0	0	0	0	0	0.13333	0.22353	0.090196	0	0	0	0	0	0	0	0	0	0	
0	0.11373	0.10588	0	0	0	0	0	0	0	0	0	0	0	0	0	0	0	0	0.12941	0.1451	0	0	0	0	0	0	0	0	0	
0	0.21961	0	0	0	0	0	0	0	0	0	0	0	0	0	0	0	0	0	0	0.07451	0.18039	0	0	0	0	0	0	0	0	
0	0.21961	0	0	0	0	0	0	0	0	0	0	0	0	0	0	0	0	0	0	0	0.062745	0.15294	0	0	0	0	0	0	0	
0	0.21961	0	0	0	0	0	0	0	0	0	0	0	0	0	0	0	0	0	0	0	0	0.21961	0	0	0	0	0	0	0	
0.023529	0.19608	0	0	0	0	0	0	0	0	0	0	0	0	0	0	0	0	0	0	0	0.019608	0.19608	0	0	0	0	0	0	0	
0.16863	0.047059	0	0	0	0	0	0	0	0	0	0	0	0	0	0	0	0	0	0	0	0.10196	0.11373	0	0	0	0	0	0	0	
0.21961	0	0	0	0	0	0	0	0	0	0	0	0	0	0	0	0	0	0	0	0	0.10196	0.11373	0	0	0	0	0	0	0	
0.21176	0.0039216	0	0	0	0	0	0	0	0	0	0	0	0	0	0	0	0	0	0	0	0.10196	0.11373	0	0	0	0	0	0	0	
0.019608	0.21961	0.11373	0	0	0	0	0	0	0	0	0	0	0	0	0	0	0	0	0	0	0.10196	0.11373	0	0	0	0	0	0	0	
0	0	0.1098	0.12549	0	0	0	0	0	0	0	0	0	0	0	0	0	0	0	0	0	0.10196	0.11373	0	0	0	0	0	0	0	
0	0	0	0.098039	0.18431	0.0078431	0	0	0	0	0	0	0	0	0	0	0	0	0	0	0	0.11765	0.098039	0	0	0	0	0	0	0	
0	0	0	0	0.035294	0.21176	0.090196	0	0	0	0	0	0	0	0	0	0	0	0	0	0	0.21961	0	0	0	0	0	0	0	0	
0	0	0	0	0	0	0.13333	0.18431	0	0	0	0	0	0	0	0	0	0	0	0	0	0.21961	0	0	0	0	0	0	0	0	
0	0	0	0	0	0	0	0.035294	0.22353	0.098039	0	0	0	0	0	0	0	0	0	0	0	0.21961	0	0	0	0	0	0	0	0	
0	0	0	0	0	0	0	0	0	0.12549	0.19608	0.015686	0	0	0	0	0	0	0	0	0	0.21961	0	0	0	0	0	0	0	0	
0	0	0	0	0	0	0	0	0	0	0.023529	0.20784	0.21176	0.039216	0	0	0	0	0	0	0	0.21961	0	0	0	0	0	0	0	0	
0	0	0	0	0	0	0	0	0	0	0	0	0.0078431	0.18039	0.13725	0	0	0	0	0	0.05098	0.16471	0	0	0	0	0	0	0	0	
0	0	0	0	0	0	0	0	0	0	0	0	0	0	0.082353	0.13333	0	0	0	0	0.21961	0	0	0	0	0	0	0	0	0	
0	0	0	0	0	0	0	0	0	0	0	0	0	0	0	0.070588	0	0	0	0	0.019608	0	0	0	0	0	0	0	0	0	

1
1
30		30
1
716	507
648	381
745	507
1
738	506
62
716	507
712	503
705	498
696	494
688	489
681	485
674	480
668	476
663	473
660	470
657	467
652	465
651	464
650	463
649	462
648	461
648	459
648	456
649	450
651	444
652	438
654	428
654	420
655	411
655	403
655	396
655	390
655	385
655	384
654	381
656	383
661	387
669	392
678	398
690	405
702	412
714	418
725	423
732	426
737	430
741	433
743	435
744	436
745	438
745	443
745	447
744	452
744	458
744	464
744	468
744	474
743	480
743	485
741	490
741	492
741	494
740	497
740	498
740	500
738	502
738	504
738	506



7
3
30	30
0	0	0	0	0	0	0	0	0	0.078431	0	0	0	0	0	0	0	0	0	0	0	0	0	0	0	0	0	0	0	0	
0	0	0	0	0	0	0	0	0	0.22745	0.023529	0	0	0	0	0	0	0	0	0	0	0	0	0	0	0	0	0	0	0	
0	0	0	0	0	0	0	0	0.07451	0.054902	0.1098	0.019608	0	0	0	0	0	0	0	0	0	0	0	0	0	0	0	0	0	0	
0	0	0	0	0	0	0	0	0.11373	0.015686	0	0.1098	0.035294	0	0	0	0	0	0	0	0	0	0	0	0	0	0	0	0	0	
0	0	0	0	0	0	0	0	0.12941	0	0	0	0.098039	0.05098	0	0	0	0	0	0	0	0	0	0	0	0	0	0	0	0	
0	0	0	0	0	0	0	0.023529	0.10588	0	0	0	0	0.082353	0.066667	0	0	0	0	0	0	0	0	0	0	0	0	0	0	0	
0	0	0	0	0	0	0	0.12941	0	0	0	0	0	0	0.066667	0.098039	0	0	0	0	0	0	0	0	0	0	0	0	0	0	
0	0	0	0	0	0	0.039216	0.090196	0	0	0	0	0	0	0	0.035294	0.12941	0	0	0	0	0	0	0	0	0	0	0	0	0	
0	0	0	0	0	0	0.12941	0	0	0	0	0	0	0	0	0	0.0039216	0.13333	0.047059	0	0	0	0	0	0	0	0	0	0	0	
0	0	0	0	0	0.11373	0.015686	0	0	0	0	0	0	0	0	0	0	0	0.086275	0.098039	0	0	0	0	0	0	0	0	0	0	
0	0	0	0	0.07451	0.054902	0	0	0	0	0	0	0	0	0	0	0	0	0	0.035294	0.12941	0.011765	0	0	0	0	0	0	0	0	
0	0	0	0.090196	0.058824	0	0	0	0	0	0	0	0	0	0	0	0	0	0	0	0.0039216	0.12157	0.0078431	0	0	0	0	0	0	0	
0	0.0039216	0.12157	0.043137	0	0	0	0	0	0	0	0	0	0	0	0	0	0	0	0	0	0.031373	0.13333	0	0	0	0	0	0	0	
0.07451	0.12941	0.0078431	0	0	0	0	0	0	0	0	0	0	0	0	0	0	0	0	0	0.027451	0.10196	0	0	0	0	0	0	0	0	
0.094118	0.035294	0	0	0	0	0	0	0	0	0	0	0	0	0	0	0	0	0	0.023529	0.10588	0	0	0	0	0	0	0	0	0	
0	0.12549	0.0039216	0	0	0	0	0	0	0	0	0	0	0	0	0	0	0	0	0.12941	0	0	0	0	0	0	0	0	0	0	
0	0	0.12549	0.0039216	0	0	0	0	0	0	0	0	0	0	0	0	0	0	0.11765	0.011765	0	0	0	0	0	0	0	0	0	0	
0	0	0	0.12941	0	0	0	0	0	0	0	0	0	0	0	0	0	0.058824	0.070588	0	0	0	0	0	0	0	0	0	0	0	
0	0	0	0.054902	0.07451	0	0	0	0	0	0	0	0	0	0	0	0.035294	0.094118	0	0	0	0	0	0	0	0	0	0	0	0	
0	0	0	0	0.07451	0.054902	0	0	0	0	0	0	0	0	0	0	0.12941	0	0	0	0	0	0	0	0	0	0	0	0	0	
0	0	0	0	0	0.098039	0.031373	0	0	0	0	0	0	0	0	0.094118	0.035294	0	0	0	0	0	0	0	0	0	0	0	0	0	
0	0	0	0	0	0	0.12157	0.0078431	0	0	0	0	0	0	0.05098	0.078431	0	0	0	0	0	0	0	0	0	0	0	0	0	0	
0	0	0	0	0	0	0.0078431	0.12157	0	0	0	0	0	0	0.12941	0	0	0	0	0	0	0	0	0	0	0	0	0	0	0	
0	0	0	0	0	0	0	0.023529	0.10196	0	0	0	0	0.11373	0.015686	0	0	0	0	0	0	0	0	0	0	0	0	0	0	0	
0	0	0	0	0	0	0	0	0.047059	0.082353	0	0	0.07451	0.054902	0	0	0	0	0	0	0	0	0	0	0	0	0	0	0	0	
0	0	0	0	0	0	0	0	0	0.10588	0.023529	0.05098	0.078431	0	0	0	0	0	0	0	0	0	0	0	0	0	0	0	0	0	
0	0	0	0	0	0	0	0	0	0	0.1098	0.17255	0	0	0	0	0	0	0	0	0	0	0	0	0	0	0	0	0	0	
0	0	0	0	0	0	0	0	0	0	0.1098	0.019608	0	0	0	0	0	0	0	0	0	0	0	0	0	0	0	0	0	0	
0	0	0	0	0	0	0	0	0	0	0.12941	0	0	0	0	0	0	0	0	0	0	0	0	0	0	0	0	0	0	0	
0	0	0	0	0	0	0	0	0	0	0.078431	0	0	0	0	0	0	0	0	0	0	0	0	0	0	0	0	0	0	0	

1
1
30		30
1
542	483
460	289
626	502
1
533	502
70
542	483
540	483
537	480
532	475
527	467
520	459
512	450
504	440
496	431
487	421
480	411
472	403
467	397
463	392
461	389
460	388
461	387
463	385
466	384
472	381
477	377
483	373
489	367
496	360
503	351
510	341
516	330
521	320
524	310
525	301
527	296
527	292
527	290
527	289
528	294
531	298
537	304
543	310
551	317
562	326
572	335
585	345
598	354
609	362
617	368
622	373
623	374
626	375
622	379
619	382
613	388
608	393
601	402
595	411
586	421
578	433
569	445
563	454
557	462
550	469
546	475
543	481
541	483
538	487
538	490
536	493
535	495
533	497
533	501
533	502



7
3
30	30
0	0	0	0	0	0	0	0	0	0	0	0	0	0.10588	0	0	0	0	0	0	0	0	0	0	0	0	0	0	0	0	
0	0	0	0	0	0	0	0	0	0	0	0.035294	0.21569	0.20784	0.19608	0.0078431	0	0	0	0	0	0	0	0	0	0	0	0	0	0	
0	0	0	0	0	0	0	0	0	0	0.13725	0.18039	0	0	0.019608	0.20784	0.2	0.066667	0	0	0	0	0	0	0	0	0	0	0	0	
0	0	0	0	0	0	0	0	0.047059	0.21569	0.078431	0	0	0	0	0	0.015686	0.14902	0.21569	0.21569	0.21569	0.21569	0.21569	0.17255	0.058824	0.047059	0	0	0	0	
0	0	0	0	0	0	0	0.11373	0.16863	0	0	0	0	0	0	0	0	0	0	0	0	0	0	0.043137	0.15294	0.16471	0.21569	0.21569	0.21569	0.15686	
0	0	0	0	0	0.10588	0.21569	0.10196	0	0	0	0	0	0	0	0	0	0	0	0	0	0	0	0	0	0	0	0	0.086275	0.1451	
0	0	0	0.16078	0.21569	0.1098	0	0	0	0	0	0	0	0	0	0	0	0	0	0	0	0	0	0	0	0	0	0	0.20784	0.023529	
0	0.1098	0.21569	0.054902	0	0	0	0	0	0	0	0	0	0	0	0	0	0	0	0	0	0	0	0	0	0	0.16471	0.21569	0.027451	0	
0.11765	0.1098	0	0	0	0	0	0	0	0	0	0	0	0	0	0	0	0	0	0	0	0	0.019608	0.21176	0.21569	0.21569	0.05098	0	0	0	
0.011765	0.21176	0.21569	0.21569	0.098039	0	0	0	0	0	0	0	0	0	0	0	0	0	0.023529	0.19608	0.21569	0.21569	0.19608	0.0039216	0	0	0	0	0	0	
0	0	0	0	0.11373	0.21569	0.21569	0.16471	0.0078431	0	0	0	0	0	0	0	0.13333	0.21569	0.19216	0.015686	0	0	0	0	0	0	0	0	0	0	
0	0	0	0	0	0	0	0.047059	0.20784	0.20392	0.1451	0	0	0.05098	0.21569	0.21569	0.082353	0	0	0	0	0	0	0	0	0	0	0	0	0	
0	0	0	0	0	0	0	0	0	0.011765	0.34118	0.33725	0.24706	0.16471	0	0	0	0	0	0	0	0	0	0	0	0	0	0	0	0	
0	0	0	0	0	0	0	0	0	0	0	0.043137	0.090196	0	0	0	0	0	0	0	0	0	0	0	0	0	0	0	0	0	
0	0	0	0	0	0	0	0	0	0	0	0	0	0	0	0	0	0	0	0	0	0	0	0	0	0	0	0	0	0	
0	0	0	0	0	0	0	0	0	0	0	0	0	0	0	0	0	0	0	0	0	0	0	0	0	0	0	0	0	0	
0	0	0	0	0	0	0	0	0	0	0	0	0	0	0	0	0	0	0	0	0	0	0	0	0	0	0	0	0	0	
0	0	0	0	0	0	0	0	0	0	0	0	0	0	0	0	0	0	0	0	0	0	0	0	0	0	0	0	0	0	
0	0	0	0	0	0	0	0	0	0	0	0	0	0	0	0	0	0	0	0	0	0	0	0	0	0	0	0	0	0	
0	0	0	0	0	0	0	0	0	0	0	0	0	0	0	0	0	0	0	0	0	0	0	0	0	0	0	0	0	0	
0	0	0	0	0	0	0	0	0	0	0	0	0	0	0	0	0	0	0	0	0	0	0	0	0	0	0	0	0	0	
0	0	0	0	0	0	0	0	0	0	0	0	0	0	0	0	0	0	0	0	0	0	0	0	0	0	0	0	0	0	
0	0	0	0	0	0	0	0	0	0	0	0	0	0	0	0	0	0	0	0	0	0	0	0	0	0	0	0	0	0	
0	0	0	0	0	0	0	0	0	0	0	0	0	0	0	0	0	0	0	0	0	0	0	0	0	0	0	0	0	0	
0	0	0	0	0	0	0	0	0	0	0	0	0	0	0	0	0	0	0	0	0	0	0	0	0	0	0	0	0	0	
0	0	0	0	0	0	0	0	0	0	0	0	0	0	0	0	0	0	0	0	0	0	0	0	0	0	0	0	0	0	
0	0	0	0	0	0	0	0	0	0	0	0	0	0	0	0	0	0	0	0	0	0	0	0	0	0	0	0	0	0	
0	0	0	0	0	0	0	0	0	0	0	0	0	0	0	0	0	0	0	0	0	0	0	0	0	0	0	0	0	0	
0	0	0	0	0	0	0	0	0	0	0	0	0	0	0	0	0	0	0	0	0	0	0	0	0	0	0	0	0	0	
0	0	0	0	0	0	0	0	0	0	0	0	0	0	0	0	0	0	0	0	0	0	0	0	0	0	0	0	0	0	

1
1
30		30
1
595	900
545	843
667	900
1
588	892
60
595	900
592	899
589	897
585	895
580	893
575	890
570	888
564	887
559	885
555	884
550	882
547	882
546	881
545	880
548	876
553	873
561	869
569	866
577	860
584	855
590	851
594	848
598	845
599	843
600	844
600	845
603	848
608	850
614	853
623	856
633	856
644	858
653	859
659	859
663	859
665	859
666	859
667	860
667	861
667	864
666	868
663	871
660	874
655	876
650	879
643	880
637	882
630	883
622	886
616	888
610	891
603	893
600	895
596	897
593	898
591	898
589	898
588	897
588	895
588	892



7
3
30	30
0	0	0	0	0	0	0	0.14118	0.14902	0.14902	0.054902	0	0	0	0	0	0	0	0	0	0	0	0	0	0	0	0	0	0	0	
0	0	0	0	0	0	0.14118	0.0078431	0	0	0.094118	0.14902	0.14118	0.011765	0	0	0	0	0	0	0	0	0	0	0	0	0	0	0	0	
0	0	0	0	0	0.078431	0.070588	0	0	0	0	0	0.0039216	0.13725	0.14902	0.14902	0.14902	0.14902	0.12549	0.035294	0	0	0	0	0	0	0	0	0	0	
0	0	0	0	0.047059	0.10196	0	0	0	0	0	0	0	0	0	0	0	0	0.023529	0.11373	0.14902	0.14902	0.14902	0.14902	0.14902	0.043137	0	0	0	0	
0	0	0	0.047059	0.10196	0	0	0	0	0	0	0	0	0	0	0	0	0	0	0	0	0	0	0	0	0.10588	0.14902	0.14902	0.14902	0.10196	
0.10588	0.011765	0.086275	0.10196	0	0	0	0	0	0	0	0	0	0	0	0	0	0	0	0	0	0	0	0	0	0	0	0.039216	0.16078	0.07451	
0.078431	0.26275	0.15294	0	0	0	0	0	0	0	0	0	0	0	0	0	0	0	0	0	0	0	0	0	0	0	0.1451	0.1098	0	0	
0	0	0.058824	0.13725	0.0078431	0	0	0	0	0	0	0	0	0	0	0	0	0	0	0	0	0	0	0.0078431	0.12549	0.14902	0.0039216	0	0	0	
0	0	0	0.011765	0.14118	0.027451	0	0	0	0	0	0	0	0	0	0	0	0	0	0	0	0.015686	0.14902	0.14118	0.023529	0	0	0	0	0	
0	0	0	0	0	0.12157	0.11373	0	0	0	0	0	0	0	0	0	0	0	0	0.086275	0.14902	0.13333	0	0	0	0	0	0	0	0	
0	0	0	0	0	0	0.035294	0.14118	0	0	0	0	0	0	0	0	0	0.062745	0.14902	0.062745	0	0	0	0	0	0	0	0	0	0	
0	0	0	0	0	0	0	0.0078431	0.14902	0.078431	0	0	0	0	0	0	0.12549	0.086275	0	0	0	0	0	0	0	0	0	0	0	0	
0	0	0	0	0	0	0	0	0	0.0078431	0	0	0	0.0078431	0.13725	0.14902	0.023529	0	0	0	0	0	0	0	0	0	0	0	0	0	
0	0	0	0	0	0	0	0	0	0	0	0	0.031373	0.14118	0.011765	0	0	0	0	0	0	0	0	0	0	0	0	0	0	0	
0	0	0	0	0	0	0	0	0	0	0	0	0	0	0	0	0	0	0	0	0	0	0	0	0	0	0	0	0	0	
0	0	0	0	0	0	0	0	0	0	0	0	0	0	0	0	0	0	0	0	0	0	0	0	0	0	0	0	0	0	
0	0	0	0	0	0	0	0	0	0	0	0	0	0	0	0	0	0	0	0	0	0	0	0	0	0	0	0	0	0	
0	0	0	0	0	0	0	0	0	0	0	0	0	0	0	0	0	0	0	0	0	0	0	0	0	0	0	0	0	0	
0	0	0	0	0	0	0	0	0	0	0	0	0	0	0	0	0	0	0	0	0	0	0	0	0	0	0	0	0	0	
0	0	0	0	0	0	0	0	0	0	0	0	0	0	0	0	0	0	0	0	0	0	0	0	0	0	0	0	0	0	
0	0	0	0	0	0	0	0	0	0	0	0	0	0	0	0	0	0	0	0	0	0	0	0	0	0	0	0	0	0	
0	0	0	0	0	0	0	0	0	0	0	0	0	0	0	0	0	0	0	0	0	0	0	0	0	0	0	0	0	0	
0	0	0	0	0	0	0	0	0	0	0	0	0	0	0	0	0	0	0	0	0	0	0	0	0	0	0	0	0	0	
0	0	0	0	0	0	0	0	0	0	0	0	0	0	0	0	0	0	0	0	0	0	0	0	0	0	0	0	0	0	
0	0	0	0	0	0	0	0	0	0	0	0	0	0	0	0	0	0	0	0	0	0	0	0	0	0	0	0	0	0	
0	0	0	0	0	0	0	0	0	0	0	0	0	0	0	0	0	0	0	0	0	0	0	0	0	0	0	0	0	0	
0	0	0	0	0	0	0	0	0	0	0	0	0	0	0	0	0	0	0	0	0	0	0	0	0	0	0	0	0	0	
0	0	0	0	0	0	0	0	0	0	0	0	0	0	0	0	0	0	0	0	0	0	0	0	0	0	0	0	0	0	
0	0	0	0	0	0	0	0	0	0	0	0	0	0	0	0	0	0	0	0	0	0	0	0	0	0	0	0	0	0	
0	0	0	0	0	0	0	0	0	0	0	0	0	0	0	0	0	0	0	0	0	0	0	0	0	0	0	0	0	0	

1
1
30		30
1
353	102
294	27
484	112
1
375	112
67
353	102
352	102
351	102
347	100
344	97
340	93
334	89
327	85
319	78
311	72
306	69
300	65
296	62
294	61
294	62
294	63
295	64
297	64
300	64
303	64
308	63
311	60
315	56
320	51
324	47
327	43
330	40
333	35
336	31
337	30
339	28
340	27
341	27
347	27
353	27
363	33
376	37
395	42
412	43
431	46
447	49
462	51
471	52
479	52
482	54
483	54
484	55
484	56
481	60
477	61
470	65
463	69
457	73
450	76
440	80
431	85
421	88
413	92
406	96
399	100
396	103
389	106
385	108
381	110
378	112
376	112
375	112



7
3
30	30
0	0	0	0	0	0	0	0	0	0	0	0	0	0	0	0.11373	0	0	0	0	0	0	0	0	0	0	0	0	0	0	
0	0	0	0	0	0	0	0	0	0	0	0	0	0	0.086275	0.37647	0	0	0	0	0	0	0	0	0	0	0	0	0	0	
0	0	0	0	0	0	0	0	0	0	0	0	0	0.12549	0.16863	0.094118	0.13333	0	0	0	0	0	0	0	0	0	0	0	0	0	
0	0	0	0	0	0	0	0	0	0	0	0	0.17647	0.082353	0	0	0.078431	0.20784	0.20392	0.043137	0	0	0	0	0	0	0	0	0	0	
0	0	0	0	0	0	0	0	0	0	0.15294	0.21176	0.031373	0	0	0	0	0	0.0039216	0.16471	0.21176	0.20392	0.070588	0	0	0	0	0	0	0	
0	0	0	0	0	0	0	0	0.082353	0.21176	0.054902	0	0	0	0	0	0	0	0	0	0	0.0039216	0.13725	0.21176	0.21176	0.20392	0.058824	0.058824	0.05098	0	
0	0	0	0	0	0	0.011765	0.21176	0.12549	0	0	0	0	0	0	0	0	0	0	0	0	0	0	0	0	0.0039216	0.14902	0.14902	0.20784	0.11373	
0	0	0	0	0.082353	0.21176	0.19608	0	0	0	0	0	0	0	0	0	0	0	0	0	0	0	0	0	0	0	0	0	0.27843	0.019608	
0.027451	0.090196	0.18039	0.21176	0.12549	0	0	0	0	0	0	0	0	0	0	0	0	0	0	0	0	0	0	0	0	0.11373	0.21176	0.20784	0.023529	0	
0.039216	0.21176	0.23922	0.13333	0.0039216	0	0	0	0	0	0	0	0	0	0	0	0	0	0	0	0	0	0	0.11765	0.21176	0.094118	0	0	0	0	
0	0	0	0.07451	0.20392	0.20392	0.047059	0	0	0	0	0	0	0	0	0	0	0	0	0	0.031373	0.19608	0.21176	0.090196	0	0	0	0	0	0	
0	0	0	0	0	0.0039216	0.16078	0.21176	0.16471	0.019608	0	0	0	0	0	0	0	0.062745	0.19608	0.21176	0.17647	0.011765	0	0	0	0	0	0	0	0	
0	0	0	0	0	0	0	0	0.043137	0.18824	0.21176	0.21176	0.10588	0.039216	0	0.019608	0.12549	0.1451	0.011765	0	0	0	0	0	0	0	0	0	0	0	
0	0	0	0	0	0	0	0	0	0	0	0	0.10196	0.16863	0.21176	0.094118	0.13333	0	0	0	0	0	0	0	0	0	0	0	0	0	
0	0	0	0	0	0	0	0	0	0	0	0	0	0	0	0	0	0	0	0	0	0	0	0	0	0	0	0	0	0	
0	0	0	0	0	0	0	0	0	0	0	0	0	0	0	0	0	0	0	0	0	0	0	0	0	0	0	0	0	0	
0	0	0	0	0	0	0	0	0	0	0	0	0	0	0	0	0	0	0	0	0	0	0	0	0	0	0	0	0	0	
0	0	0	0	0	0	0	0	0	0	0	0	0	0	0	0	0	0	0	0	0	0	0	0	0	0	0	0	0	0	
0	0	0	0	0	0	0	0	0	0	0	0	0	0	0	0	0	0	0	0	0	0	0	0	0	0	0	0	0	0	
0	0	0	0	0	0	0	0	0	0	0	0	0	0	0	0	0	0	0	0	0	0	0	0	0	0	0	0	0	0	
0	0	0	0	0	0	0	0	0	0	0	0	0	0	0	0	0	0	0	0	0	0	0	0	0	0	0	0	0	0	
0	0	0	0	0	0	0	0	0	0	0	0	0	0	0	0	0	0	0	0	0	0	0	0	0	0	0	0	0	0	
0	0	0	0	0	0	0	0	0	0	0	0	0	0	0	0	0	0	0	0	0	0	0	0	0	0	0	0	0	0	
0	0	0	0	0	0	0	0	0	0	0	0	0	0	0	0	0	0	0	0	0	0	0	0	0	0	0	0	0	0	
0	0	0	0	0	0	0	0	0	0	0	0	0	0	0	0	0	0	0	0	0	0	0	0	0	0	0	0	0	0	
0	0	0	0	0	0	0	0	0	0	0	0	0	0	0	0	0	0	0	0	0	0	0	0	0	0	0	0	0	0	
0	0	0	0	0	0	0	0	0	0	0	0	0	0	0	0	0	0	0	0	0	0	0	0	0	0	0	0	0	0	
0	0	0	0	0	0	0	0	0	0	0	0	0	0	0	0	0	0	0	0	0	0	0	0	0	0	0	0	0	0	
0	0	0	0	0	0	0	0	0	0	0	0	0	0	0	0	0	0	0	0	0	0	0	0	0	0	0	0	0	0	
0	0	0	0	0	0	0	0	0	0	0	0	0	0	0	0	0	0	0	0	0	0	0	0	0	0	0	0	0	0	

1
1
30		30
1
548	528
483	470
610	529
1
551	528
66
548	528
547	529
544	529
541	529
535	528
528	527
521	524
514	522
506	518
499	515
492	513
487	510
483	509
485	509
489	509
495	507
501	504
510	500
518	495
526	490
535	485
541	480
546	476
547	474
548	471
549	470
549	472
549	474
549	476
551	478
554	481
558	483
563	484
567	487
573	489
578	490
583	492
587	493
591	493
594	493
596	495
597	495
599	495
600	495
602	495
603	495
605	495
606	495
608	495
609	496
610	498
608	503
604	505
597	508
589	511
581	516
572	519
565	520
561	522
560	523
559	523
557	524
555	526
554	528
552	529
551	528



7
3
30	30
0	0	0	0	0	0	0	0	0	0	0	0.14902	0	0	0	0	0	0	0	0	0	0	0	0	0	0	0	0	0	0	
0	0	0	0	0	0	0	0	0	0	0.23137	0.12549	0.19608	0	0	0	0	0	0	0	0	0	0	0	0	0	0	0	0	0	
0	0	0	0	0	0	0	0	0	0	0.26667	0	0.26667	0	0	0	0	0	0	0	0	0	0	0	0	0	0	0	0	0	
0	0	0	0	0	0	0	0	0	0.043137	0.21961	0	0.12157	0.1451	0	0	0	0	0	0	0	0	0	0	0	0	0	0	0	0	
0	0	0	0	0	0	0	0	0	0.2	0.066667	0	0	0.26667	0	0	0	0	0	0	0	0	0	0	0	0	0	0	0	0	
0	0	0	0	0	0	0	0	0	0.26667	0	0	0	0.12549	0.14118	0	0	0	0	0	0	0	0	0	0	0	0	0	0	0	
0	0	0	0	0	0	0	0	0.098039	0.16471	0	0	0	0.0039216	0.25882	0	0	0	0	0	0	0	0	0	0	0	0	0	0	0	
0	0	0	0	0	0	0	0.031373	0.23137	0	0	0	0	0	0.26667	0	0	0	0	0	0	0	0	0	0	0	0	0	0	0	
0	0	0	0	0	0	0.023529	0.23529	0.0039216	0	0	0	0	0	0.14902	0.11765	0	0	0	0	0	0	0	0	0	0	0	0	0	0	
0	0	0	0	0	0	0.26667	0	0	0	0	0	0	0	0	0.26667	0	0	0	0	0	0	0	0	0	0	0	0	0	0	
0	0	0	0	0	0.039216	0.22745	0	0	0	0	0	0	0	0	0.21176	0.05098	0	0	0	0	0	0	0	0	0	0	0	0	0	
0	0	0	0	0	0.25098	0.011765	0	0	0	0	0	0	0	0	0.011765	0.2549	0	0	0	0	0	0	0	0	0	0	0	0	0	
0	0	0	0	0.19608	0.070588	0	0	0	0	0	0	0	0	0	0	0.26667	0	0	0	0	0	0	0	0	0	0	0	0	0	
0	0	0	0.11373	0.14902	0	0	0	0	0	0	0	0	0	0	0	0.17255	0.094118	0	0	0	0	0	0	0	0	0	0	0	0	
0	0	0.0039216	0.25882	0	0	0	0	0	0	0	0	0	0	0	0	0.07451	0.19216	0	0	0	0	0	0	0	0	0	0	0	0	
0	0	0.23529	0.027451	0	0	0	0	0	0	0	0	0	0	0	0	0.07451	0.19216	0	0	0	0	0	0	0	0	0	0	0	0	
0	0.23529	0.098039	0	0	0	0	0	0	0	0	0	0	0	0	0	0.07451	0.19216	0	0	0	0	0	0	0	0	0	0	0	0	
0.10196	0.16863	0	0	0	0	0	0	0	0	0	0	0	0	0	0.10588	0.27059	0.0039216	0	0	0	0	0	0	0	0	0	0	0	0	
0	0.16471	0.10196	0	0	0	0	0	0	0	0	0	0	0	0.078431	0.2	0.011765	0	0	0	0	0	0	0	0	0	0	0	0	0	
0	0	0.26667	0	0	0	0	0	0	0	0	0	0	0	0.26667	0	0	0	0	0	0	0	0	0	0	0	0	0	0	0	
0	0	0.023529	0.24314	0	0	0	0	0	0	0	0	0	0.20392	0.062745	0	0	0	0	0	0	0	0	0	0	0	0	0	0	0	
0	0	0	0.15686	0.10588	0	0	0	0	0	0	0	0.054902	0.20784	0	0	0	0	0	0	0	0	0	0	0	0	0	0	0	0	
0	0	0	0	0.26667	0	0	0	0	0	0	0.054902	0.21176	0	0	0	0	0	0	0	0	0	0	0	0	0	0	0	0	0	
0	0	0	0	0.10588	0.15686	0	0	0	0	0	0.26667	0	0	0	0	0	0	0	0	0	0	0	0	0	0	0	0	0	0	
0	0	0	0	0	0.26667	0	0	0	0	0.17647	0.090196	0	0	0	0	0	0	0	0	0	0	0	0	0	0	0	0	0	0	
0	0	0	0	0	0.15686	0.1098	0	0	0.10196	0.16471	0	0	0	0	0	0	0	0	0	0	0	0	0	0	0	0	0	0	0	
0	0	0	0	0	0	0.26667	0	0	0.26667	0	0	0	0	0	0	0	0	0	0	0	0	0	0	0	0	0	0	0	0	
0	0	0	0	0	0	0.015686	0.24706	0.11373	0.14902	0	0	0	0	0	0	0	0	0	0	0	0	0	0	0	0	0	0	0	0	
0	0	0	0	0	0	0	0.26667	0.027451	0	0	0	0	0	0	0	0	0	0	0	0	0	0	0	0	0	0	0	0	0	
0	0	0	0	0	0	0	0.047059	0	0	0	0	0	0	0	0	0	0	0	0	0	0	0	0	0	0	0	0	0	0	

1
1
30		30
1
601	557
576	453
636	557
1
605	553
66
601	557
601	555
599	550
596	546
593	539
590	534
586	527
582	521
580	518
578	516
576	514
576	513
577	512
578	512
580	510
582	508
583	507
586	503
589	498
592	494
595	490
598	484
603	478
607	473
609	467
610	465
611	461
612	457
613	456
613	454
615	453
618	455
619	458
621	462
624	468
627	475
628	480
631	487
633	491
633	495
634	498
636	500
636	501
636	503
636	506
636	507
636	510
636	512
635	513
633	514
632	516
631	516
629	518
626	523
624	526
622	529
618	533
615	538
611	543
609	546
608	548
608	549
607	550
606	551
606	552
605	553



7
3
30	30
0	0	0	0	0	0	0	0	0	0	0	0	0.11765	0.2	0.19608	0	0	0	0	0	0	0	0	0	0	0	0	0	0	0	
0	0	0	0	0	0	0	0	0	0	0	0.15686	0.078431	0	0	0.2	0.11765	0	0	0	0	0	0	0	0	0	0	0	0	0	
0	0	0	0	0	0	0	0	0	0	0.078431	0.11765	0	0	0	0	0.078431	0.2	0.078431	0	0	0	0	0	0	0	0	0	0	0	
0	0	0	0	0	0	0	0	0	0	0.2	0	0	0	0	0	0	0	0.11765	0.2	0.15686	0	0	0	0	0	0	0	0	0	
0	0	0	0	0	0	0	0	0	0.11765	0.078431	0	0	0	0	0	0	0	0	0	0.039216	0.2	0.19608	0	0	0	0	0	0	0	
0	0	0	0	0	0	0	0	0.11765	0.11765	0	0	0	0	0	0	0	0	0	0	0	0	0	0.2	0.19608	0.039216	0	0	0	0	
0	0	0	0	0	0	0	0.078431	0.11765	0	0	0	0	0	0	0	0	0	0	0	0	0	0	0	0	0.15686	0.2	0.078431	0	0	
0	0	0	0	0	0	0.11765	0.11765	0	0	0	0	0	0	0	0	0	0	0	0	0	0	0	0	0	0	0	0.11765	0.078431	0	
0	0	0	0	0	0.15686	0.078431	0	0	0	0	0	0	0	0	0	0	0	0	0	0	0	0	0	0	0	0	0	0.11765	0.15686	
0.078431	0.19608	0.19608	0.19608	0.2	0.039216	0	0	0	0	0	0	0	0	0	0	0	0	0	0	0	0	0	0	0	0	0.039216	0.19608	0.2	0.039216	
0	0.11765	0.2	0.2	0.078431	0	0	0	0	0	0	0	0	0	0	0	0	0	0	0	0	0	0	0.15686	0.2	0.2	0.15686	0	0	0	
0	0	0	0	0.11765	0.2	0.11765	0	0	0	0	0	0	0	0	0	0	0	0	0.078431	0.19608	0.2	0.2	0.039216	0	0	0	0	0	0	
0	0	0	0	0	0	0.078431	0.2	0.19608	0	0	0	0	0.11765	0.2	0.2	0.2	0.2	0.2	0.11765	0	0	0	0	0	0	0	0	0	0	
0	0	0	0	0	0	0	0	0	0.2	0.19608	0.11765	0.2	0.078431	0	0	0	0	0	0	0	0	0	0	0	0	0	0	0	0	
0	0	0	0	0	0	0	0	0	0	0	0.15686	0	0	0	0	0	0	0	0	0	0	0	0	0	0	0	0	0	0	
0	0	0	0	0	0	0	0	0	0	0	0	0	0	0	0	0	0	0	0	0	0	0	0	0	0	0	0	0	0	
0	0	0	0	0	0	0	0	0	0	0	0	0	0	0	0	0	0	0	0	0	0	0	0	0	0	0	0	0	0	
0	0	0	0	0	0	0	0	0	0	0	0	0	0	0	0	0	0	0	0	0	0	0	0	0	0	0	0	0	0	
0	0	0	0	0	0	0	0	0	0	0	0	0	0	0	0	0	0	0	0	0	0	0	0	0	0	0	0	0	0	
0	0	0	0	0	0	0	0	0	0	0	0	0	0	0	0	0	0	0	0	0	0	0	0	0	0	0	0	0	0	
0	0	0	0	0	0	0	0	0	0	0	0	0	0	0	0	0	0	0	0	0	0	0	0	0	0	0	0	0	0	
0	0	0	0	0	0	0	0	0	0	0	0	0	0	0	0	0	0	0	0	0	0	0	0	0	0	0	0	0	0	
0	0	0	0	0	0	0	0	0	0	0	0	0	0	0	0	0	0	0	0	0	0	0	0	0	0	0	0	0	0	
0	0	0	0	0	0	0	0	0	0	0	0	0	0	0	0	0	0	0	0	0	0	0	0	0	0	0	0	0	0	
0	0	0	0	0	0	0	0	0	0	0	0	0	0	0	0	0	0	0	0	0	0	0	0	0	0	0	0	0	0	
0	0	0	0	0	0	0	0	0	0	0	0	0	0	0	0	0	0	0	0	0	0	0	0	0	0	0	0	0	0	
0	0	0	0	0	0	0	0	0	0	0	0	0	0	0	0	0	0	0	0	0	0	0	0	0	0	0	0	0	0	
0	0	0	0	0	0	0	0	0	0	0	0	0	0	0	0	0	0	0	0	0	0	0	0	0	0	0	0	0	0	
0	0	0	0	0	0	0	0	0	0	0	0	0	0	0	0	0	0	0	0	0	0	0	0	0	0	0	0	0	0	
0	0	0	0	0	0	0	0	0	0	0	0	0	0	0	0	0	0	0	0	0	0	0	0	0	0	0	0	0	0	

1
1
30		30
1
562	542
506	474
649	542
1
561	539
73
562	542
561	542
556	540
550	537
542	533
533	530
523	525
515	522
510	521
507	519
506	518
507	519
509	520
510	520
513	520
516	520
518	520
521	520
523	519
528	516
531	514
536	510
541	505
547	500
551	495
555	490
557	485
559	481
561	479
563	476
564	476
565	475
566	474
567	474
569	474
570	474
573	474
577	475
581	478
586	481
591	484
597	487
605	490
612	493
622	498
629	501
635	504
639	505
642	508
644	510
645	511
646	511
647	511
648	512
649	513
648	516
642	519
633	522
622	525
610	528
600	531
589	532
582	532
579	534
577	534
576	534
575	534
572	535
571	535
568	537
565	537
564	538
561	539



7
3
30	30
0	0	0	0	0	0	0	0	0	0	0	0	0	0	0	0	0.14902	0.054902	0	0	0	0	0	0	0	0	0	0	0	0	
0	0	0	0	0	0	0	0	0	0	0	0	0	0	0	0.15294	0.05098	0.1451	0.18824	0	0	0	0	0	0	0	0	0	0	0	
0	0	0	0	0	0	0	0	0	0	0	0	0	0.039216	0.19216	0.047059	0	0	0.011765	0.2	0.031373	0	0	0	0	0	0	0	0	0	
0	0	0	0	0	0	0	0	0	0	0	0.015686	0.18431	0.16078	0.0039216	0	0	0	0	0	0.16863	0.18431	0.011765	0	0	0	0	0	0	0	
0	0	0	0	0	0	0	0	0	0	0.17255	0.18039	0.015686	0	0	0	0	0	0	0	0	0.015686	0.18824	0.16471	0	0	0	0	0	0	
0	0	0	0	0	0	0	0	0.031373	0.2	0.027451	0	0	0	0	0	0	0	0	0	0	0	0	0.035294	0.2	0.2	0.10588	0	0	0	
0	0	0	0	0	0	0	0.12157	0.16863	0	0	0	0	0	0	0	0	0	0	0	0	0	0	0	0	0	0.090196	0.2	0.2	0.098039	
0	0	0	0	0	0.015686	0.19608	0.078431	0	0	0	0	0	0	0	0	0	0	0	0	0	0	0	0	0	0	0	0	0.12549	0.11765	
0	0	0	0	0.098039	0.18431	0.0039216	0	0	0	0	0	0	0	0	0	0	0	0	0	0	0	0	0	0	0	0.098039	0.2	0.086275	0	
0	0	0.043137	0.2	0.098039	0	0	0	0	0	0	0	0	0	0	0	0	0	0	0	0	0	0	0	0.12157	0.2	0.098039	0	0	0	
0.019608	0.23922	0.15686	0	0	0	0	0	0	0	0	0	0	0	0	0	0	0	0	0	0	0.0039216	0.15686	0.19608	0.078431	0	0	0	0	0	
0.054902	0.15294	0.2	0.2	0.16863	0.031373	0	0	0	0	0	0	0	0	0	0	0	0	0	0	0.13333	0.19216	0.043137	0	0	0	0	0	0	0	
0	0	0	0	0.031373	0.16863	0.2	0.2	0.2	0.16471	0.0039216	0	0	0	0	0	0	0	0.10196	0.2	0.066667	0	0	0	0	0	0	0	0	0	
0	0	0	0	0	0	0	0	0	0.035294	0.19608	0.2	0.2	0.2	0.2	0.090196	0	0.098039	0.098039	0	0	0	0	0	0	0	0	0	0	0	
0	0	0	0	0	0	0	0	0	0	0	0	0	0	0	0.1098	0.2	0.2	0.10588	0	0	0	0	0	0	0	0	0	0	0	
0	0	0	0	0	0	0	0	0	0	0	0	0	0	0	0	0	0	0	0	0	0	0	0	0	0	0	0	0	0	
0	0	0	0	0	0	0	0	0	0	0	0	0	0	0	0	0	0	0	0	0	0	0	0	0	0	0	0	0	0	
0	0	0	0	0	0	0	0	0	0	0	0	0	0	0	0	0	0	0	0	0	0	0	0	0	0	0	0	0	0	
0	0	0	0	0	0	0	0	0	0	0	0	0	0	0	0	0	0	0	0	0	0	0	0	0	0	0	0	0	0	
0	0	0	0	0	0	0	0	0	0	0	0	0	0	0	0	0	0	0	0	0	0	0	0	0	0	0	0	0	0	
0	0	0	0	0	0	0	0	0	0	0	0	0	0	0	0	0	0	0	0	0	0	0	0	0	0	0	0	0	0	
0	0	0	0	0	0	0	0	0	0	0	0	0	0	0	0	0	0	0	0	0	0	0	0	0	0	0	0	0	0	
0	0	0	0	0	0	0	0	0	0	0	0	0	0	0	0	0	0	0	0	0	0	0	0	0	0	0	0	0	0	
0	0	0	0	0	0	0	0	0	0	0	0	0	0	0	0	0	0	0	0	0	0	0	0	0	0	0	0	0	0	
0	0	0	0	0	0	0	0	0	0	0	0	0	0	0	0	0	0	0	0	0	0	0	0	0	0	0	0	0	0	
0	0	0	0	0	0	0	0	0	0	0	0	0	0	0	0	0	0	0	0	0	0	0	0	0	0	0	0	0	0	
0	0	0	0	0	0	0	0	0	0	0	0	0	0	0	0	0	0	0	0	0	0	0	0	0	0	0	0	0	0	
0	0	0	0	0	0	0	0	0	0	0	0	0	0	0	0	0	0	0	0	0	0	0	0	0	0	0	0	0	0	
0	0	0	0	0	0	0	0	0	0	0	0	0	0	0	0	0	0	0	0	0	0	0	0	0	0	0	0	0	0	
0	0	0	0	0	0	0	0	0	0	0	0	0	0	0	0	0	0	0	0	0	0	0	0	0	0	0	0	0	0	

1
1
30		30
1
587	530
502	464
639	531
1
583	528
58
587	530
586	531
585	531
581	531
576	531
569	529
561	528
550	527
539	522
527	521
516	519
508	516
504	515
502	515
503	515
505	513
506	513
509	512
512	510
515	509
519	506
524	503
530	498
536	494
544	488
551	483
560	479
568	474
571	471
574	468
577	465
578	464
581	465
582	466
586	468
589	470
593	474
600	478
608	483
616	487
624	490
631	492
636	493
638	493
639	494
639	495
638	498
633	502
626	505
616	510
609	513
602	517
596	520
591	523
587	525
585	526
584	527
583	528



7
3
30	30
0	0	0	0	0	0	0	0	0	0	0	0	0	0	0.094118	0.023529	0	0	0	0	0	0	0	0	0	0	0	0	0	0	
0	0	0	0	0	0	0	0	0	0	0	0	0	0	0.24706	0.24314	0	0	0	0	0	0	0	0	0	0	0	0	0	0	
0	0	0	0	0	0	0	0	0	0	0	0	0	0.18431	0.058824	0.039216	0.20392	0	0	0	0	0	0	0	0	0	0	0	0	0	
0	0	0	0	0	0	0	0	0	0	0	0	0.054902	0.18824	0	0	0.047059	0.2	0	0	0	0	0	0	0	0	0	0	0	0	
0	0	0	0	0	0	0	0	0	0	0	0	0.24314	0.0039216	0	0	0	0.15686	0.090196	0	0	0	0	0	0	0	0	0	0	0	
0	0	0	0	0	0	0	0	0	0	0	0.2	0.043137	0	0	0	0	0	0.23137	0.011765	0	0	0	0	0	0	0	0	0	0	
0	0	0	0	0	0	0	0	0	0	0.13333	0.1098	0	0	0	0	0	0	0.05098	0.19216	0	0	0	0	0	0	0	0	0	0	
0	0	0	0	0	0	0	0	0	0.12941	0.11373	0	0	0	0	0	0	0	0	0.12157	0.12157	0	0	0	0	0	0	0	0	0	
0	0	0	0	0	0	0	0	0.035294	0.20784	0	0	0	0	0	0	0	0	0	0	0.23922	0.0078431	0	0	0	0	0	0	0	0	
0	0	0	0	0	0	0	0	0.23529	0.011765	0	0	0	0	0	0	0	0	0	0	0.11373	0.12941	0	0	0	0	0	0	0	0	
0	0	0	0	0	0	0	0.18039	0.062745	0	0	0	0	0	0	0	0	0	0	0	0	0.24706	0	0	0	0	0	0	0	0	
0	0	0	0	0	0	0.070588	0.17647	0	0	0	0	0	0	0	0	0	0	0	0	0	0.12549	0.11765	0	0	0	0	0	0	0	
0	0	0	0	0	0.0078431	0.23922	0	0	0	0	0	0	0	0	0	0	0	0	0	0	0	0.24314	0.0039216	0	0	0	0	0	0	
0	0	0	0	0	0.17647	0.066667	0	0	0	0	0	0	0	0	0	0	0	0	0	0	0	0.078431	0.16471	0	0	0	0	0	0	
0	0	0	0	0.10196	0.14118	0	0	0	0	0	0	0	0	0	0	0	0	0	0	0	0	0	0.086275	0.16078	0	0	0	0	0	
0	0	0	0.035294	0.20784	0	0	0	0	0	0	0	0	0	0	0	0	0	0	0	0	0	0	0	0.14902	0.094118	0	0	0	0	
0	0	0	0.24314	0	0	0	0	0	0	0	0	0	0	0	0	0	0	0	0	0	0	0	0	0.23529	0.035294	0	0	0	0	
0	0	0.21176	0.027451	0	0	0	0	0	0	0	0	0	0	0	0	0	0	0	0	0	0.019608	0.20784	0.25098	0.13725	0	0	0	0	0	
0.066667	0.39216	0.031373	0	0	0	0	0	0	0	0	0	0	0	0	0	0	0	0	0.015686	0.2	0.22745	0.043137	0	0	0	0	0	0	0	
0	0.24314	0	0	0	0	0	0	0	0	0	0	0	0	0	0	0	0.011765	0.19608	0.23137	0.047059	0	0	0	0	0	0	0	0	0	
0	0.043137	0.2	0	0	0	0	0	0	0	0	0	0	0	0	0	0.058824	0.23529	0.05098	0	0	0	0	0	0	0	0	0	0	0	
0	0	0.1098	0.13333	0	0	0	0	0	0	0	0	0	0	0	0.13333	0.19216	0	0	0	0	0	0	0	0	0	0	0	0	0	
0	0	0	0.17647	0.066667	0	0	0	0	0	0	0	0	0.0039216	0.22745	0.11765	0	0	0	0	0	0	0	0	0	0	0	0	0	0	
0	0	0	0	0.18431	0.062745	0	0	0	0	0	0	0.0039216	0.21569	0.019608	0	0	0	0	0	0	0	0	0	0	0	0	0	0	0	
0	0	0	0	0	0.18824	0.054902	0	0	0	0	0.0039216	0.21569	0.023529	0	0	0	0	0	0	0	0	0	0	0	0	0	0	0	0	
0	0	0	0	0	0	0.19216	0.12157	0	0	0	0.21569	0.027451	0	0	0	0	0	0	0	0	0	0	0	0	0	0	0	0	0	
0	0	0	0	0	0	0	0.12549	0.25098	0.10588	0	0.23922	0	0	0	0	0	0	0	0	0	0	0	0	0	0	0	0	0	0	
0	0	0	0	0	0	0	0	0	0.14118	0.16471	0	0	0	0	0	0	0	0	0	0	0	0	0	0	0	0	0	0	0	
0	0	0	0	0	0	0	0	0	0	0.24706	0	0	0	0	0	0	0	0	0	0	0	0	0	0	0	0	0	0	0	
0	0	0	0	0	0	0	0	0	0	0.058824	0	0	0	0	0	0	0	0	0	0	0	0	0	0	0	0	0	0	0	

1
1
30		30
1
599	522
560	410
658	522
1
602	513
59
599	522
600	521
600	519
598	516
593	513
587	510
582	506
577	501
573	497
569	492
566	488
563	484
561	481
560	480
561	480
563	480
564	480
567	476
570	473
575	467
580	461
585	453
591	445
597	436
604	429
609	422
613	416
615	412
615	411
616	410
619	412
620	414
624	418
629	424
634	432
639	438
643	447
646	453
650	460
654	464
657	467
658	469
658	470
656	474
654	475
648	477
641	481
634	484
628	487
622	492
616	496
612	499
609	502
606	505
605	506
603	509
603	510
603	512
602	513



7
3
30	30
0	0	0	0	0	0	0	0	0	0	0	0	0.023529	0.23922	0.1098	0	0	0	0	0	0	0	0	0	0	0	0	0	0	0	
0	0	0	0	0	0	0	0	0	0	0	0	0.25882	0.011765	0.13725	0.24706	0.18824	0	0	0	0	0	0	0	0	0	0	0	0	0	
0	0	0	0	0	0	0	0	0	0	0	0.16078	0.098039	0	0	0.0039216	0.058824	0.25098	0.16078	0	0	0	0	0	0	0	0	0	0	0	
0	0	0	0	0	0	0	0	0	0	0.15686	0.15686	0	0	0	0	0	0	0.090196	0.25098	0.21176	0.0078431	0	0	0	0	0	0	0	0	
0	0	0	0	0	0	0	0	0.0078431	0.21961	0.094118	0	0	0	0	0	0	0	0	0	0.039216	0.23922	0.24314	0.17647	0	0	0	0	0	0	
0	0	0	0	0	0	0	0.070588	0.24314	0.031373	0	0	0	0	0	0	0	0	0	0	0	0	0.0039216	0.07451	0.25098	0.21176	0.0078431	0	0	0	
0	0	0	0	0	0	0.1451	0.18039	0	0	0	0	0	0	0	0	0	0	0	0	0	0	0	0	0	0.035294	0.24314	0.25098	0.078431	0	
0	0	0	0	0.035294	0.22353	0.10196	0	0	0	0	0	0	0	0	0	0	0	0	0	0	0	0	0	0	0	0	0	0.23137	0.027451	
0	0	0	0.11373	0.21176	0.027451	0	0	0	0	0	0	0	0	0	0	0	0	0	0	0	0	0	0	0	0	0	0	0.23922	0.019608	
0	0	0.18824	0.13725	0	0	0	0	0	0	0	0	0	0	0	0	0	0	0	0	0	0	0	0	0	0	0	0.054902	0.20392	0	
0.019608	0.24314	0.058824	0	0	0	0	0	0	0	0	0	0	0	0	0	0	0	0	0	0	0	0	0	0	0.019608	0.24314	0.19216	0	0	
0.13725	0.27059	0.07451	0	0	0	0	0	0	0	0	0	0	0	0	0	0	0	0	0	0	0	0	0	0.11373	0.22745	0.0039216	0	0	0	
0	0	0.17647	0.19608	0.035294	0	0	0	0	0	0	0	0	0	0	0	0	0	0	0	0	0	0.086275	0.25098	0.13725	0	0	0	0	0	
0	0	0	0.05098	0.21176	0.25098	0.17255	0.0039216	0	0	0	0	0	0	0	0	0	0	0	0.031373	0.25098	0.25098	0.16078	0	0	0	0	0	0	0	
0	0	0	0	0	0	0.078431	0.24314	0.23922	0.023529	0	0	0	0	0	0	0.0078431	0.17647	0.25098	0.21569	0	0	0	0	0	0	0	0	0	0	
0	0	0	0	0	0	0	0	0.0078431	0.22745	0.20784	0.019608	0	0	0.019608	0.19608	0.24314	0.070588	0	0	0	0	0	0	0	0	0	0	0	0	
0	0	0	0	0	0	0	0	0	0	0.043137	0.22745	0.25098	0.12549	0.23137	0.054902	0	0	0	0	0	0	0	0	0	0	0	0	0	0	
0	0	0	0	0	0	0	0	0	0	0	0	0	0.13725	0.18824	0	0	0	0	0	0	0	0	0	0	0	0	0	0	0	
0	0	0	0	0	0	0	0	0	0	0	0	0	0	0.062745	0	0	0	0	0	0	0	0	0	0	0	0	0	0	0	
0	0	0	0	0	0	0	0	0	0	0	0	0	0	0	0	0	0	0	0	0	0	0	0	0	0	0	0	0	0	
0	0	0	0	0	0	0	0	0	0	0	0	0	0	0	0	0	0	0	0	0	0	0	0	0	0	0	0	0	0	
0	0	0	0	0	0	0	0	0	0	0	0	0	0	0	0	0	0	0	0	0	0	0	0	0	0	0	0	0	0	
0	0	0	0	0	0	0	0	0	0	0	0	0	0	0	0	0	0	0	0	0	0	0	0	0	0	0	0	0	0	
0	0	0	0	0	0	0	0	0	0	0	0	0	0	0	0	0	0	0	0	0	0	0	0	0	0	0	0	0	0	
0	0	0	0	0	0	0	0	0	0	0	0	0	0	0	0	0	0	0	0	0	0	0	0	0	0	0	0	0	0	
0	0	0	0	0	0	0	0	0	0	0	0	0	0	0	0	0	0	0	0	0	0	0	0	0	0	0	0	0	0	
0	0	0	0	0	0	0	0	0	0	0	0	0	0	0	0	0	0	0	0	0	0	0	0	0	0	0	0	0	0	
0	0	0	0	0	0	0	0	0	0	0	0	0	0	0	0	0	0	0	0	0	0	0	0	0	0	0	0	0	0	
0	0	0	0	0	0	0	0	0	0	0	0	0	0	0	0	0	0	0	0	0	0	0	0	0	0	0	0	0	0	
0	0	0	0	0	0	0	0	0	0	0	0	0	0	0	0	0	0	0	0	0	0	0	0	0	0	0	0	0	0	

1
1
30		30
1
586	499
533	431
640	499
1
583	493
51
586	499
584	497
579	494
571	491
562	486
553	482
544	479
540	476
535	474
534	474
533	473
533	472
534	470
537	468
541	465
546	461
552	457
558	452
565	447
570	443
573	440
577	435
578	432
579	431
581	431
582	431
585	432
590	435
597	437
602	441
610	444
617	447
621	448
627	451
631	453
633	454
635	454
637	455
638	456
639	457
640	459
639	463
634	468
627	472
619	478
610	481
603	484
595	487
590	490
584	492
583	493



7
3
30	30
0	0	0	0	0	0	0	0	0.10196	0	0	0	0	0	0	0	0	0	0	0	0	0	0	0	0	0	0	0	0	0	
0	0	0	0	0	0	0	0.14902	0.25098	0	0	0	0	0	0	0	0	0	0	0	0	0	0	0	0	0	0	0	0	0	
0	0	0	0	0	0	0	0.20392	0.062745	0.13725	0	0	0	0	0	0	0	0	0	0	0	0	0	0	0	0	0	0	0	0	
0	0	0	0	0	0	0.098039	0.10196	0	0.20392	0	0	0	0	0	0	0	0	0	0	0	0	0	0	0	0	0	0	0	0	
0	0	0	0	0	0	0.20392	0	0	0.20392	0	0	0	0	0	0	0	0	0	0	0	0	0	0	0	0	0	0	0	0	
0	0	0	0	0	0	0.20392	0	0	0.18431	0.015686	0	0	0	0	0	0	0	0	0	0	0	0	0	0	0	0	0	0	0	
0	0	0	0	0	0.0078431	0.19216	0	0	0.027451	0.17255	0	0	0	0	0	0	0	0	0	0	0	0	0	0	0	0	0	0	0	
0	0	0	0	0	0.2	0	0	0	0	0.20392	0	0	0	0	0	0	0	0	0	0	0	0	0	0	0	0	0	0	0	
0	0	0	0	0.047059	0.15294	0	0	0	0	0.10588	0.094118	0	0	0	0	0	0	0	0	0	0	0	0	0	0	0	0	0	0	
0	0	0	0	0.20392	0	0	0	0	0	0	0.20392	0	0	0	0	0	0	0	0	0	0	0	0	0	0	0	0	0	0	
0	0	0	0.07451	0.12549	0	0	0	0	0	0	0.19216	0.011765	0	0	0	0	0	0	0	0	0	0	0	0	0	0	0	0	0	
0	0	0	0.20392	0	0	0	0	0	0	0	0.031373	0.16863	0	0	0	0	0	0	0	0	0	0	0	0	0	0	0	0	0	
0	0	0.10196	0.098039	0	0	0	0	0	0	0	0	0.20392	0	0	0	0	0	0	0	0	0	0	0	0	0	0	0	0	0	
0	0.023529	0.17647	0	0	0	0	0	0	0	0	0	0.078431	0.12157	0	0	0	0	0	0	0	0	0	0	0	0	0	0	0	0	
0.039216	0.19216	0.011765	0	0	0	0	0	0	0	0	0	0	0.20392	0	0	0	0	0	0	0	0	0	0	0	0	0	0	0	0	
0.21569	0.027451	0	0	0	0	0	0	0	0	0	0	0	0.035294	0.16471	0	0	0	0	0	0	0	0	0	0	0	0	0	0	0	
0.027451	0.17255	0	0	0	0	0	0	0	0	0	0	0	0	0.17255	0.027451	0	0	0	0	0	0	0	0	0	0	0	0	0	0	
0	0.19608	0.0039216	0	0	0	0	0	0	0	0	0	0	0	0.0078431	0.19216	0	0	0	0	0	0	0	0	0	0	0	0	0	0	
0	0.078431	0.12157	0	0	0	0	0	0	0	0	0	0	0	0	0.19216	0.0078431	0	0	0	0	0	0	0	0	0	0	0	0	0	
0	0	0.20392	0	0	0	0	0	0	0	0	0	0	0	0	0.015686	0.18431	0	0	0	0	0	0	0	0	0	0	0	0	0	
0	0	0.14118	0.058824	0	0	0	0	0	0	0	0	0	0	0	0.16471	0.035294	0	0	0	0	0	0	0	0	0	0	0	0	0	
0	0	0	0.20392	0	0	0	0	0	0	0	0	0	0	0.11373	0.086275	0	0	0	0	0	0	0	0	0	0	0	0	0	0	
0	0	0	0.070588	0.12941	0	0	0	0	0	0	0	0	0.078431	0.12549	0	0	0	0	0	0	0	0	0	0	0	0	0	0	0	
0	0	0	0	0.14118	0.058824	0	0	0	0	0	0	0.015686	0.18824	0	0	0	0	0	0	0	0	0	0	0	0	0	0	0	0	
0	0	0	0	0	0.20392	0	0	0	0	0	0	0.17647	0.027451	0	0	0	0	0	0	0	0	0	0	0	0	0	0	0	0	
0	0	0	0	0	0.031373	0.16863	0	0	0	0	0.031373	0.16863	0	0	0	0	0	0	0	0	0	0	0	0	0	0	0	0	0	
0	0	0	0	0	0	0.20392	0	0	0	0	0.20392	0	0	0	0	0	0	0	0	0	0	0	0	0	0	0	0	0	0	
0	0	0	0	0	0	0.019608	0.18431	0	0	0.18431	0.015686	0	0	0	0	0	0	0	0	0	0	0	0	0	0	0	0	0	0	
0	0	0	0	0	0	0	0.19216	0.011765	0.17647	0.023529	0	0	0	0	0	0	0	0	0	0	0	0	0	0	0	0	0	0	0	
0	0	0	0	0	0	0	0.0039216	0.066667	0.070588	0	0	0	0	0	0	0	0	0	0	0	0	0	0	0	0	0	0	0	0	

1
1
30		30
1
597	493
561	359
637	493
1
602	493
57
597	493
597	492
596	489
593	485
591	481
588	475
584	469
578	462
573	454
569	445
566	438
563	432
561	427
561	426
563	426
567	422
570	418
574	412
578	404
582	397
588	387
590	380
592	372
595	365
597	361
597	360
598	359
599	361
601	364
603	370
604	378
609	389
614	402
619	414
625	425
631	435
634	441
636	445
637	447
636	450
633	454
631	456
627	460
626	462
623	466
620	471
618	474
617	476
614	480
611	483
610	484
608	486
606	488
605	489
603	491
603	492
602	493



7
3
30	30
0	0	0	0	0	0	0	0	0	0	0	0	0	0	0	0.13725	0.015686	0	0	0	0	0	0	0	0	0	0	0	0	0	
0	0	0	0	0	0	0	0	0	0	0	0	0.11373	0.21569	0.21569	0.078431	0.2	0.12157	0	0	0	0	0	0	0	0	0	0	0	0	
0	0	0	0	0	0	0	0	0	0	0.011765	0.20784	0.10196	0	0	0	0	0.094118	0.20784	0.047059	0	0	0	0	0	0	0	0	0	0	
0	0	0	0	0	0	0	0	0.090196	0.21569	0.20392	0.0078431	0	0	0	0	0	0	0.0078431	0.16863	0.21569	0.05098	0	0	0	0	0	0	0	0	
0	0	0	0	0	0	0	0.18824	0.12549	0	0	0	0	0	0	0	0	0	0	0	0	0.16078	0.21569	0.070588	0	0	0	0	0	0	
0	0	0	0	0	0.15294	0.21569	0.027451	0	0	0	0	0	0	0	0	0	0	0	0	0	0	0	0.1451	0.21569	0.21569	0.098039	0.039216	0	0	
0	0	0	0.12549	0.21569	0.058824	0	0	0	0	0	0	0	0	0	0	0	0	0	0	0	0	0	0	0	0	0.11765	0.17647	0.21569	0.062745	
0.031373	0.17647	0.21569	0.090196	0	0	0	0	0	0	0	0	0	0	0	0	0	0	0	0	0	0	0	0	0	0	0	0	0.13333	0.14118	
0.05098	0.25882	0.062745	0	0	0	0	0	0	0	0	0	0	0	0	0	0	0	0	0	0	0	0	0	0	0.0039216	0.18824	0.21569	0.11373	0	
0	0	0.15294	0.16863	0	0	0	0	0	0	0	0	0	0	0	0	0	0	0	0	0	0	0.098039	0.1451	0.21569	0.21176	0.027451	0	0	0	
0	0	0	0.047059	0.21569	0.058824	0	0	0	0	0	0	0	0	0	0	0	0	0	0.015686	0.17647	0.21569	0.11765	0.070588	0	0	0	0	0	0	
0	0	0	0	0	0.15686	0.15294	0	0	0	0	0	0	0	0	0	0	0.043137	0.20784	0.2	0.039216	0	0	0	0	0	0	0	0	0	
0	0	0	0	0	0	0.062745	0.21569	0.054902	0	0	0	0	0	0	0.019608	0.19608	0.17255	0.0078431	0	0	0	0	0	0	0	0	0	0	0	
0	0	0	0	0	0	0	0	0.16078	0.21569	0.12941	0	0	0	0.18431	0.19608	0.019608	0	0	0	0	0	0	0	0	0	0	0	0	0	
0	0	0	0	0	0	0	0	0	0	0.015686	0	0.12941	0.21569	0.031373	0	0	0	0	0	0	0	0	0	0	0	0	0	0	0	
0	0	0	0	0	0	0	0	0	0	0	0.18824	0.086275	0	0	0	0	0	0	0	0	0	0	0	0	0	0	0	0	0	
0	0	0	0	0	0	0	0	0	0	0	0	0	0	0	0	0	0	0	0	0	0	0	0	0	0	0	0	0	0	
0	0	0	0	0	0	0	0	0	0	0	0	0	0	0	0	0	0	0	0	0	0	0	0	0	0	0	0	0	0	
0	0	0	0	0	0	0	0	0	0	0	0	0	0	0	0	0	0	0	0	0	0	0	0	0	0	0	0	0	0	
0	0	0	0	0	0	0	0	0	0	0	0	0	0	0	0	0	0	0	0	0	0	0	0	0	0	0	0	0	0	
0	0	0	0	0	0	0	0	0	0	0	0	0	0	0	0	0	0	0	0	0	0	0	0	0	0	0	0	0	0	
0	0	0	0	0	0	0	0	0	0	0	0	0	0	0	0	0	0	0	0	0	0	0	0	0	0	0	0	0	0	
0	0	0	0	0	0	0	0	0	0	0	0	0	0	0	0	0	0	0	0	0	0	0	0	0	0	0	0	0	0	
0	0	0	0	0	0	0	0	0	0	0	0	0	0	0	0	0	0	0	0	0	0	0	0	0	0	0	0	0	0	
0	0	0	0	0	0	0	0	0	0	0	0	0	0	0	0	0	0	0	0	0	0	0	0	0	0	0	0	0	0	
0	0	0	0	0	0	0	0	0	0	0	0	0	0	0	0	0	0	0	0	0	0	0	0	0	0	0	0	0	0	
0	0	0	0	0	0	0	0	0	0	0	0	0	0	0	0	0	0	0	0	0	0	0	0	0	0	0	0	0	0	
0	0	0	0	0	0	0	0	0	0	0	0	0	0	0	0	0	0	0	0	0	0	0	0	0	0	0	0	0	0	
0	0	0	0	0	0	0	0	0	0	0	0	0	0	0	0	0	0	0	0	0	0	0	0	0	0	0	0	0	0	
0	0	0	0	0	0	0	0	0	0	0	0	0	0	0	0	0	0	0	0	0	0	0	0	0	0	0	0	0	0	

1
1
30		30
1
588	492
545	432
670	498
1
591	498
57
588	492
586	492
582	491
579	489
573	485
567	481
562	477
556	473
552	470
549	467
547	467
545	465
547	465
550	464
551	464
555	462
559	459
561	458
567	455
574	451
581	446
589	443
598	437
604	434
608	434
610	432
611	432
613	434
615	436
621	439
628	444
637	448
647	453
657	456
663	457
668	459
669	459
670	460
670	461
670	462
669	464
666	466
660	468
654	471
646	474
639	475
633	478
625	481
619	484
614	487
607	491
602	494
598	496
595	498
594	498
592	498
591	498



7
3
30	30
0	0	0	0	0	0	0	0	0	0	0	0.062745	0.22745	0.19216	0.019608	0	0	0	0	0	0	0	0	0	0	0	0	0	0	0	
0	0	0	0	0	0	0	0	0	0.023529	0.20392	0.16471	0	0.035294	0.20784	0.20784	0.070588	0	0	0	0	0	0	0	0	0	0	0	0	0	
0	0	0	0	0	0	0	0.027451	0.22745	0.20392	0.023529	0	0	0	0	0.019608	0.15686	0.22745	0.21176	0	0	0	0	0	0	0	0	0	0	0	
0	0	0	0	0.094118	0.22745	0.22745	0.2	0	0	0	0	0	0	0	0	0	0	0.011765	0.22745	0.22745	0.12549	0	0	0	0	0	0	0	0	
0	0.078431	0.15686	0.22745	0.13333	0	0	0	0	0	0	0	0	0	0	0	0	0	0	0	0	0.10196	0.22745	0.15686	0	0	0	0	0	0	
0.062745	0.25882	0.070588	0	0	0	0	0	0	0	0	0	0	0	0	0	0	0	0	0	0	0	0	0.070588	0.22745	0.22745	0.070588	0	0	0	
0	0.11765	0.12157	0	0	0	0	0	0	0	0	0	0	0	0	0	0	0	0	0	0	0	0	0	0	0	0.15686	0.22745	0.19216	0	
0	0	0.10588	0.19608	0	0	0	0	0	0	0	0	0	0	0	0	0	0	0	0	0	0	0	0	0	0	0	0.1451	0.26275	0.062745	
0	0	0	0.031373	0.22745	0.094118	0	0	0	0	0	0	0	0	0	0	0	0	0	0	0	0	0	0	0.035294	0.22745	0.22745	0.082353	0	0	
0	0	0	0	0	0.13333	0.17255	0.0078431	0	0	0	0	0	0	0	0	0	0	0	0	0	0.062745	0.17255	0.22745	0.19216	0	0	0	0	0	
0	0	0	0	0	0	0.054902	0.21961	0.10196	0	0	0	0	0	0	0	0	0	0.047059	0.21569	0.22745	0.16471	0.054902	0	0	0	0	0	0	0	
0	0	0	0	0	0	0	0	0.12549	0.22745	0.015686	0	0	0	0	0	0.22745	0.22745	0.18039	0.011765	0	0	0	0	0	0	0	0	0	0	
0	0	0	0	0	0	0	0	0	0	0.21176	0.031373	0	0	0.18824	0.22353	0	0	0	0	0	0	0	0	0	0	0	0	0	0	
0	0	0	0	0	0	0	0	0	0	0	0.14902	0.070588	0.22745	0.039216	0	0	0	0	0	0	0	0	0	0	0	0	0	0	0	
0	0	0	0	0	0	0	0	0	0	0	0.043137	0.15686	0	0	0	0	0	0	0	0	0	0	0	0	0	0	0	0	0	
0	0	0	0	0	0	0	0	0	0	0	0	0	0	0	0	0	0	0	0	0	0	0	0	0	0	0	0	0	0	
0	0	0	0	0	0	0	0	0	0	0	0	0	0	0	0	0	0	0	0	0	0	0	0	0	0	0	0	0	0	
0	0	0	0	0	0	0	0	0	0	0	0	0	0	0	0	0	0	0	0	0	0	0	0	0	0	0	0	0	0	
0	0	0	0	0	0	0	0	0	0	0	0	0	0	0	0	0	0	0	0	0	0	0	0	0	0	0	0	0	0	
0	0	0	0	0	0	0	0	0	0	0	0	0	0	0	0	0	0	0	0	0	0	0	0	0	0	0	0	0	0	
0	0	0	0	0	0	0	0	0	0	0	0	0	0	0	0	0	0	0	0	0	0	0	0	0	0	0	0	0	0	
0	0	0	0	0	0	0	0	0	0	0	0	0	0	0	0	0	0	0	0	0	0	0	0	0	0	0	0	0	0	
0	0	0	0	0	0	0	0	0	0	0	0	0	0	0	0	0	0	0	0	0	0	0	0	0	0	0	0	0	0	
0	0	0	0	0	0	0	0	0	0	0	0	0	0	0	0	0	0	0	0	0	0	0	0	0	0	0	0	0	0	
0	0	0	0	0	0	0	0	0	0	0	0	0	0	0	0	0	0	0	0	0	0	0	0	0	0	0	0	0	0	
0	0	0	0	0	0	0	0	0	0	0	0	0	0	0	0	0	0	0	0	0	0	0	0	0	0	0	0	0	0	
0	0	0	0	0	0	0	0	0	0	0	0	0	0	0	0	0	0	0	0	0	0	0	0	0	0	0	0	0	0	
0	0	0	0	0	0	0	0	0	0	0	0	0	0	0	0	0	0	0	0	0	0	0	0	0	0	0	0	0	0	
0	0	0	0	0	0	0	0	0	0	0	0	0	0	0	0	0	0	0	0	0	0	0	0	0	0	0	0	0	0	
0	0	0	0	0	0	0	0	0	0	0	0	0	0	0	0	0	0	0	0	0	0	0	0	0	0	0	0	0	0	

1
1
30		30
1
587	501
543	446
658	504
1
588	504
56
587	501
585	499
581	495
576	492
570	488
563	483
558	479
553	476
549	472
545	468
543	466
544	465
545	465
547	464
548	464
551	464
553	462
557	461
560	459
564	459
567	458
573	455
577	453
579	452
583	450
586	448
587	447
588	446
592	446
596	447
601	450
607	452
615	455
624	459
632	462
639	466
647	469
651	471
654	472
657	473
658	474
657	475
653	477
649	478
644	481
637	483
630	486
621	488
615	491
609	494
604	495
599	498
596	500
594	502
590	504
588	504



7
3
30	30
0	0	0	0	0	0	0	0	0	0	0	0	0	0	0	0	0	0	0	0	0	0.13333	0.023529	0	0	0	0	0	0	0	
0	0	0	0	0	0	0	0	0	0	0	0	0	0	0	0	0	0	0	0	0.23137	0.1451	0.26667	0	0	0	0	0	0	0	
0	0	0	0	0	0	0	0	0	0	0	0	0	0	0	0	0	0	0	0.22745	0.05098	0	0.28235	0	0	0	0	0	0	0	
0	0	0	0	0	0	0	0	0	0	0	0	0	0	0	0	0	0	0.1451	0.13333	0	0	0.27451	0.0078431	0	0	0	0	0	0	
0	0	0	0	0	0	0	0	0	0	0	0	0	0	0	0	0	0.22745	0.13725	0	0	0	0.21569	0.062745	0	0	0	0	0	0	
0	0	0	0	0	0	0	0	0	0	0	0	0	0	0	0.019608	0.28235	0.054902	0	0	0	0	0	0.28235	0	0	0	0	0	0	
0	0	0	0	0	0	0	0	0	0	0	0	0	0	0.10196	0.26275	0	0	0	0	0	0	0	0.28235	0	0	0	0	0	0	
0	0	0	0	0	0	0	0	0	0	0	0	0	0.098039	0.18039	0	0	0	0	0	0	0	0	0.28235	0	0	0	0	0	0	
0	0	0	0	0	0	0	0	0	0	0	0	0.098039	0.18431	0	0	0	0	0	0	0	0	0	0.1451	0.13333	0	0	0	0	0	
0	0	0	0	0	0	0	0	0	0	0	0.094118	0.18431	0	0	0	0	0	0	0	0	0	0	0	0.28235	0	0	0	0	0	
0	0	0	0	0	0	0	0	0	0.0039216	0.20784	0.18431	0	0	0	0	0	0	0	0	0	0	0	0	0.26667	0.011765	0	0	0	0	
0	0	0	0	0	0	0	0	0.05098	0.27843	0.070588	0	0	0	0	0	0	0	0	0	0	0	0	0	0.035294	0.24314	0	0	0	0	
0	0	0	0	0	0	0	0.12941	0.23137	0	0	0	0	0	0	0	0	0	0	0	0	0	0	0	0	0.28235	0	0	0	0	
0	0	0	0	0	0	0.21176	0.14902	0	0	0	0	0	0	0	0	0	0	0	0	0	0	0	0	0	0.07451	0.20392	0	0	0	
0	0	0	0	0.20392	0.28235	0.070588	0	0	0	0	0	0	0	0	0	0	0	0	0	0	0	0	0	0	0	0.27451	0.0039216	0	0	
0	0	0.043137	0.28235	0.078431	0	0	0	0	0	0	0	0	0	0	0	0	0	0	0	0	0	0	0	0	0	0.035294	0.24314	0	0	
0.039216	0.40392	0.23922	0	0	0	0	0	0	0	0	0	0	0	0	0	0	0	0	0	0	0	0	0	0	0	0	0.26275	0.019608	0	
0	0.12157	0.15686	0	0	0	0	0	0	0	0	0	0	0	0	0	0	0	0	0	0	0	0	0	0	0	0	0.34118	0.019608	0	
0	0	0.12549	0.15686	0	0	0	0	0	0	0	0	0	0	0	0	0	0	0	0	0	0	0	0	0.035294	0.23922	0.28235	0	0	0	
0	0	0	0.28235	0	0	0	0	0	0	0	0	0	0	0	0	0	0	0	0	0	0	0	0.11373	0.24706	0.043137	0	0	0	0	
0	0	0	0.0039216	0.25882	0.015686	0	0	0	0	0	0	0	0	0	0	0	0	0	0	0	0.070588	0.28235	0.16863	0	0	0	0	0	0	
0	0	0	0	0.023529	0.25882	0	0	0	0	0	0	0	0	0	0	0	0	0	0.027451	0.28235	0.21176	0	0	0	0	0	0	0	0	
0	0	0	0	0	0.0078431	0.27451	0	0	0	0	0	0	0	0	0	0	0	0.18824	0.2549	0	0	0	0	0	0	0	0	0	0	
0	0	0	0	0	0	0.090196	0.19216	0	0	0	0	0	0	0	0	0.062745	0.28235	0.094118	0	0	0	0	0	0	0	0	0	0	0	
0	0	0	0	0	0	0	0.24706	0.031373	0	0	0	0	0	0	0.22353	0.21961	0	0	0	0	0	0	0	0	0	0	0	0	0	
0	0	0	0	0	0	0	0.0039216	0.27843	0	0	0	0	0	0.22353	0.058824	0	0	0	0	0	0	0	0	0	0	0	0	0	0	
0	0	0	0	0	0	0	0	0.2549	0.027451	0	0.047059	0.21176	0.28235	0.058824	0	0	0	0	0	0	0	0	0	0	0	0	0	0	0	
0	0	0	0	0	0	0	0	0.039216	0.094118	0.28235	0.23529	0.070588	0	0	0	0	0	0	0	0	0	0	0	0	0	0	0	0	0	
0	0	0	0	0	0	0	0.05098	0.28235	0.18824	0	0	0	0	0	0	0	0	0	0	0	0	0	0	0	0	0	0	0	0	
0	0	0	0	0	0	0	0.039216	0	0	0	0	0	0	0	0	0	0	0	0	0	0	0	0	0	0	0	0	0	0	

1
1
30		30
1
624	489
597	398
692	496
1
621	496
52
624	489
625	486
622	482
617	474
613	470
608	465
605	460
602	457
599	454
597	452
599	452
600	452
602	452
604	450
606	449
611	446
617	443
624	437
633	431
642	422
652	414
658	409
663	404
665	401
667	399
668	398
672	399
673	404
675	412
677	421
681	431
684	439
688	445
689	448
691	451
691	452
692	454
690	457
686	459
680	462
676	465
669	469
663	472
656	477
649	481
643	486
637	489
632	491
627	493
624	495
622	495
621	496



7
3
30	30
0	0	0	0	0	0	0	0	0	0	0	0	0	0.066667	0.23922	0.23922	0.13725	0	0	0	0	0	0	0	0	0	0	0	0	0	
0	0	0	0	0	0	0	0	0	0	0	0	0.078431	0.16863	0	0	0.098039	0.23922	0.23922	0.15686	0	0	0	0	0	0	0	0	0	0	
0	0	0	0	0	0	0	0	0	0	0	0.027451	0.27843	0	0	0	0	0	0	0.078431	0.23922	0.20784	0.027451	0	0	0	0	0	0	0	
0	0	0	0	0	0	0	0	0	0	0.15686	0.20784	0	0	0	0	0	0	0	0	0	0.027451	0.20784	0.21961	0.039216	0	0	0	0	0	
0	0	0	0	0	0	0	0	0	0.16863	0.078431	0	0	0	0	0	0	0	0	0	0	0	0	0.019608	0.2	0.23922	0.23922	0.23922	0.22745	0	
0	0	0	0	0	0	0	0	0.17647	0.066667	0	0	0	0	0	0	0	0	0	0	0	0	0	0	0	0	0	0	0.0078431	0.23922	
0	0	0	0	0	0	0	0.18824	0.058824	0	0	0	0	0	0	0	0	0	0	0	0	0	0	0	0	0	0	0	0	0.24706	
0	0	0	0	0	0.078431	0.23922	0.047059	0	0	0	0	0	0	0	0	0	0	0	0	0	0	0	0	0	0	0	0	0	0.24706	
0	0	0	0	0.086275	0.15686	0	0	0	0	0	0	0	0	0	0	0	0	0	0	0	0	0	0	0	0	0	0	0.027451	0.21961	
0	0	0	0.15686	0.14902	0	0	0	0	0	0	0	0	0	0	0	0	0	0	0	0	0	0	0	0	0	0	0.13725	0.26667	0	
0.058824	0.47843	0.28627	0.078431	0	0	0	0	0	0	0	0	0	0	0	0	0	0	0	0	0	0	0	0	0	0.15686	0.23922	0.098039	0	0	
0	0	0.18824	0.17647	0	0	0	0	0	0	0	0	0	0	0	0	0	0	0	0	0	0	0	0.23922	0.23922	0.078431	0	0	0	0	
0	0	0	0.058824	0.23922	0.18824	0	0	0	0	0	0	0	0	0	0	0	0	0	0	0.019608	0.23922	0.23922	0	0	0	0	0	0	0	
0	0	0	0	0	0.047059	0.23922	0.15686	0	0	0	0	0	0	0	0	0	0	0.039216	0.23922	0.21961	0	0	0	0	0	0	0	0	0	
0	0	0	0	0	0	0	0.078431	0.23922	0.17647	0	0	0	0	0	0	0.027451	0.23922	0.2	0	0	0	0	0	0	0	0	0	0	0	
0	0	0	0	0	0	0	0	0	0.058824	0.23922	0.23922	0.078431	0	0.039216	0.21961	0.20784	0	0	0	0	0	0	0	0	0	0	0	0	0	
0	0	0	0	0	0	0	0	0	0	0	0	0.15686	0.34902	0.37647	0.078431	0	0	0	0	0	0	0	0	0	0	0	0	0	0	
0	0	0	0	0	0	0	0	0	0	0	0	0.17647	0.066667	0	0	0	0	0	0	0	0	0	0	0	0	0	0	0	0	
0	0	0	0	0	0	0	0	0	0	0	0	0	0	0	0	0	0	0	0	0	0	0	0	0	0	0	0	0	0	
0	0	0	0	0	0	0	0	0	0	0	0	0	0	0	0	0	0	0	0	0	0	0	0	0	0	0	0	0	0	
0	0	0	0	0	0	0	0	0	0	0	0	0	0	0	0	0	0	0	0	0	0	0	0	0	0	0	0	0	0	
0	0	0	0	0	0	0	0	0	0	0	0	0	0	0	0	0	0	0	0	0	0	0	0	0	0	0	0	0	0	
0	0	0	0	0	0	0	0	0	0	0	0	0	0	0	0	0	0	0	0	0	0	0	0	0	0	0	0	0	0	
0	0	0	0	0	0	0	0	0	0	0	0	0	0	0	0	0	0	0	0	0	0	0	0	0	0	0	0	0	0	
0	0	0	0	0	0	0	0	0	0	0	0	0	0	0	0	0	0	0	0	0	0	0	0	0	0	0	0	0	0	
0	0	0	0	0	0	0	0	0	0	0	0	0	0	0	0	0	0	0	0	0	0	0	0	0	0	0	0	0	0	
0	0	0	0	0	0	0	0	0	0	0	0	0	0	0	0	0	0	0	0	0	0	0	0	0	0	0	0	0	0	
0	0	0	0	0	0	0	0	0	0	0	0	0	0	0	0	0	0	0	0	0	0	0	0	0	0	0	0	0	0	
0	0	0	0	0	0	0	0	0	0	0	0	0	0	0	0	0	0	0	0	0	0	0	0	0	0	0	0	0	0	
0	0	0	0	0	0	0	0	0	0	0	0	0	0	0	0	0	0	0	0	0	0	0	0	0	0	0	0	0	0	

1
1
30		30
1
590	477
533	413
646	481
1
579	481
65
590	477
588	478
585	478
580	477
575	475
566	471
558	467
549	462
543	459
538	455
534	454
533	453
534	452
536	452
537	452
539	452
542	452
546	449
551	444
556	441
561	436
566	431
573	425
579	421
582	416
585	413
587	413
590	413
593	413
596	414
602	417
608	418
615	421
621	424
627	427
632	429
634	429
638	429
639	429
641	429
642	429
644	429
645	430
646	431
646	434
646	436
646	438
646	441
646	443
646	444
646	446
645	448
640	451
634	454
628	457
621	460
615	463
609	466
603	469
596	473
590	476
586	478
582	481
580	481
579	481



