0
3
20	20
0	0	0	0	0	0	0	0	0.07451	0.07451	0	0	0	0	0	0	0	0	0	0	
0	0	0	0	0	0	0	0.070588	0.090196	0.10196	0	0	0	0	0	0	0	0	0	0	
0	0	0	0	0	0	0.058824	0.043137	0.10196	0.058824	0.039216	0	0	0	0	0	0	0	0	0	
0	0	0	0	0	0.054902	0.047059	0	0.10196	0	0.10196	0	0	0	0	0	0	0	0	0	
0	0	0	0	0.05098	0.05098	0	0	0.10196	0	0.10196	0	0	0	0	0	0	0	0	0	
0	0	0	0.05098	0.05098	0	0	0.0039216	0.098039	0	0.035294	0.066667	0	0	0	0	0	0	0	0	
0	0	0.023529	0.078431	0	0	0	0.10196	0	0	0	0.10196	0	0	0	0	0	0	0	0	
0	0	0.10196	0	0	0	0	0.10196	0	0.0078431	0.10588	0.12157	0	0	0	0	0	0	0	0	
0.070588	0.14118	0.16471	0.10588	0.10588	0.10588	0.10588	0.2	0.10588	0.094118	0	0	0	0	0	0	0	0	0	0	
0	0.039216	0	0	0	0	0	0.10196	0	0	0	0	0	0	0	0	0	0	0	0	
0	0	0	0	0	0	0	0.10196	0	0	0	0	0	0	0	0	0	0	0	0	
0	0	0	0	0	0	0	0.10196	0	0	0	0	0	0	0	0	0	0	0	0	
0	0	0	0	0	0	0	0.10196	0	0	0	0	0	0	0	0	0	0	0	0	
0	0	0	0	0	0	0	0.10196	0	0	0	0	0	0	0	0	0	0	0	0	
0	0	0	0	0	0	0	0.10196	0	0	0	0	0	0	0	0	0	0	0	0	
0	0	0	0	0	0	0	0.10196	0	0	0	0	0	0	0	0	0	0	0	0	
0	0	0	0	0	0	0	0.10196	0	0	0	0	0	0	0	0	0	0	0	0	
0	0	0	0	0	0	0	0.098039	0.0039216	0	0	0	0	0	0	0	0	0	0	0	
0	0	0	0	0	0	0	0	0.10196	0	0	0	0	0	0	0	0	0	0	0	
0	0	0	0	0	0	0	0	0.070588	0	0	0	0	0	0	0	0	0	0	0	

1
1
20		20
2
571	169
556	86
663	169
1
556	162
50
571	169
572	161
574	157
578	151
582	144
588	137
595	129
602	122
609	115
616	108
623	101
628	95
632	91
635	88
637	86
638	86
639	86
640	87
640	88
641	89
642	91
644	94
646	99
647	104
649	110
652	116
654	122
656	128
658	134
659	139
661	143
662	146
662	149
663	151
663	152
662	153
660	154
657	155
652	156
646	157
638	158
628	158
616	159
604	160
593	161
582	161
572	162
565	162
559	162
556	162

	636	97
628	96
636	264
1
629	264
36
636	97
636	96
636	97
636	99
635	101
634	103
633	107
632	112
631	117
630	123
629	130
629	137
628	146
628	156
628	166
628	177
628	188
628	199
628	210
628	219
628	227
628	234
628	238
628	241
628	243
628	245
628	246
628	248
629	249
629	251
629	254
629	256
629	259
629	261
629	263
629	264





0
3
20	20
0	0	0	0.1098	0	0	0	0	0	0	0	0	0	0	0	0	0	0	0	0	
0	0	0.039216	0.16078	0.035294	0	0	0	0	0	0	0	0	0	0	0	0	0	0	0	
0	0	0.078431	0.078431	0.070588	0.0078431	0	0	0	0	0	0	0	0	0	0	0	0	0	0	
0	0.015686	0.058824	0.078431	0	0.078431	0	0	0	0	0	0	0	0	0	0	0	0	0	0	
0	0.078431	0	0.078431	0	0.031373	0.047059	0	0	0	0	0	0	0	0	0	0	0	0	0	
0	0.078431	0	0.078431	0	0	0.078431	0	0	0	0	0	0	0	0	0	0	0	0	0	
0.066667	0.0078431	0	0.078431	0	0	0	0.078431	0	0	0	0	0	0	0	0	0	0	0	0	
0.078431	0	0	0.086275	0.062745	0.086275	0.086275	0.078431	0	0	0	0	0	0	0	0	0	0	0	0	
0.078431	0.086275	0.086275	0.15294	0.019608	0	0	0	0	0	0	0	0	0	0	0	0	0	0	0	
0	0	0	0.078431	0	0	0	0	0	0	0	0	0	0	0	0	0	0	0	0	
0	0	0	0.078431	0	0	0	0	0	0	0	0	0	0	0	0	0	0	0	0	
0	0	0	0.078431	0	0	0	0	0	0	0	0	0	0	0	0	0	0	0	0	
0	0	0	0.078431	0	0	0	0	0	0	0	0	0	0	0	0	0	0	0	0	
0	0	0	0.078431	0	0	0	0	0	0	0	0	0	0	0	0	0	0	0	0	
0	0	0	0.078431	0	0	0	0	0	0	0	0	0	0	0	0	0	0	0	0	
0	0	0	0.078431	0	0	0	0	0	0	0	0	0	0	0	0	0	0	0	0	
0	0	0	0.078431	0	0	0	0	0	0	0	0	0	0	0	0	0	0	0	0	
0	0	0	0.078431	0	0	0	0	0	0	0	0	0	0	0	0	0	0	0	0	
0	0	0	0.078431	0	0	0	0	0	0	0	0	0	0	0	0	0	0	0	0	
0	0	0	0.058824	0	0	0	0	0	0	0	0	0	0	0	0	0	0	0	0	

1
1
20		20
2
734	143
732	60
823	144
1
732	144
53
734	143
734	142
735	141
735	140
736	137
737	134
739	129
740	124
742	119
745	112
748	106
751	100
754	93
757	87
760	81
763	75
765	70
768	66
770	62
772	60
773	60
774	61
775	65
778	70
782	75
786	81
790	85
794	90
798	95
802	101
806	107
810	113
814	119
817	123
819	126
821	129
822	130
823	132
823	133
822	134
819	135
814	136
807	137
799	139
790	141
781	142
771	143
762	144
753	144
745	144
739	144
735	144
732	144

	771	56
771	56
774	272
1
774	272
46
771	56
771	59
771	62
771	65
771	68
771	72
771	76
771	81
772	87
772	94
772	101
772	109
772	116
773	122
773	127
774	132
774	137
774	141
774	145
774	149
774	154
774	159
774	165
774	172
774	180
774	187
774	195
774	202
774	208
774	213
774	217
774	221
774	224
774	227
774	230
774	233
774	237
774	240
774	244
774	249
774	253
774	259
774	263
774	267
774	270
774	272





0
3
20	20
0	0	0	0.0078431	0.1098	0	0	0	0	0	0	0	0	0	0	0	0	0	0	0	
0	0	0	0.062745	0.086275	0.043137	0	0	0	0	0	0	0	0	0	0	0	0	0	0	
0	0	0.035294	0.027451	0.066667	0.023529	0.039216	0	0	0	0	0	0	0	0	0	0	0	0	0	
0	0	0.062745	0	0.066667	0	0.031373	0.031373	0	0	0	0	0	0	0	0	0	0	0	0	
0	0.062745	0	0	0.066667	0	0	0.031373	0.031373	0	0	0	0	0	0	0	0	0	0	0	
0.035294	0.027451	0	0	0.066667	0	0	0.058824	0.094118	0	0	0	0	0	0	0	0	0	0	0	
0.066667	0.043137	0.062745	0.066667	0.12941	0.066667	0.062745	0.0039216	0	0	0	0	0	0	0	0	0	0	0	0	
0.011765	0.023529	0	0	0.066667	0	0	0	0	0	0	0	0	0	0	0	0	0	0	0	
0	0	0	0	0.066667	0	0	0	0	0	0	0	0	0	0	0	0	0	0	0	
0	0	0	0	0.066667	0	0	0	0	0	0	0	0	0	0	0	0	0	0	0	
0	0	0	0	0.066667	0	0	0	0	0	0	0	0	0	0	0	0	0	0	0	
0	0	0	0	0.066667	0	0	0	0	0	0	0	0	0	0	0	0	0	0	0	
0	0	0	0	0.066667	0	0	0	0	0	0	0	0	0	0	0	0	0	0	0	
0	0	0	0	0.066667	0	0	0	0	0	0	0	0	0	0	0	0	0	0	0	
0	0	0	0	0.066667	0	0	0	0	0	0	0	0	0	0	0	0	0	0	0	
0	0	0	0	0.066667	0	0	0	0	0	0	0	0	0	0	0	0	0	0	0	
0	0	0	0	0.066667	0	0	0	0	0	0	0	0	0	0	0	0	0	0	0	
0	0	0	0	0.066667	0	0	0	0	0	0	0	0	0	0	0	0	0	0	0	
0	0	0	0	0.066667	0	0	0	0	0	0	0	0	0	0	0	0	0	0	0	
0	0	0	0	0.05098	0	0	0	0	0	0	0	0	0	0	0	0	0	0	0	

1
1
20		20
2
357	137
357	41
484	141
1
366	141
55
357	137
357	138
358	138
358	137
359	134
362	130
365	125
368	119
372	113
376	107
380	101
386	93
390	86
395	79
400	71
404	66
408	61
411	56
413	52
414	48
415	45
415	43
416	42
416	41
417	42
417	44
419	46
422	51
427	56
433	62
439	69
446	76
453	84
460	91
467	98
472	103
477	108
480	112
482	115
484	117
484	119
484	121
481	121
476	123
468	124
459	126
448	129
437	132
425	135
413	137
401	139
389	140
380	140
372	141
366	141

	420	49
420	49
420	328
1
420	328
57
420	49
420	50
420	52
420	55
420	60
420	66
420	74
420	82
420	91
420	100
420	110
420	120
420	130
420	139
420	147
420	156
420	164
420	172
420	179
420	186
420	193
420	199
420	205
420	211
420	217
420	223
420	229
420	235
420	241
420	247
420	252
420	258
420	263
420	268
420	272
420	276
420	279
420	283
420	286
420	289
420	292
420	296
420	300
420	304
420	307
420	310
420	312
420	314
420	315
420	317
420	318
420	320
420	322
420	324
420	326
420	327
420	328





0
3
20	20
0	0	0	0.1098	0	0	0	0	0	0	0	0	0	0	0	0	0	0	0	0	
0	0	0.027451	0.11765	0.066667	0	0	0	0	0	0	0	0	0	0	0	0	0	0	0	
0	0	0.098039	0.066667	0.082353	0	0	0	0	0	0	0	0	0	0	0	0	0	0	0	
0	0.05098	0.11373	0	0.082353	0	0	0	0	0	0	0	0	0	0	0	0	0	0	0	
0	0.082353	0.082353	0	0.0039216	0.078431	0	0	0	0	0	0	0	0	0	0	0	0	0	0	
0	0.070588	0.082353	0	0	0.082353	0	0	0	0	0	0	0	0	0	0	0	0	0	0	
0.070588	0.094118	0.16863	0.094118	0.094118	0.11765	0	0	0	0	0	0	0	0	0	0	0	0	0	0	
0	0	0.082353	0	0	0	0	0	0	0	0	0	0	0	0	0	0	0	0	0	
0	0	0.082353	0	0	0	0	0	0	0	0	0	0	0	0	0	0	0	0	0	
0	0	0.082353	0	0	0	0	0	0	0	0	0	0	0	0	0	0	0	0	0	
0	0	0.082353	0	0	0	0	0	0	0	0	0	0	0	0	0	0	0	0	0	
0	0	0.082353	0	0	0	0	0	0	0	0	0	0	0	0	0	0	0	0	0	
0	0	0.082353	0	0	0	0	0	0	0	0	0	0	0	0	0	0	0	0	0	
0	0	0.082353	0	0	0	0	0	0	0	0	0	0	0	0	0	0	0	0	0	
0	0	0.082353	0	0	0	0	0	0	0	0	0	0	0	0	0	0	0	0	0	
0	0	0.082353	0	0	0	0	0	0	0	0	0	0	0	0	0	0	0	0	0	
0	0	0.082353	0	0	0	0	0	0	0	0	0	0	0	0	0	0	0	0	0	
0	0	0.082353	0	0	0	0	0	0	0	0	0	0	0	0	0	0	0	0	0	
0	0	0.082353	0	0	0	0	0	0	0	0	0	0	0	0	0	0	0	0	0	
0	0	0.058824	0	0	0	0	0	0	0	0	0	0	0	0	0	0	0	0	0	

1
1
20		20
2
875	149
865	92
930	160
1
865	160
51
875	149
875	148
875	147
875	146
876	144
877	141
878	137
881	132
884	127
887	121
891	116
895	111
898	106
901	102
903	99
905	96
906	94
906	93
907	92
907	93
907	94
907	95
908	97
909	100
912	104
914	108
917	114
919	119
921	125
922	131
924	136
926	141
927	145
928	149
929	152
929	154
930	156
930	157
929	157
926	158
921	158
915	159
908	159
901	160
893	160
886	160
879	160
873	160
869	160
866	160
865	160

	897	102
894	102
898	292
1
894	292
24
897	102
898	102
898	103
898	106
898	111
898	117
897	125
897	135
897	145
896	157
896	167
896	178
896	188
896	198
896	209
896	220
896	231
896	242
895	253
895	264
894	273
894	281
894	287
894	292





0
3
20	20
0	0	0	0	0	0	0.066667	0.07451	0	0	0	0	0	0	0	0	0	0	0	0	
0	0	0	0	0	0.054902	0.094118	0.078431	0	0	0	0	0	0	0	0	0	0	0	0	
0	0	0	0	0.058824	0.023529	0.078431	0.0078431	0.070588	0	0	0	0	0	0	0	0	0	0	0	
0	0	0	0.062745	0.019608	0	0.078431	0	0.054902	0.023529	0	0	0	0	0	0	0	0	0	0	
0	0	0.062745	0.015686	0	0	0.078431	0	0	0.078431	0	0	0	0	0	0	0	0	0	0	
0	0.062745	0.019608	0	0	0	0.078431	0	0	0.019608	0.058824	0	0	0	0	0	0	0	0	0	
0.062745	0.086275	0.082353	0.082353	0.082353	0.082353	0.15686	0.082353	0.082353	0.082353	0.098039	0	0	0	0	0	0	0	0	0	
0	0	0	0	0	0	0.078431	0	0	0	0	0	0	0	0	0	0	0	0	0	
0	0	0	0	0	0	0.078431	0	0	0	0	0	0	0	0	0	0	0	0	0	
0	0	0	0	0	0	0.078431	0	0	0	0	0	0	0	0	0	0	0	0	0	
0	0	0	0	0	0	0.078431	0	0	0	0	0	0	0	0	0	0	0	0	0	
0	0	0	0	0	0	0.078431	0	0	0	0	0	0	0	0	0	0	0	0	0	
0	0	0	0	0	0	0.078431	0	0	0	0	0	0	0	0	0	0	0	0	0	
0	0	0	0	0	0	0.078431	0	0	0	0	0	0	0	0	0	0	0	0	0	
0	0	0	0	0	0	0.078431	0	0	0	0	0	0	0	0	0	0	0	0	0	
0	0	0	0	0	0	0.078431	0	0	0	0	0	0	0	0	0	0	0	0	0	
0	0	0	0	0	0	0.078431	0	0	0	0	0	0	0	0	0	0	0	0	0	
0	0	0	0	0	0	0.078431	0	0	0	0	0	0	0	0	0	0	0	0	0	
0	0	0	0	0	0	0.078431	0	0	0	0	0	0	0	0	0	0	0	0	0	
0	0	0	0	0	0	0.07451	0	0	0	0	0	0	0	0	0	0	0	0	0	

1
1
20		20
2
199	158
180	91
308	165
1
180	164
50
199	158
198	159
198	158
198	157
199	155
201	151
205	146
210	141
216	135
222	129
228	124
234	118
241	112
247	106
252	101
256	96
260	93
261	92
263	91
264	91
265	91
265	93
266	97
269	102
272	108
276	115
280	121
285	128
289	135
293	141
297	146
300	151
303	155
305	158
307	161
308	163
308	165
307	165
303	165
296	165
287	165
277	165
265	165
252	165
239	165
225	165
211	165
199	165
188	164
180	164

	259	101
251	101
259	322
1
251	321
42
259	101
259	102
259	103
259	106
258	110
257	116
255	123
254	131
253	139
253	147
253	156
253	164
252	172
252	181
252	189
252	197
252	206
252	215
252	225
252	235
252	246
252	257
252	267
252	275
252	282
252	286
252	290
252	292
252	294
252	296
252	297
252	299
252	302
252	306
252	310
252	314
252	317
252	320
252	321
252	322
251	322
251	321





0
3
20	20
0	0	0	0	0	0	0	0	0	0	0	0	0	0	0	0.1451	0	0	0	0	
0	0	0	0	0	0	0	0	0	0	0	0	0	0	0	0.1098	0.098039	0	0	0	
0	0	0	0	0	0	0	0	0	0	0	0	0	0	0	0.10196	0.0039216	0.1098	0.0039216	0	
0.031373	0.043137	0.043137	0.043137	0.043137	0.043137	0.043137	0.043137	0.043137	0.043137	0.043137	0.043137	0.043137	0.043137	0.043137	0.14118	0.043137	0.047059	0.12941	0.031373	
0.031373	0.043137	0.043137	0.043137	0.043137	0.043137	0.043137	0.043137	0.043137	0.043137	0.043137	0.043137	0.043137	0.043137	0.043137	0.14118	0.043137	0.043137	0.043137	0.11765	
0	0	0	0	0	0	0	0	0	0	0	0	0	0	0	0.10196	0	0.027451	0.090196	0	
0	0	0	0	0	0	0	0	0	0	0	0	0	0	0	0.10588	0.086275	0.062745	0	0	
0	0	0	0	0	0	0	0	0	0	0	0	0	0	0	0.12157	0.0039216	0	0	0	
0	0	0	0	0	0	0	0	0	0	0	0	0	0	0	0	0	0	0	0	
0	0	0	0	0	0	0	0	0	0	0	0	0	0	0	0	0	0	0	0	
0	0	0	0	0	0	0	0	0	0	0	0	0	0	0	0	0	0	0	0	
0	0	0	0	0	0	0	0	0	0	0	0	0	0	0	0	0	0	0	0	
0	0	0	0	0	0	0	0	0	0	0	0	0	0	0	0	0	0	0	0	
0	0	0	0	0	0	0	0	0	0	0	0	0	0	0	0	0	0	0	0	
0	0	0	0	0	0	0	0	0	0	0	0	0	0	0	0	0	0	0	0	
0	0	0	0	0	0	0	0	0	0	0	0	0	0	0	0	0	0	0	0	
0	0	0	0	0	0	0	0	0	0	0	0	0	0	0	0	0	0	0	0	
0	0	0	0	0	0	0	0	0	0	0	0	0	0	0	0	0	0	0	0	
0	0	0	0	0	0	0	0	0	0	0	0	0	0	0	0	0	0	0	0	
0	0	0	0	0	0	0	0	0	0	0	0	0	0	0	0	0	0	0	0	

1
1
20		20
2
561	191
561	120
606	198
1
561	198
56
561	191
561	192
562	192
562	190
562	187
562	184
562	179
562	174
562	168
562	162
562	157
562	151
562	145
562	141
562	137
562	134
562	131
562	128
562	126
562	124
562	122
562	121
562	120
562	121
563	121
564	123
567	125
570	128
574	131
578	135
581	139
585	142
588	147
592	150
595	153
598	156
601	158
603	159
604	160
605	160
606	160
606	161
606	163
605	164
603	166
600	169
596	173
591	177
586	181
581	185
576	188
571	191
567	194
564	196
562	197
561	198

	598	159
417	159
598	159
1
417	159
22
598	159
597	159
595	159
593	159
589	159
584	159
577	159
569	159
560	159
550	159
539	159
526	159
513	159
499	159
486	159
473	159
461	159
449	159
439	159
429	159
422	159
417	159





0
3
20	20
0	0.16863	0	0	0	0	0	0	0	0	0	0	0	0	0	0	0	0	0	0	
0.12157	0.019608	0.12157	0	0	0	0	0	0	0	0	0	0	0	0	0	0	0	0	0	
0.17647	0	0.019608	0.11765	0	0	0	0	0	0	0	0	0	0	0	0	0	0	0	0	
0.16471	0.082353	0	0.0078431	0.12549	0.031373	0	0	0	0	0	0	0	0	0	0	0	0	0	0	
0.12157	0.12157	0	0	0	0.090196	0.12549	0.047059	0	0	0	0	0	0	0	0	0	0	0	0	
0.12157	0.12157	0	0	0	0	0	0.078431	0.12549	0.11765	0	0	0	0	0	0	0	0	0	0	
0.12157	0	0.12157	0	0	0	0	0	0.0078431	0.12941	0.14118	0	0	0	0	0	0	0	0	0	
0.12157	0	0.11765	0.0039216	0	0	0	0.10588	0.11765	0.0039216	0	0	0	0	0	0	0	0	0	0	
0.12157	0	0	0.12157	0.019608	0.12549	0.12549	0.015686	0	0	0	0	0	0	0	0	0	0	0	0	
0.07451	0.031373	0.12549	0.23529	0.10196	0	0	0	0	0	0	0	0	0	0	0	0	0	0	0	
0	0	0	0.047059	0.07451	0	0	0	0	0	0	0	0	0	0	0	0	0	0	0	
0	0	0	0	0.12157	0	0	0	0	0	0	0	0	0	0	0	0	0	0	0	
0	0	0	0	0.086275	0.035294	0	0	0	0	0	0	0	0	0	0	0	0	0	0	
0	0	0	0	0	0.12157	0	0	0	0	0	0	0	0	0	0	0	0	0	0	
0	0	0	0	0	0.12157	0	0	0	0	0	0	0	0	0	0	0	0	0	0	
0	0	0	0	0	0	0.12157	0	0	0	0	0	0	0	0	0	0	0	0	0	
0	0	0	0	0	0	0.12157	0	0	0	0	0	0	0	0	0	0	0	0	0	
0	0	0	0	0	0	0.066667	0.05098	0	0	0	0	0	0	0	0	0	0	0	0	
0	0	0	0	0	0	0	0.12157	0	0	0	0	0	0	0	0	0	0	0	0	
0	0	0	0	0	0	0	0.058824	0.031373	0	0	0	0	0	0	0	0	0	0	0	

1
1
20		20
2
468	183
468	112
547	186
1
477	186
47
468	183
468	182
468	181
468	179
468	176
468	171
468	166
468	161
468	155
468	149
468	143
468	136
468	130
469	125
470	120
471	116
471	113
472	112
473	112
476	114
479	118
485	123
489	128
494	132
500	137
506	141
514	145
522	148
529	151
535	153
540	155
543	156
546	156
547	156
546	157
544	158
540	160
535	163
529	166
522	170
514	174
506	177
499	180
492	182
486	184
481	185
477	186

	466	126
466	126
528	261
1
528	261
32
466	126
466	127
467	128
468	129
469	132
471	135
472	140
474	146
476	151
479	156
482	162
485	167
488	173
491	180
494	186
495	190
497	195
499	200
502	206
506	214
509	221
512	228
515	236
517	242
520	248
522	252
524	255
525	258
526	259
526	260
527	260
528	261





0
3
20	20
0	0.07451	0.043137	0	0	0	0	0	0	0	0	0	0	0	0	0	0	0	0	0	
0	0.082353	0.11765	0.043137	0	0	0	0	0	0	0	0	0	0	0	0	0	0	0	0	
0	0.082353	0.082353	0.039216	0.054902	0	0	0	0	0	0	0	0	0	0	0	0	0	0	0	
0.0039216	0.07451	0.082353	0	0.027451	0.086275	0.0078431	0	0	0	0	0	0	0	0	0	0	0	0	0	
0.082353	0	0.082353	0	0	0	0.07451	0.05098	0	0	0	0	0	0	0	0	0	0	0	0	
0.082353	0	0.027451	0.05098	0	0	0	0.031373	0.086275	0.0078431	0	0	0	0	0	0	0	0	0	0	
0.082353	0	0	0.082353	0	0	0	0.015686	0.086275	0.11765	0	0	0	0	0	0	0	0	0	0	
0.086275	0.086275	0.086275	0.15686	0.090196	0.086275	0.086275	0.070588	0	0	0	0	0	0	0	0	0	0	0	0	
0	0	0	0.0039216	0.07451	0	0	0	0	0	0	0	0	0	0	0	0	0	0	0	
0	0	0	0	0.082353	0	0	0	0	0	0	0	0	0	0	0	0	0	0	0	
0	0	0	0	0.054902	0.023529	0	0	0	0	0	0	0	0	0	0	0	0	0	0	
0	0	0	0	0	0.082353	0	0	0	0	0	0	0	0	0	0	0	0	0	0	
0	0	0	0	0	0.078431	0	0	0	0	0	0	0	0	0	0	0	0	0	0	
0	0	0	0	0	0.0039216	0.07451	0	0	0	0	0	0	0	0	0	0	0	0	0	
0	0	0	0	0	0	0.082353	0	0	0	0	0	0	0	0	0	0	0	0	0	
0	0	0	0	0	0	0.05098	0.027451	0	0	0	0	0	0	0	0	0	0	0	0	
0	0	0	0	0	0	0	0.082353	0	0	0	0	0	0	0	0	0	0	0	0	
0	0	0	0	0	0	0	0.082353	0	0	0	0	0	0	0	0	0	0	0	0	
0	0	0	0	0	0	0	0.05098	0.027451	0	0	0	0	0	0	0	0	0	0	0	
0	0	0	0	0	0	0	0	0.058824	0	0	0	0	0	0	0	0	0	0	0	

1
1
20		20
2
443	182
442	104
556	190
1
442	190
49
443	182
443	183
443	182
443	181
443	178
443	175
444	170
445	164
447	157
450	149
452	141
454	132
455	125
457	118
458	113
459	109
460	106
460	104
461	104
463	106
467	110
472	116
479	122
488	129
497	137
507	143
517	149
526	155
534	160
541	164
547	168
552	171
554	172
556	173
556	174
554	174
550	176
544	178
535	180
526	183
515	185
504	187
493	189
482	190
470	190
461	190
453	190
446	190
442	190

	468	115
468	114
539	325
1
539	325
40
468	115
468	114
468	116
469	119
469	123
469	128
469	134
470	143
472	152
475	161
479	172
483	182
487	191
491	201
494	210
497	218
501	226
504	234
508	242
512	251
516	258
519	266
522	273
524	280
527	287
529	292
531	297
532	300
533	304
534	307
534	309
535	312
536	314
536	317
537	318
537	320
537	321
538	323
538	324
539	325





0
3
20	20
0	0	0	0	0	0	0	0	0.082353	0.12941	0	0	0	0	0	0	0	0	0	0	
0	0	0	0	0	0	0	0.047059	0.21569	0.098039	0.062745	0	0	0	0	0	0	0	0	0	
0	0	0	0	0	0	0.015686	0.1451	0.16078	0	0.16078	0	0	0	0	0	0	0	0	0	
0	0	0	0	0	0	0.16078	0	0.16078	0	0.070588	0.086275	0	0	0	0	0	0	0	0	
0	0	0	0	0	0.1451	0.015686	0	0.16078	0	0	0.13333	0.027451	0	0	0	0	0	0	0	
0	0	0	0.023529	0.16863	0.023529	0	0	0.16078	0	0	0	0.16078	0	0	0	0	0	0	0	
0	0	0.043137	0.14118	0	0	0	0.1451	0.015686	0	0	0	0.031373	0.12549	0	0	0	0	0	0	
0	0.066667	0.12157	0	0	0	0	0.16078	0	0	0	0	0	0.066667	0.094118	0	0	0	0	0	
0.086275	0.18824	0.16863	0.16863	0.16863	0.16863	0.094118	0.14118	0	0	0	0	0	0	0.098039	0.058824	0	0	0	0	
0	0	0	0	0	0	0.21569	0.18039	0.16863	0.16863	0.16863	0.16863	0.16863	0.16863	0.16863	0.13725	0	0	0	0	
0	0	0	0	0	0	0.16078	0	0	0	0	0	0	0	0	0	0	0	0	0	
0	0	0	0	0	0	0.16078	0	0	0	0	0	0	0	0	0	0	0	0	0	
0	0	0	0	0	0	0.16078	0	0	0	0	0	0	0	0	0	0	0	0	0	
0	0	0	0	0	0	0.16078	0	0	0	0	0	0	0	0	0	0	0	0	0	
0	0	0	0	0	0	0.16078	0	0	0	0	0	0	0	0	0	0	0	0	0	
0	0	0	0	0	0	0.16078	0	0	0	0	0	0	0	0	0	0	0	0	0	
0	0	0	0	0	0	0.16078	0	0	0	0	0	0	0	0	0	0	0	0	0	
0	0	0	0	0	0	0.16078	0	0	0	0	0	0	0	0	0	0	0	0	0	
0	0	0	0	0	0	0.16078	0	0	0	0	0	0	0	0	0	0	0	0	0	
0	0	0	0	0	0	0.10588	0	0	0	0	0	0	0	0	0	0	0	0	0	

1
1
20		20
2
450	176
443	132
534	186
1
443	177
58
450	176
450	175
452	174
454	172
458	169
463	164
469	160
474	155
479	150
483	145
486	141
490	137
492	134
494	133
496	132
497	132
498	133
500	136
502	140
504	144
507	149
511	154
515	159
518	164
522	168
525	172
528	176
531	179
533	181
534	183
534	184
532	184
530	185
526	185
522	186
518	186
513	186
508	186
503	186
497	185
491	184
485	183
479	182
474	181
470	180
466	180
463	180
461	179
459	179
457	179
456	179
454	179
452	179
450	178
448	178
446	177
444	177
443	177

	494	138
479	137
494	243
1
479	243
45
494	138
494	137
494	138
494	139
494	140
494	143
494	146
494	149
493	153
492	158
490	162
488	167
486	171
484	176
483	180
482	184
482	187
481	189
481	191
481	194
481	196
481	198
481	200
481	201
481	203
481	205
481	207
481	209
481	212
481	214
481	217
481	219
481	221
481	223
481	225
481	226
481	227
481	229
481	230
481	232
481	235
481	238
481	241
480	243
479	243





0
3
20	20
0	0	0	0	0	0	0	0	0	0.13333	0.023529	0	0	0	0	0	0	0	0	0	
0	0	0	0	0	0	0	0.0039216	0.12941	0.019608	0.14118	0	0	0	0	0	0	0	0	0	
0	0	0	0	0	0	0.019608	0.14118	0.015686	0	0.062745	0.078431	0	0	0	0	0	0	0	0	
0	0	0	0	0	0.078431	0.12549	0	0	0	0	0.12549	0.015686	0	0	0	0	0	0	0	
0	0	0	0	0.098039	0.070588	0	0	0	0	0	0	0.14118	0	0	0	0	0	0	0	
0	0	0	0.11765	0.047059	0	0	0	0	0	0	0	0.0078431	0.1451	0.0078431	0	0	0	0	0	
0	0	0.11765	0.027451	0	0	0	0	0	0	0	0	0	0	0.13333	0.0078431	0	0	0	0	
0.0078431	0.1451	0.027451	0	0	0	0	0	0	0	0	0	0	0	0	0.1451	0	0	0	0	
0.14118	0	0	0	0	0	0	0	0	0	0	0	0	0	0	0.015686	0.12941	0	0	0	
0.14118	0	0	0	0	0	0	0	0	0	0	0	0	0	0	0	0.058824	0.082353	0	0	
0.015686	0.12549	0	0	0	0	0	0	0	0	0	0	0	0	0	0	0	0.1451	0	0	
0	0.039216	0.10196	0	0	0	0	0	0	0	0	0	0	0	0	0	0.07451	0.066667	0	0	
0	0	0.1098	0.031373	0	0	0	0	0	0	0	0	0	0	0	0.027451	0.11373	0	0	0	
0	0	0	0.1451	0	0	0	0	0	0	0	0	0	0	0	0.1451	0	0	0	0	
0	0	0	0.0078431	0.13333	0	0	0	0	0	0	0	0	0	0.098039	0.047059	0	0	0	0	
0	0	0	0	0.035294	0.1098	0	0	0	0	0	0	0	0.039216	0.10196	0	0	0	0	0	
0	0	0	0	0	0.058824	0.082353	0	0	0	0	0	0.035294	0.10588	0	0	0	0	0	0	
0	0	0	0	0	0	0.062745	0.078431	0	0	0	0.054902	0.1098	0	0	0	0	0	0	0	
0	0	0	0	0	0	0	0.13333	0.0078431	0	0.023529	0.11373	0	0	0	0	0	0	0	0	
0	0	0	0	0	0	0	0.0078431	0.090196	0	0	0	0	0	0	0	0	0	0	0	

1
1
20		20
1
471	255
418	129
534	256
1
489	252
65
471	255
471	256
470	255
470	254
469	252
467	250
465	246
462	242
457	237
452	231
446	224
440	218
435	211
431	204
426	199
422	194
420	190
418	187
418	184
419	181
423	177
429	173
435	167
442	161
449	155
457	149
464	144
470	139
475	134
478	131
480	130
481	129
482	130
485	134
488	139
492	145
497	152
503	159
510	165
516	171
521	177
526	182
529	186
532	190
533	192
534	194
534	196
533	198
532	201
529	204
526	209
523	213
520	218
517	222
514	226
511	230
508	233
505	236
502	239
499	242
497	244
494	246
492	248
491	250
489	252





0
3
20	20
0	0	0	0	0	0	0	0	0	0	0.094118	0.090196	0.090196	0.090196	0.054902	0	0	0	0	0	
0	0	0	0	0	0	0	0	0.031373	0.090196	0.0039216	0	0	0	0.035294	0.090196	0.090196	0.027451	0	0	
0	0	0	0	0	0.019608	0.13725	0.14902	0.11765	0.058824	0.13725	0.13333	0.0039216	0	0	0	0	0.062745	0.090196	0.05098	
0	0	0.07451	0.090196	0.11373	0.21569	0.13725	0.12157	0.16471	0.2	0.13333	0.32157	0.24706	0.090196	0.082353	0	0	0	0.031373	0.082353	
0.11765	0.18039	0.10196	0.0078431	0	0	0	0.078431	0.17647	0.22745	0.21176	0.12549	0	0	0	0	0.035294	0.090196	0.054902	0	
0	0	0	0.082353	0.090196	0.086275	0.027451	0.10588	0.090196	0.011765	0	0	0	0	0.039216	0.090196	0.05098	0	0	0	
0	0	0	0	0	0	0.086275	0.090196	0.027451	0	0	0	0.070588	0.090196	0.05098	0	0	0	0	0	
0	0	0	0	0	0	0	0	0.078431	0.15686	0.10588	0.090196	0.019608	0	0	0	0	0	0	0	
0	0	0	0	0	0	0	0	0.070588	0.0039216	0.07451	0.027451	0	0	0	0	0	0	0	0	
0	0	0	0	0	0	0	0	0	0	0	0	0	0	0	0	0	0	0	0	
0	0	0	0	0	0	0	0	0	0	0	0	0	0	0	0	0	0	0	0	
0	0	0	0	0	0	0	0	0	0	0	0	0	0	0	0	0	0	0	0	
0	0	0	0	0	0	0	0	0	0	0	0	0	0	0	0	0	0	0	0	
0	0	0	0	0	0	0	0	0	0	0	0	0	0	0	0	0	0	0	0	
0	0	0	0	0	0	0	0	0	0	0	0	0	0	0	0	0	0	0	0	
0	0	0	0	0	0	0	0	0	0	0	0	0	0	0	0	0	0	0	0	
0	0	0	0	0	0	0	0	0	0	0	0	0	0	0	0	0	0	0	0	
0	0	0	0	0	0	0	0	0	0	0	0	0	0	0	0	0	0	0	0	
0	0	0	0	0	0	0	0	0	0	0	0	0	0	0	0	0	0	0	0	
0	0	0	0	0	0	0	0	0	0	0	0	0	0	0	0	0	0	0	0	

1
1
20		20
2
488	254
377	164
575	255
1
460	246
87
488	254
488	255
488	254
487	254
485	253
482	251
478	248
472	244
464	240
456	235
446	231
435	226
423	221
411	217
400	214
390	212
383	210
379	209
377	208
379	207
383	207
387	206
393	205
401	203
411	200
423	197
434	193
445	190
455	186
463	182
469	178
474	174
477	171
480	169
481	167
482	167
483	166
485	166
486	165
488	165
490	164
492	164
496	164
500	164
505	165
511	167
517	169
524	172
532	175
539	178
547	181
554	184
560	187
565	189
569	190
571	192
573	192
574	193
575	194
575	195
575	196
572	199
568	202
562	206
554	210
546	214
536	219
527	224
517	229
508	233
499	237
492	240
485	242
480	243
476	244
474	244
471	245
469	246
468	247
466	248
464	250
463	250
461	251
460	250
460	249
460	248
460	246

	466	219
424	191
526	219
1
482	211
116
466	219
466	218
465	218
464	218
463	218
460	219
457	219
453	219
450	219
447	219
446	219
445	219
445	218
445	217
445	216
447	215
451	213
456	212
461	211
467	210
471	210
475	209
477	209
478	209
478	210
477	210
475	210
474	210
473	210
474	209
475	208
479	207
483	205
489	203
497	202
505	201
512	200
519	200
523	200
525	200
526	200
525	200
524	200
520	200
513	200
504	200
491	200
478	200
464	200
452	200
442	200
434	200
429	200
426	200
424	199
424	198
425	197
427	195
431	194
437	194
443	193
449	193
457	193
464	193
473	193
481	193
488	193
494	193
498	194
501	195
502	196
503	197
503	198
503	199
503	200
502	200
500	201
497	202
493	202
489	204
483	205
477	206
471	207
466	208
462	209
461	209
460	208
460	207
460	205
462	202
465	199
468	197
472	195
477	193
482	192
487	191
491	191
493	191
494	192
494	193
494	196
494	199
494	203
494	206
494	209
492	211
491	212
490	213
489	213
488	213
487	213
486	213
485	213
484	213
483	212
482	211





0
3
20	20
0	0	0	0	0	0	0	0	0	0	0	0.027451	0.078431	0.086275	0.05098	0	0	0	0	0	
0	0	0	0	0	0	0.031373	0.078431	0.078431	0.078431	0.078431	0.05098	0	0	0.035294	0.054902	0	0	0	0	
0.10588	0.16078	0.16078	0.090196	0.078431	0.078431	0.062745	0.082353	0.078431	0.078431	0.078431	0.078431	0.078431	0.0078431	0	0.019608	0.078431	0.0078431	0	0	
0	0	0	0.070588	0.078431	0.078431	0.066667	0.078431	0.078431	0.086275	0.10588	0.066667	0.11765	0.21176	0.11765	0	0	0.066667	0.078431	0.015686	
0	0	0	0	0	0	0.027451	0.078431	0.078431	0.047059	0.1098	0.15686	0.12157	0.078431	0.031373	0.043137	0.078431	0.078431	0.078431	0.094118	
0	0	0	0	0	0	0	0	0	0.047059	0.078431	0.14118	0.078431	0.078431	0.078431	0.035294	0	0	0	0	
0	0	0	0	0	0	0	0	0	0	0	0	0	0	0	0	0	0	0	0	
0	0	0	0	0	0	0	0	0	0	0	0	0	0	0	0	0	0	0	0	
0	0	0	0	0	0	0	0	0	0	0	0	0	0	0	0	0	0	0	0	
0	0	0	0	0	0	0	0	0	0	0	0	0	0	0	0	0	0	0	0	
0	0	0	0	0	0	0	0	0	0	0	0	0	0	0	0	0	0	0	0	
0	0	0	0	0	0	0	0	0	0	0	0	0	0	0	0	0	0	0	0	
0	0	0	0	0	0	0	0	0	0	0	0	0	0	0	0	0	0	0	0	
0	0	0	0	0	0	0	0	0	0	0	0	0	0	0	0	0	0	0	0	
0	0	0	0	0	0	0	0	0	0	0	0	0	0	0	0	0	0	0	0	
0	0	0	0	0	0	0	0	0	0	0	0	0	0	0	0	0	0	0	0	
0	0	0	0	0	0	0	0	0	0	0	0	0	0	0	0	0	0	0	0	
0	0	0	0	0	0	0	0	0	0	0	0	0	0	0	0	0	0	0	0	
0	0	0	0	0	0	0	0	0	0	0	0	0	0	0	0	0	0	0	0	
0	0	0	0	0	0	0	0	0	0	0	0	0	0	0	0	0	0	0	0	

1
1
20		20
1
468	241
336	178
573	245
1
478	216
148
468	241
469	241
469	242
468	242
466	242
463	241
458	240
451	238
443	235
434	231
424	228
413	224
402	221
391	218
379	214
367	211
357	208
348	205
342	204
338	203
336	202
337	202
338	202
341	202
346	202
355	202
366	202
379	202
394	202
410	200
427	198
443	194
459	191
472	188
483	185
491	182
496	180
499	179
500	178
501	178
503	178
504	180
508	184
511	188
516	192
523	198
529	203
537	208
545	214
553	218
560	221
565	223
569	225
572	225
573	226
572	226
570	226
567	227
561	228
554	229
545	231
535	234
524	236
514	238
504	240
494	241
486	242
478	242
473	244
470	244
469	245
469	244
469	243
469	241
470	238
471	235
474	232
479	229
484	225
490	221
497	218
503	216
508	215
510	215
510	217
510	220
508	223
506	226
503	229
500	231
497	232
494	232
491	233
487	233
482	232
476	230
469	228
464	227
459	225
456	223
454	222
453	221
453	220
454	220
455	219
457	219
459	219
462	219
465	219
468	219
470	219
471	220
472	221
472	223
472	224
471	224
468	225
464	225
458	225
451	224
443	222
435	220
428	218
422	216
418	214
416	212
416	211
417	210
421	209
428	209
437	209
448	209
459	209
471	209
481	210
491	211
497	214
502	216
504	217
504	218
503	218
502	218
499	218
495	217
491	216
486	216
481	216
478	216





0
3
20	20
0	0	0	0	0	0	0	0	0	0	0	0.039216	0.098039	0.023529	0	0	0	0	0	0	
0	0	0	0	0	0	0	0	0	0.039216	0.078431	0.058824	0	0.05098	0.070588	0	0	0	0	0	
0	0	0	0	0	0.031373	0.078431	0.078431	0.078431	0.035294	0	0	0	0	0.0039216	0.07451	0.058824	0	0	0	
0	0.054902	0.078431	0.078431	0.078431	0.039216	0	0	0	0	0	0	0	0	0	0	0.015686	0.078431	0.054902	0	
0.11373	0.098039	0.078431	0.078431	0.043137	0	0.16863	0.23529	0.2549	0.2902	0.25098	0.21961	0.13333	0.078431	0.078431	0.078431	0.039216	0	0.07451	0.12157	
0	0	0	0	0.031373	0.078431	0.12549	0.082353	0.13725	0.15686	0.15686	0.1098	0.13725	0.078431	0.14902	0.15686	0.10588	0.078431	0.019608	0	
0	0	0	0	0	0	0	0.070588	0.047059	0	0.023529	0.078431	0.078431	0.07451	0.0039216	0	0	0	0	0	
0	0	0	0	0	0	0	0	0.027451	0.078431	0.05098	0	0	0	0	0	0	0	0	0	
0	0	0	0	0	0	0	0	0	0	0	0	0	0	0	0	0	0	0	0	
0	0	0	0	0	0	0	0	0	0	0	0	0	0	0	0	0	0	0	0	
0	0	0	0	0	0	0	0	0	0	0	0	0	0	0	0	0	0	0	0	
0	0	0	0	0	0	0	0	0	0	0	0	0	0	0	0	0	0	0	0	
0	0	0	0	0	0	0	0	0	0	0	0	0	0	0	0	0	0	0	0	
0	0	0	0	0	0	0	0	0	0	0	0	0	0	0	0	0	0	0	0	
0	0	0	0	0	0	0	0	0	0	0	0	0	0	0	0	0	0	0	0	
0	0	0	0	0	0	0	0	0	0	0	0	0	0	0	0	0	0	0	0	
0	0	0	0	0	0	0	0	0	0	0	0	0	0	0	0	0	0	0	0	
0	0	0	0	0	0	0	0	0	0	0	0	0	0	0	0	0	0	0	0	
0	0	0	0	0	0	0	0	0	0	0	0	0	0	0	0	0	0	0	0	
0	0	0	0	0	0	0	0	0	0	0	0	0	0	0	0	0	0	0	0	

1
1
20		20
2
470	259
361	164
591	259
1
473	253
89
470	259
470	258
470	257
469	257
467	255
464	253
460	250
455	246
450	242
443	238
436	234
427	230
419	227
410	224
401	222
392	220
383	218
375	216
369	216
364	216
362	216
361	216
361	215
364	215
368	213
376	211
385	208
396	205
410	202
424	199
439	195
453	191
465	188
475	185
483	182
488	180
492	177
495	175
496	173
498	171
499	169
500	167
502	166
502	165
503	164
504	164
504	165
506	166
508	169
512	171
517	175
524	179
531	184
539	189
547	194
556	199
563	203
571	207
577	211
582	213
587	215
589	216
591	216
591	217
591	218
590	218
588	219
584	221
578	223
571	226
562	228
553	230
543	233
532	235
522	238
514	240
507	242
502	243
499	244
497	245
495	245
492	246
490	248
486	249
483	251
479	252
476	253
474	253
473	253

	480	224
431	212
549	231
1
497	221
84
480	224
481	222
482	221
481	221
480	221
479	221
476	221
472	222
467	222
461	222
456	222
451	222
446	222
441	222
437	222
434	221
432	220
431	218
431	217
433	216
437	214
444	213
452	213
460	212
469	212
477	212
486	212
493	212
498	214
502	217
504	219
505	222
506	225
505	228
502	229
496	230
489	231
481	231
472	231
463	231
454	231
447	231
441	230
438	229
436	227
436	225
437	222
442	220
451	218
462	217
476	216
490	216
504	216
517	216
529	216
538	216
544	217
548	219
549	222
549	224
549	227
546	228
541	229
534	230
525	230
515	230
502	230
490	230
478	230
468	230
462	229
459	228
458	227
458	225
459	224
463	222
467	221
473	221
479	221
485	221
490	221
493	221
496	221
497	221





0
3
20	20
0	0	0	0	0	0	0	0	0	0	0.062745	0.098039	0.098039	0.031373	0	0	0	0	0	0	
0	0	0	0	0	0	0	0.07451	0.098039	0.098039	0.031373	0	0	0.062745	0.082353	0	0	0	0	0	
0	0	0	0.0078431	0.094118	0.098039	0.098039	0.019608	0	0	0	0	0	0	0.015686	0.098039	0.035294	0	0	0	
0.058824	0.098039	0.098039	0.086275	0	0.043137	0.098039	0.098039	0.13333	0	0	0	0	0	0	0	0.058824	0.098039	0.015686	0	
0.05098	0.098039	0.082353	0	0	0.10196	0	0.015686	0.10196	0.20784	0.29412	0.29412	0.30196	0.20392	0.098039	0.058824	0	0	0.082353	0.12549	
0	0	0.011765	0.098039	0.086275	0.13725	0.066667	0.062745	0.062745	0.1451	0.16078	0.16078	0.18431	0.098039	0.098039	0.1098	0.0078431	0.094118	0.094118	0.0039216	
0	0	0	0	0.0078431	0.098039	0.12941	0.047059	0.031373	0.031373	0.031373	0.031373	0.015686	0	0.031373	0.098039	0.086275	0	0	0	
0	0	0	0	0	0	0	0.082353	0.098039	0.066667	0	0.039216	0.098039	0.098039	0.062745	0	0	0	0	0	
0	0	0	0	0	0	0	0	0	0.027451	0.11765	0.14902	0	0	0	0	0	0	0	0	
0	0	0	0	0	0	0	0	0	0	0	0	0	0	0	0	0	0	0	0	
0	0	0	0	0	0	0	0	0	0	0	0	0	0	0	0	0	0	0	0	
0	0	0	0	0	0	0	0	0	0	0	0	0	0	0	0	0	0	0	0	
0	0	0	0	0	0	0	0	0	0	0	0	0	0	0	0	0	0	0	0	
0	0	0	0	0	0	0	0	0	0	0	0	0	0	0	0	0	0	0	0	
0	0	0	0	0	0	0	0	0	0	0	0	0	0	0	0	0	0	0	0	
0	0	0	0	0	0	0	0	0	0	0	0	0	0	0	0	0	0	0	0	
0	0	0	0	0	0	0	0	0	0	0	0	0	0	0	0	0	0	0	0	
0	0	0	0	0	0	0	0	0	0	0	0	0	0	0	0	0	0	0	0	
0	0	0	0	0	0	0	0	0	0	0	0	0	0	0	0	0	0	0	0	
0	0	0	0	0	0	0	0	0	0	0	0	0	0	0	0	0	0	0	0	

1
1
20		20
2
427	240
318	157
500	241
1
416	238
64
427	240
425	241
424	241
420	240
413	238
405	234
394	230
383	225
372	219
360	214
349	208
339	203
331	199
325	196
321	195
319	194
318	194
319	194
321	193
325	193
330	191
338	189
346	186
356	183
366	180
378	176
389	172
400	169
409	165
416	163
422	160
426	158
428	158
429	157
431	157
434	159
438	162
443	166
448	170
455	174
462	179
469	184
476	188
482	192
488	195
493	197
496	198
499	199
500	200
500	201
499	202
497	203
493	205
488	208
480	212
471	216
462	221
452	225
443	229
434	232
426	234
421	236
418	237
416	238

	442	198
363	187
464	214
1
389	197
93
442	198
444	198
446	197
445	197
443	198
441	199
436	200
431	201
423	202
417	203
410	203
405	203
403	203
401	203
402	203
403	203
405	203
409	202
414	201
420	200
425	198
429	198
431	197
432	197
433	198
434	199
434	202
435	204
435	205
435	207
434	208
433	208
431	208
427	208
424	208
419	208
415	208
412	208
408	208
405	207
403	206
403	204
402	202
403	201
406	199
411	198
417	197
425	196
433	196
441	196
449	197
455	199
459	201
462	204
464	206
464	207
462	209
458	210
452	212
443	213
433	214
422	214
410	214
399	214
389	214
380	214
372	214
367	212
364	210
363	207
363	204
363	200
364	197
367	194
371	191
375	190
379	188
384	187
389	187
393	187
396	187
397	188
398	190
398	191
398	193
398	194
398	195
398	196
396	197
394	197
392	197
390	197
389	197





0
3
20	20
0	0	0	0	0	0	0	0	0.078431	0.082353	0.082353	0.043137	0	0	0	0	0	0	0	0	
0	0	0	0	0	0.035294	0.082353	0.082353	0.0039216	0	0	0.035294	0.082353	0.015686	0	0	0	0	0	0	
0	0	0	0.031373	0.082353	0.047059	0	0	0.0078431	0.031373	0.031373	0.011765	0	0.066667	0.082353	0.019608	0	0	0	0	
0	0.082353	0.16863	0.13333	0.082353	0.047059	0.086275	0.082353	0.07451	0.047059	0.047059	0.066667	0.090196	0	0	0.058824	0.082353	0.011765	0	0	
0.16863	0.13333	0.031373	0	0	0.1451	0.078431	0.16471	0.16863	0.086275	0	0	0.086275	0	0	0	0	0.066667	0.082353	0	
0.082353	0.023529	0.047059	0.082353	0.039216	0.054902	0.11373	0.082353	0.039216	0.094118	0.082353	0.12941	0.066667	0	0	0	0	0	0.023529	0.12157	
0	0.058824	0.082353	0.082353	0.12549	0.16078	0.090196	0.13333	0.20392	0.25098	0.25098	0.13725	0	0	0	0.031373	0.082353	0.082353	0.058824	0	
0	0	0	0	0	0.0039216	0.098039	0.090196	0.0039216	0	0	0	0.027451	0.082353	0.082353	0.05098	0	0	0	0	
0	0	0	0	0	0	0	0.023529	0.082353	0.015686	0.082353	0.082353	0.05098	0	0	0	0	0	0	0	
0	0	0	0	0	0	0	0	0	0.15294	0.047059	0	0	0	0	0	0	0	0	0	
0	0	0	0	0	0	0	0	0	0	0	0	0	0	0	0	0	0	0	0	
0	0	0	0	0	0	0	0	0	0	0	0	0	0	0	0	0	0	0	0	
0	0	0	0	0	0	0	0	0	0	0	0	0	0	0	0	0	0	0	0	
0	0	0	0	0	0	0	0	0	0	0	0	0	0	0	0	0	0	0	0	
0	0	0	0	0	0	0	0	0	0	0	0	0	0	0	0	0	0	0	0	
0	0	0	0	0	0	0	0	0	0	0	0	0	0	0	0	0	0	0	0	
0	0	0	0	0	0	0	0	0	0	0	0	0	0	0	0	0	0	0	0	
0	0	0	0	0	0	0	0	0	0	0	0	0	0	0	0	0	0	0	0	
0	0	0	0	0	0	0	0	0	0	0	0	0	0	0	0	0	0	0	0	
0	0	0	0	0	0	0	0	0	0	0	0	0	0	0	0	0	0	0	0	

1
1
20		20
2
445	260
334	151
550	262
1
431	257
77
445	260
445	261
445	262
444	262
443	262
440	261
436	258
431	255
426	250
419	245
412	240
405	235
396	229
387	223
378	218
368	212
358	208
349	204
341	202
336	200
334	200
335	200
335	199
337	198
342	196
349	193
358	189
368	184
379	178
390	172
401	167
412	163
421	159
427	156
432	154
435	153
437	152
438	152
440	152
441	152
443	151
444	151
446	152
447	152
448	153
451	155
456	158
462	162
470	167
480	173
492	179
504	185
515	191
525	197
534	202
541	206
546	209
549	211
550	212
549	214
545	216
538	219
529	222
518	226
506	230
493	234
480	238
469	243
459	246
451	250
445	252
439	254
436	255
434	255
432	256
431	256
431	257

	455	209
332	183
471	230
1
439	217
95
455	209
456	211
457	213
457	214
457	216
457	218
455	220
451	221
446	223
440	223
434	224
428	224
422	224
415	223
409	221
404	219
400	217
396	214
394	210
393	207
392	203
392	199
392	196
395	192
400	189
406	186
415	185
426	184
437	183
448	183
458	184
464	185
469	188
471	192
471	197
471	203
468	209
464	215
458	221
451	225
442	228
432	229
420	230
408	230
394	230
380	229
367	227
355	223
346	220
339	216
334	212
332	208
332	204
333	200
338	197
347	195
359	194
373	194
386	195
400	196
415	199
428	203
440	207
449	210
455	214
457	216
458	218
458	219
456	219
453	219
448	219
442	219
434	219
426	219
418	218
412	217
408	216
406	214
405	212
404	210
405	209
407	207
411	205
416	205
421	204
426	204
431	204
434	205
436	207
437	208
438	210
438	212
439	213
439	215
439	217





0
3
20	20
0	0	0	0	0	0	0	0	0.058824	0.086275	0.11765	0.031373	0	0	0	0	0	0	0	0	
0	0	0	0	0.047059	0.086275	0.086275	0.086275	0.023529	0	0	0.078431	0.015686	0	0	0	0	0	0	0	
0	0.043137	0.086275	0.086275	0.039216	0	0	0	0	0	0	0	0.070588	0.031373	0	0	0	0	0	0	
0.12549	0.054902	0	0	0	0.066667	0.094118	0.17647	0.17647	0.094118	0.086275	0.031373	0	0.054902	0.082353	0	0	0	0	0	
0	0.07451	0.086275	0.066667	0	0.094118	0.21961	0.086275	0.086275	0.19608	0.17647	0.054902	0.086275	0.066667	0.0039216	0.086275	0.07451	0	0	0	
0	0	0	0.019608	0.086275	0.078431	0.1451	0.21961	0.14902	0.25882	0.11373	0.086275	0.086275	0.1098	0.10588	0	0.011765	0.086275	0.094118	0.094118	
0	0	0	0	0	0.0078431	0.086275	0.10588	0.086275	0.066667	0	0	0	0	0.0039216	0.082353	0.086275	0.086275	0.082353	0.011765	
0	0	0	0	0	0	0	0.015686	0.10196	0.0039216	0	0.07451	0.086275	0.086275	0.082353	0.0039216	0	0	0	0	
0	0	0	0	0	0	0	0	0	0.015686	0.10588	0.011765	0	0	0	0	0	0	0	0	
0	0	0	0	0	0	0	0	0.023529	0.090196	0	0	0	0	0	0	0	0	0	0	
0	0	0	0	0	0	0	0	0	0	0	0	0	0	0	0	0	0	0	0	
0	0	0	0	0	0	0	0	0	0	0	0	0	0	0	0	0	0	0	0	
0	0	0	0	0	0	0	0	0	0	0	0	0	0	0	0	0	0	0	0	
0	0	0	0	0	0	0	0	0	0	0	0	0	0	0	0	0	0	0	0	
0	0	0	0	0	0	0	0	0	0	0	0	0	0	0	0	0	0	0	0	
0	0	0	0	0	0	0	0	0	0	0	0	0	0	0	0	0	0	0	0	
0	0	0	0	0	0	0	0	0	0	0	0	0	0	0	0	0	0	0	0	
0	0	0	0	0	0	0	0	0	0	0	0	0	0	0	0	0	0	0	0	
0	0	0	0	0	0	0	0	0	0	0	0	0	0	0	0	0	0	0	0	
0	0	0	0	0	0	0	0	0	0	0	0	0	0	0	0	0	0	0	0	

1
1
20		20
2
454	268
366	187
563	291
1
453	290
81
454	268
454	269
454	270
453	270
452	269
451	268
449	266
446	265
443	262
437	259
431	255
424	251
415	246
406	242
397	237
387	233
378	230
371	226
367	223
366	222
366	221
367	221
368	220
371	219
375	218
381	216
389	213
399	209
408	206
419	203
430	199
441	197
450	194
458	191
464	190
468	189
471	188
472	188
472	187
473	187
473	188
474	190
477	194
481	199
487	206
494	213
504	221
515	228
526	235
536	240
545	244
553	247
558	248
562	249
563	249
562	249
560	250
555	251
549	252
540	255
531	258
521	260
511	263
502	265
493	268
485	270
478	272
473	274
470	275
467	277
466	279
465	281
463	283
461	285
460	287
458	288
457	290
456	290
454	291
453	291
453	290

	463	231
418	218
510	252
1
473	240
89
463	231
464	231
465	232
465	234
465	235
465	237
465	238
465	240
464	241
462	242
459	243
456	243
452	243
447	243
443	243
437	243
431	241
426	239
422	237
419	234
418	230
418	227
420	224
424	222
428	220
433	219
438	218
442	218
447	219
450	222
454	226
456	230
459	236
460	240
461	244
461	248
461	250
460	252
458	252
456	252
453	252
449	252
445	252
441	251
437	248
433	245
431	242
430	238
429	235
430	232
432	229
435	227
440	225
445	224
452	224
461	225
472	227
482	229
492	233
500	237
505	241
509	244
510	247
510	248
508	248
503	248
496	248
486	247
474	246
461	245
448	244
437	242
431	240
427	239
426	236
427	234
430	233
436	231
442	230
449	230
456	230
461	230
466	231
469	232
472	234
473	236
473	238
473	239
473	240





0
3
20	20
0	0	0	0	0	0	0.066667	0.058824	0	0	0	0	0	0	0	0	0	0	0	0	
0	0	0	0.019608	0.086275	0.086275	0.019608	0	0	0	0.027451	0	0	0	0	0	0	0	0	0	
0	0.023529	0.086275	0.066667	0.039216	0.086275	0.086275	0.086275	0.086275	0.086275	0.054902	0.047059	0	0	0	0	0	0	0	0	
0.062745	0.062745	0	0	0.16863	0.086275	0.086275	0.019608	0	0	0.10588	0.039216	0.086275	0.023529	0	0	0	0	0	0	
0.066667	0.054902	0	0.07451	0.082353	0.16863	0.17647	0.24706	0.21961	0.21961	0.20784	0.18039	0.12941	0.22745	0.15294	0.015686	0	0	0	0	
0	0.031373	0.078431	0	0.15686	0.086275	0.086275	0.17647	0.21176	0.21176	0.16471	0.043137	0.043137	0.0078431	0	0.066667	0.086275	0.086275	0.070588	0	
0	0	0.0078431	0.086275	0.047059	0.086275	0.086275	0.12157	0.07451	0.015686	0.090196	0	0	0	0.054902	0.086275	0.086275	0.086275	0.10196	0.07451	
0	0	0	0	0.066667	0.039216	0	0	0	0.07451	0.047059	0.086275	0.086275	0.086275	0.027451	0	0	0	0	0	
0	0	0	0	0	0.043137	0.054902	0.027451	0.086275	0.086275	0.066667	0	0	0	0	0	0	0	0	0	
0	0	0	0	0	0	0.066667	0.086275	0	0	0	0	0	0	0	0	0	0	0	0	
0	0	0	0	0	0	0	0	0	0	0	0	0	0	0	0	0	0	0	0	
0	0	0	0	0	0	0	0	0	0	0	0	0	0	0	0	0	0	0	0	
0	0	0	0	0	0	0	0	0	0	0	0	0	0	0	0	0	0	0	0	
0	0	0	0	0	0	0	0	0	0	0	0	0	0	0	0	0	0	0	0	
0	0	0	0	0	0	0	0	0	0	0	0	0	0	0	0	0	0	0	0	
0	0	0	0	0	0	0	0	0	0	0	0	0	0	0	0	0	0	0	0	
0	0	0	0	0	0	0	0	0	0	0	0	0	0	0	0	0	0	0	0	
0	0	0	0	0	0	0	0	0	0	0	0	0	0	0	0	0	0	0	0	
0	0	0	0	0	0	0	0	0	0	0	0	0	0	0	0	0	0	0	0	
0	0	0	0	0	0	0	0	0	0	0	0	0	0	0	0	0	0	0	0	

1
1
20		20
2
440	169
333	153
539	259
1
411	153
76
440	169
440	170
440	171
441	172
443	174
445	177
449	181
454	185
461	189
468	193
476	198
484	203
493	207
502	210
511	213
520	215
528	217
534	219
537	219
539	219
538	219
532	220
527	221
520	221
511	223
499	225
486	228
472	232
458	236
445	240
433	244
423	247
417	249
412	251
410	252
409	253
408	255
408	256
407	257
406	259
405	259
404	259
404	258
403	258
403	257
402	256
401	255
400	253
399	251
396	248
393	244
388	240
382	235
375	229
367	223
360	217
353	211
347	206
342	202
338	199
335	197
334	196
333	196
333	195
333	194
335	192
339	189
345	185
353	181
361	176
371	172
381	168
390	164
399	160
406	156
411	153

	415	195
370	180
482	233
1
436	216
123
415	195
416	196
418	197
421	197
425	197
430	197
438	197
447	197
457	198
466	199
474	200
479	202
482	203
482	204
480	204
476	205
470	206
461	206
450	206
437	206
425	206
413	206
402	204
393	202
385	199
380	196
377	193
376	190
376	187
376	185
379	183
384	181
392	181
401	180
411	180
421	180
429	181
437	184
442	187
445	191
447	195
447	199
447	202
443	205
438	208
430	210
420	211
410	212
400	212
391	212
384	211
378	209
374	206
371	203
370	200
370	197
372	195
376	192
380	191
385	190
390	189
396	190
401	192
407	195
410	199
413	203
414	208
414	212
414	216
414	220
413	222
411	225
407	226
403	227
398	227
394	227
389	226
386	224
383	221
381	218
379	214
379	211
379	208
380	205
384	203
390	201
398	200
407	200
417	200
426	201
434	203
440	206
444	210
446	214
446	217
444	221
442	225
439	229
436	232
434	233
432	233
430	232
429	231
427	228
425	226
423	223
421	221
420	219
420	217
420	216
420	214
420	213
422	212
425	211
427	211
429	210
430	210
431	210
432	210
433	211
434	213
435	215
436	216





0
3
20	20
0	0	0	0	0	0	0.086275	0.11765	0.054902	0	0	0	0	0	0	0	0	0	0	0	
0	0	0	0	0	0.11373	0.027451	0	0.058824	0.11765	0.11765	0.039216	0	0	0	0	0	0	0	0	
0	0	0	0.043137	0.11765	0.015686	0	0.058824	0.11765	0.11765	0.11765	0.13333	0.12549	0.11765	0.11765	0.023529	0	0	0	0	
0	0.015686	0.11765	0.07451	0.086275	0.17255	0.23529	0.17647	0.070588	0	0	0.058824	0.1098	0.062745	0	0.090196	0.11765	0.090196	0	0	
0.07451	0.098039	0	0.094118	0.11373	0.066667	0.11765	0.11765	0.16471	0.19608	0.11765	0.11765	0.043137	0.11765	0	0	0	0.023529	0.11765	0.047059	
0.058824	0.10588	0	0.11765	0.18039	0.082353	0	0	0	0.066667	0.047059	0	0.19608	0.16471	0	0	0	0	0	0.11765	
0	0.011765	0.11373	0.1098	0.17255	0.12941	0.0039216	0	0	0	0.11765	0	0.10196	0.17647	0	0	0	0	0.047059	0.066667	
0	0	0	0.094118	0.14118	0.21176	0.27843	0.23529	0.23529	0.23529	0.23529	0.23529	0.078431	0	0	0	0	0.035294	0.082353	0	
0	0	0	0	0.058824	0.11373	0.082353	0.11765	0.11765	0.11765	0.11765	0.11765	0.023529	0	0	0	0.047059	0.082353	0	0	
0	0	0	0	0	0	0.098039	0.11765	0.015686	0	0	0	0	0	0	0.10588	0.066667	0	0	0	
0	0	0	0	0	0	0	0	0.10196	0.11765	0.10196	0.0039216	0	0.035294	0.11765	0.011765	0	0	0	0	
0	0	0	0	0	0	0	0	0	0	0.011765	0.11373	0.11765	0.078431	0	0	0	0	0	0	
0	0	0	0	0	0	0	0	0	0	0	0	0	0	0	0	0	0	0	0	
0	0	0	0	0	0	0	0	0	0	0	0	0	0	0	0	0	0	0	0	
0	0	0	0	0	0	0	0	0	0	0	0	0	0	0	0	0	0	0	0	
0	0	0	0	0	0	0	0	0	0	0	0	0	0	0	0	0	0	0	0	
0	0	0	0	0	0	0	0	0	0	0	0	0	0	0	0	0	0	0	0	
0	0	0	0	0	0	0	0	0	0	0	0	0	0	0	0	0	0	0	0	
0	0	0	0	0	0	0	0	0	0	0	0	0	0	0	0	0	0	0	0	
0	0	0	0	0	0	0	0	0	0	0	0	0	0	0	0	0	0	0	0	

1
1
20		20
2
436	247
332	153
493	247
1
436	247
65
436	247
435	246
433	246
430	245
425	244
419	242
411	240
402	236
394	233
385	228
377	224
369	219
362	214
355	208
348	203
342	198
337	195
333	192
332	191
333	190
337	188
343	184
351	180
359	175
367	171
373	166
378	162
381	158
384	155
385	154
386	153
388	153
391	155
396	157
405	160
414	164
425	167
436	169
446	172
454	174
461	177
467	178
471	180
475	181
477	183
480	185
483	187
485	189
488	190
490	191
492	192
493	193
493	194
493	196
492	199
490	203
486	208
480	214
474	220
467	226
460	231
453	236
446	241
440	244
436	247

	417	211
359	174
442	220
1
432	193
106
417	211
419	211
422	212
424	213
427	215
428	215
429	216
430	217
430	218
429	219
427	220
424	220
421	220
415	220
408	220
400	220
392	220
385	218
379	216
375	213
372	209
369	206
368	202
369	199
371	195
376	192
383	190
391	189
400	189
409	189
419	189
427	190
433	192
437	195
439	198
439	201
439	204
437	207
433	210
429	212
423	213
415	214
407	214
397	214
387	214
378	213
370	211
365	209
361	205
359	201
359	197
359	193
360	188
363	184
368	182
375	180
382	180
389	180
396	181
402	184
407	188
411	192
413	197
415	202
415	206
415	208
415	210
413	211
410	211
406	211
400	211
393	211
386	210
380	209
375	206
371	203
369	200
368	196
368	191
370	186
375	182
382	178
392	175
403	174
414	174
424	175
432	176
438	179
441	183
442	187
442	191
442	196
442	199
442	202
442	203
442	204
441	204
440	204
439	204
438	203
437	202
436	201
434	200
433	197
433	195
432	193





0
3
20	20
0	0	0	0	0	0	0	0	0	0.094118	0.086275	0	0	0	0	0	0	0	0	0	
0	0	0	0	0	0	0	0	0.098039	0.019608	0.0078431	0.098039	0.031373	0	0	0	0	0	0	0	
0	0	0	0	0	0	0.015686	0.094118	0	0	0	0	0.062745	0.094118	0.0039216	0	0	0	0	0	
0	0	0	0	0	0.070588	0.11765	0.098039	0.098039	0.098039	0.12941	0	0	0	0.090196	0.082353	0	0	0	0	
0	0	0	0.027451	0.098039	0.066667	0.058824	0.043137	0.15294	0.19608	0.29412	0.098039	0.10588	0.011765	0	0.011765	0.098039	0.047059	0	0	
0	0.0039216	0.094118	0.066667	0	0.13333	0.098039	0.11373	0.18824	0.098039	0.24314	0.13333	0.12157	0.078431	0	0	0	0.047059	0.098039	0.015686	
0.10588	0.19216	0.027451	0	0	0.19216	0.015686	0.082353	0.10196	0.023529	0.098039	0.14902	0.16078	0.019608	0	0	0	0	0.062745	0.11765	
0	0	0.070588	0.098039	0.062745	0.16471	0.098039	0.18824	0.27843	0.16863	0.11765	0.18431	0.098039	0	0	0	0.082353	0.098039	0.031373	0	
0	0	0	0	0.035294	0.12549	0.098039	0.098039	0.18824	0.098039	0.10196	0.019608	0	0	0.070588	0.098039	0.011765	0	0	0	
0	0	0	0	0	0	0.094118	0.0039216	0.098039	0	0	0	0.043137	0.098039	0.027451	0	0	0	0	0	
0	0	0	0	0	0	0	0.098039	0.015686	0.082353	0.035294	0.098039	0.054902	0	0	0	0	0	0	0	
0	0	0	0	0	0	0	0.011765	0.086275	0.086275	0.058824	0	0	0	0	0	0	0	0	0	
0	0	0	0	0	0	0	0	0.070588	0	0	0	0	0	0	0	0	0	0	0	
0	0	0	0	0	0	0	0	0	0	0	0	0	0	0	0	0	0	0	0	
0	0	0	0	0	0	0	0	0	0	0	0	0	0	0	0	0	0	0	0	
0	0	0	0	0	0	0	0	0	0	0	0	0	0	0	0	0	0	0	0	
0	0	0	0	0	0	0	0	0	0	0	0	0	0	0	0	0	0	0	0	
0	0	0	0	0	0	0	0	0	0	0	0	0	0	0	0	0	0	0	0	
0	0	0	0	0	0	0	0	0	0	0	0	0	0	0	0	0	0	0	0	
0	0	0	0	0	0	0	0	0	0	0	0	0	0	0	0	0	0	0	0	

1
1
20		20
1
463	270
380	146
568	271
1
485	219
197
463	270
463	271
463	270
463	269
461	266
460	263
457	260
455	256
452	251
448	247
443	242
438	237
433	232
427	227
420	223
413	219
405	216
399	214
393	212
388	211
385	211
382	211
381	211
380	211
381	211
382	211
384	210
388	208
394	205
402	200
412	194
422	187
432	181
442	174
450	167
457	161
462	157
465	154
467	151
469	149
470	148
471	146
472	146
473	146
475	146
477	148
482	152
489	158
498	164
508	170
518	176
529	182
539	188
548	194
556	199
562	203
566	205
568	206
568	207
567	208
563	210
557	213
549	217
538	222
528	227
518	233
509	238
501	243
495	247
489	250
485	252
482	253
481	254
479	255
477	257
475	258
473	259
471	259
470	259
469	257
468	254
466	250
464	244
462	238
461	232
460	226
460	220
460	214
460	207
460	201
460	195
461	191
463	188
466	185
470	184
473	184
476	184
479	186
481	189
482	194
484	199
484	205
484	211
484	217
484	222
484	226
481	229
477	231
472	233
465	233
458	233
450	233
444	231
438	229
433	225
429	222
427	218
426	213
427	208
432	203
439	198
449	194
460	191
472	189
483	188
493	188
500	189
503	191
505	195
505	198
503	203
499	207
493	211
486	214
478	217
469	219
460	220
451	220
444	220
438	220
434	218
431	215
428	210
428	205
429	199
432	193
437	187
443	181
451	177
459	175
467	174
474	174
478	174
481	177
482	181
482	185
482	192
480	198
478	204
475	210
472	213
469	216
466	217
462	217
457	217
453	217
450	217
448	216
446	214
445	212
445	209
446	206
449	203
453	200
458	197
465	196
472	195
479	194
487	195
494	197
499	199
502	202
503	205
503	207
503	210
503	212
502	215
501	216
500	217
497	218
495	218
493	219
491	219
489	220
488	220
486	220
485	219





0
3
20	20
0	0	0	0	0	0	0	0	0.14118	0	0	0	0	0	0	0	0	0	0	0	
0	0	0	0	0	0	0	0.039216	0.090196	0.054902	0	0	0	0	0	0	0	0	0	0	
0	0	0	0	0	0	0	0.094118	0	0.082353	0.0078431	0	0	0	0	0	0	0	0	0	
0	0	0	0	0	0	0	0.094118	0	0	0.094118	0	0	0	0	0	0	0	0	0	
0	0	0	0	0	0	0	0.094118	0	0	0.019608	0.070588	0	0	0	0	0	0	0	0	
0	0	0	0	0	0	0.023529	0.070588	0	0	0	0.047059	0.047059	0	0	0	0	0	0	0	
0	0	0	0	0	0	0.094118	0	0	0	0.082353	0.098039	0.16471	0.0039216	0	0	0	0	0	0	
0	0	0	0	0	0	0.094118	0	0.098039	0.16078	0.098039	0	0.019608	0.11765	0	0	0	0	0	0	
0	0	0	0	0	0.066667	0.054902	0.18039	0.10196	0.15686	0.094118	0	0	0.17255	0.015686	0	0	0	0	0	
0	0	0	0	0	0.18431	0.070588	0.094118	0	0.12157	0.13333	0.05098	0	0.094118	0.094118	0	0	0	0	0	
0	0	0	0	0.17647	0.0078431	0	0.094118	0	0.094118	0.094118	0.094118	0	0.094118	0.043137	0.047059	0	0	0	0	
0	0	0	0.090196	0.098039	0	0	0.094118	0	0.094118	0.1098	0.094118	0	0.094118	0	0.094118	0	0	0	0	
0	0.0039216	0.098039	0.0078431	0.090196	0	0	0.094118	0	0.094118	0.25098	0.094118	0.0078431	0.082353	0	0.094118	0	0	0	0	
0.14118	0.12157	0	0	0.011765	0.082353	0	0.070588	0.019608	0.086275	0.20784	0.058824	0.090196	0.0039216	0	0.094118	0	0	0	0	
0	0.070588	0.086275	0	0	0.023529	0.098039	0.070588	0.094118	0.0078431	0.28627	0.0039216	0.10588	0	0.082353	0.011765	0	0	0	0	
0	0	0.011765	0.098039	0.027451	0	0	0.023529	0.12549	0.18039	0.07451	0	0.039216	0.027451	0.062745	0	0	0	0	0	
0	0	0	0	0.070588	0.070588	0	0	0	0	0	0	0	0.094118	0	0	0	0	0	0	
0	0	0	0	0	0.027451	0.098039	0.019608	0	0	0	0	0.070588	0.019608	0	0	0	0	0	0	
0	0	0	0	0	0	0	0.078431	0.098039	0	0	0	0.094118	0	0	0	0	0	0	0	
0	0	0	0	0	0	0	0	0	0.098039	0.031373	0.031373	0.019608	0	0	0	0	0	0	0	

1
1
20		20
2
486	274
381	82
543	274
1
502	268
90
486	274
485	274
484	274
482	273
478	271
473	268
466	264
458	260
449	255
440	249
430	243
421	237
413	232
405	226
397	222
391	218
385	216
382	215
381	214
381	215
381	216
382	216
383	217
384	217
385	217
386	217
390	215
394	211
401	206
408	200
416	192
424	184
432	176
439	166
444	155
449	144
453	133
455	122
458	112
460	103
462	95
464	89
465	85
465	82
466	82
467	82
469	86
472	91
477	99
483	107
490	115
497	125
505	134
512	145
518	155
524	164
530	173
534	180
538	185
540	189
541	191
542	194
542	197
543	199
543	201
543	203
543	204
543	206
543	207
543	208
543	210
541	213
538	217
534	222
531	228
526	234
523	240
519	245
515	250
512	254
510	259
508	262
506	265
506	267
505	268
505	269
504	269
503	269
503	268
502	268

	487	205
426	140
520	232
1
504	226
106
487	205
487	202
487	200
487	198
487	197
487	198
488	198
489	200
491	203
492	207
493	211
493	216
493	221
493	224
492	227
490	229
485	230
479	230
471	230
462	229
453	226
444	222
437	217
432	212
429	206
427	199
426	192
427	186
430	180
435	174
442	170
450	168
458	166
467	166
475	167
482	169
487	172
490	177
492	183
492	190
492	198
492	207
490	214
488	220
485	225
482	229
479	231
477	232
474	231
471	229
467	224
463	217
459	210
456	201
455	192
454	183
455	174
458	165
462	158
468	153
473	150
478	149
482	150
486	153
490	159
493	167
495	176
497	186
497	196
497	205
495	213
492	218
490	221
489	223
487	223
485	220
482	215
479	208
476	200
475	192
474	183
474	175
476	166
479	157
484	150
489	144
494	141
500	140
506	140
510	142
515	148
518	156
519	165
520	175
520	186
518	197
515	208
512	217
510	224
508	228
508	229
507	230
506	229
505	228
505	227
504	226





0
3
20	20
0	0	0	0	0	0	0	0.015686	0.062745	0.062745	0.062745	0.062745	0.062745	0.035294	0	0	0	0	0	0	
0	0	0	0	0.05098	0.062745	0.062745	0.098039	0.13725	0.15294	0.1451	0.19216	0.011765	0.027451	0.062745	0.062745	0.031373	0	0	0	
0	0.031373	0.062745	0.062745	0.035294	0.10588	0.12549	0.086275	0.32549	0.29804	0.33725	0.14902	0.16863	0.1451	0.12941	0.027451	0.054902	0.12549	0.12549	0.098039	
0.098039	0.094118	0.062745	0.094118	0.28235	0.31765	0.25882	0.30588	0.2902	0.32549	0.33725	0.23137	0.20784	0.14902	0.078431	0.062745	0.035294	0	0	0	
0	0	0	0	0.035294	0.062745	0.062745	0.062745	0.11765	0.098039	0.062745	0.058824	0	0	0	0	0	0	0	0	
0	0	0	0	0	0	0	0	0	0	0	0	0	0	0	0	0	0	0	0	
0	0	0	0	0	0	0	0	0	0	0	0	0	0	0	0	0	0	0	0	
0	0	0	0	0	0	0	0	0	0	0	0	0	0	0	0	0	0	0	0	
0	0	0	0	0	0	0	0	0	0	0	0	0	0	0	0	0	0	0	0	
0	0	0	0	0	0	0	0	0	0	0	0	0	0	0	0	0	0	0	0	
0	0	0	0	0	0	0	0	0	0	0	0	0	0	0	0	0	0	0	0	
0	0	0	0	0	0	0	0	0	0	0	0	0	0	0	0	0	0	0	0	
0	0	0	0	0	0	0	0	0	0	0	0	0	0	0	0	0	0	0	0	
0	0	0	0	0	0	0	0	0	0	0	0	0	0	0	0	0	0	0	0	
0	0	0	0	0	0	0	0	0	0	0	0	0	0	0	0	0	0	0	0	
0	0	0	0	0	0	0	0	0	0	0	0	0	0	0	0	0	0	0	0	
0	0	0	0	0	0	0	0	0	0	0	0	0	0	0	0	0	0	0	0	
0	0	0	0	0	0	0	0	0	0	0	0	0	0	0	0	0	0	0	0	
0	0	0	0	0	0	0	0	0	0	0	0	0	0	0	0	0	0	0	0	
0	0	0	0	0	0	0	0	0	0	0	0	0	0	0	0	0	0	0	0	

1
1
20		20
2
482	280
356	213
618	285
1
461	285
85
482	280
482	281
481	282
477	282
471	282
463	281
453	279
443	278
431	276
420	274
410	273
400	271
392	270
384	269
377	269
371	269
366	269
362	269
359	269
357	269
356	269
356	268
357	267
358	266
362	264
367	260
375	256
383	252
394	247
405	243
418	238
432	234
446	229
459	225
471	221
481	218
488	215
494	213
498	213
501	213
503	213
505	214
509	216
514	218
521	220
529	223
538	227
548	231
557	235
568	239
579	243
589	246
599	248
607	249
613	249
617	249
618	249
618	250
616	250
612	251
605	252
596	253
585	255
573	258
560	261
547	265
534	268
523	271
514	273
508	275
504	275
503	276
502	276
501	276
500	276
499	277
495	277
490	278
484	280
477	281
472	283
467	284
464	285
462	285
461	285

	543	245
403	232
557	268
1
482	267
212
543	245
543	246
542	248
541	249
540	250
538	251
535	252
530	253
523	254
514	256
503	257
492	258
481	259
471	259
462	260
457	260
454	261
453	261
453	260
453	259
455	259
458	258
464	256
473	255
485	254
497	253
511	253
524	253
537	253
547	253
554	253
557	253
557	254
553	255
546	257
536	258
522	260
507	260
490	261
472	261
455	261
439	261
426	261
419	261
415	261
414	261
416	260
418	259
424	259
432	258
443	258
456	258
471	257
487	257
502	256
515	256
525	256
530	256
532	256
531	256
526	258
518	259
506	261
491	261
475	261
457	261
440	261
425	262
414	262
407	262
404	262
406	262
410	261
416	260
426	260
440	259
458	259
476	259
495	259
513	259
526	258
535	258
540	258
539	258
535	258
527	258
517	259
503	260
486	261
469	262
451	263
434	263
420	264
410	264
405	264
403	264
404	264
408	264
414	264
423	263
433	262
445	261
459	258
472	256
484	254
492	252
497	251
498	250
495	250
490	249
481	249
469	249
457	249
443	249
432	249
423	249
417	249
415	249
416	249
418	249
423	249
430	247
438	245
448	242
458	240
466	237
473	236
477	234
480	233
480	232
479	232
478	232
475	232
472	232
468	232
464	232
461	232
460	232
459	232
460	232
461	232
462	232
464	232
468	232
473	232
480	232
488	232
497	232
504	232
510	232
513	232
514	233
514	234
513	234
510	234
505	235
499	235
491	237
483	239
475	241
469	242
465	243
463	244
462	244
463	244
464	244
466	244
470	244
476	244
483	243
492	242
501	241
508	241
513	240
515	240
512	240
508	240
501	242
494	243
484	246
475	249
467	252
462	255
460	257
459	258
461	258
463	258
467	258
473	258
480	258
488	258
496	258
503	258
509	258
512	258
513	258
513	259
511	259
507	260
501	262
494	263
486	265
480	267
475	268
473	268
472	268
473	268
475	268
476	268
478	268
480	268
482	267





0
3
20	20
0	0	0	0	0	0	0	0	0.054902	0.066667	0.066667	0.054902	0	0	0	0	0	0	0	0	
0	0	0	0	0	0	0.066667	0.066667	0.011765	0	0	0.0078431	0.066667	0.023529	0	0	0	0	0	0	
0	0	0	0	0.05098	0.066667	0.035294	0.066667	0.066667	0.066667	0.066667	0.066667	0.066667	0.1098	0.070588	0.039216	0	0	0	0	
0	0	0.035294	0.066667	0.015686	0.10588	0.098039	0.066667	0.066667	0.066667	0.066667	0.066667	0.066667	0.1098	0.070588	0.023529	0.066667	0.066667	0.062745	0	
0.07451	0.066667	0.031373	0	0.039216	0.1098	0.066667	0.043137	0.086275	0.066667	0.066667	0.12941	0.19608	0.16078	0.12549	0	0	0.054902	0.070588	0.10196	
0.023529	0.066667	0.035294	0	0.05098	0.047059	0	0.10196	0.10196	0.13333	0.13333	0.090196	0.07451	0.066667	0.043137	0.058824	0.066667	0.0078431	0	0	
0	0	0.027451	0.066667	0.054902	0.015686	0.078431	0.14902	0.13333	0.13333	0.13333	0.13725	0.023529	0.066667	0.066667	0.0039216	0	0	0	0	
0	0	0	0	0.0078431	0.066667	0.066667	0.035294	0	0.0078431	0.066667	0.066667	0.043137	0	0	0	0	0	0	0	
0	0	0	0	0	0	0	0.031373	0.090196	0.12549	0.066667	0.039216	0	0	0	0	0	0	0	0	
0	0	0	0	0	0	0	0	0	0	0	0	0	0	0	0	0	0	0	0	
0	0	0	0	0	0	0	0	0	0	0	0	0	0	0	0	0	0	0	0	
0	0	0	0	0	0	0	0	0	0	0	0	0	0	0	0	0	0	0	0	
0	0	0	0	0	0	0	0	0	0	0	0	0	0	0	0	0	0	0	0	
0	0	0	0	0	0	0	0	0	0	0	0	0	0	0	0	0	0	0	0	
0	0	0	0	0	0	0	0	0	0	0	0	0	0	0	0	0	0	0	0	
0	0	0	0	0	0	0	0	0	0	0	0	0	0	0	0	0	0	0	0	
0	0	0	0	0	0	0	0	0	0	0	0	0	0	0	0	0	0	0	0	
0	0	0	0	0	0	0	0	0	0	0	0	0	0	0	0	0	0	0	0	
0	0	0	0	0	0	0	0	0	0	0	0	0	0	0	0	0	0	0	0	
0	0	0	0	0	0	0	0	0	0	0	0	0	0	0	0	0	0	0	0	

1
1
20		20
2
391	555
237	431
503	556
1
353	550
94
391	555
390	555
389	556
387	556
385	556
381	556
377	556
372	556
366	555
360	553
353	551
345	549
336	545
326	542
316	537
305	533
294	528
284	523
275	519
267	515
259	511
253	507
247	504
243	502
240	500
238	500
238	499
237	499
238	499
239	499
241	499
244	498
249	496
256	493
264	488
274	483
285	476
296	469
308	462
319	455
332	448
344	443
354	438
362	435
367	433
371	432
373	431
375	431
376	431
378	431
379	431
381	432
382	432
383	433
384	434
385	434
386	435
388	436
391	439
396	443
404	449
414	456
426	463
439	469
453	474
466	479
477	483
487	485
494	487
499	487
502	487
503	487
503	488
502	488
501	489
498	490
495	491
489	493
481	496
470	500
458	506
445	513
432	520
418	526
405	531
393	536
382	540
373	543
366	546
360	547
356	548
354	549
353	549
353	550

	393	509
298	467
436	526
1
345	497
103
393	509
395	510
396	513
397	515
397	518
394	520
390	522
383	524
376	525
367	526
358	526
349	526
341	526
335	526
332	525
330	522
329	518
330	514
332	509
336	504
342	499
350	495
359	492
371	490
384	488
397	487
410	487
421	487
429	489
434	491
436	493
436	497
434	501
428	505
419	510
407	514
393	517
377	518
359	518
343	518
328	518
315	517
306	514
300	510
298	505
298	500
300	495
305	489
314	485
325	481
340	478
357	476
375	475
392	475
406	475
417	476
424	478
428	481
429	485
429	489
425	492
419	496
410	499
399	501
386	502
372	502
359	502
345	502
332	501
321	499
312	496
307	492
303	489
303	486
303	482
306	479
312	475
321	472
334	469
350	468
367	467
385	467
401	467
413	467
421	469
425	471
425	475
425	479
421	484
414	489
405	495
393	499
383	503
374	505
366	506
359	506
355	505
351	504
348	502
347	500
346	499
345	498
345	497





0
3
20	20
0	0	0	0	0	0	0	0	0	0	0	0	0.090196	0.094118	0.027451	0	0	0	0	0	
0	0	0	0	0	0	0	0	0	0	0.058824	0.090196	0.0039216	0	0.062745	0.082353	0	0	0	0	
0	0	0	0	0	0	0	0	0.019608	0.094118	0.035294	0	0	0	0	0.011765	0.094118	0.062745	0	0	
0	0	0	0	0	0	0	0.070588	0.070588	0	0.039216	0.094118	0.094118	0.027451	0	0	0	0.027451	0.094118	0.098039	
0	0	0	0	0	0.031373	0.094118	0.031373	0.094118	0.094118	0.054902	0.05098	0.090196	0.18431	0.086275	0	0	0	0.011765	0.078431	
0	0	0	0.011765	0.094118	0.062745	0.062745	0.13725	0.094118	0.094118	0.094118	0.043137	0.082353	0.015686	0.094118	0	0	0.011765	0.082353	0	
0	0	0.090196	0.082353	0	0.066667	0.10588	0.043137	0	0	0.031373	0.094118	0.039216	0.090196	0.066667	0	0.0078431	0.086275	0	0	
0.039216	0.090196	0.0039216	0	0	0.15686	0.086275	0.062745	0.12941	0.19216	0.15686	0.094118	0.17255	0.0039216	0	0	0.094118	0	0	0	
0.094118	0.043137	0	0	0	0.078431	0.17647	0.098039	0.058824	0	0	0	0.094118	0	0	0.094118	0	0	0	0	
0	0.05098	0.094118	0.082353	0	0	0.10196	0	0	0	0	0.062745	0.039216	0	0.086275	0.0039216	0	0	0	0	
0	0	0	0.011765	0.094118	0.094118	0.098039	0.098039	0.094118	0.094118	0.094118	0.047059	0	0.090196	0.0039216	0	0	0	0	0	
0	0	0	0	0	0	0.0039216	0.090196	0.094118	0.094118	0.066667	0.027451	0.090196	0.0039216	0	0	0	0	0	0	
0	0	0	0	0	0	0	0	0	0	0.05098	0.12157	0	0	0	0	0	0	0	0	
0	0	0	0	0	0	0	0	0	0	0	0	0	0	0	0	0	0	0	0	
0	0	0	0	0	0	0	0	0	0	0	0	0	0	0	0	0	0	0	0	
0	0	0	0	0	0	0	0	0	0	0	0	0	0	0	0	0	0	0	0	
0	0	0	0	0	0	0	0	0	0	0	0	0	0	0	0	0	0	0	0	
0	0	0	0	0	0	0	0	0	0	0	0	0	0	0	0	0	0	0	0	
0	0	0	0	0	0	0	0	0	0	0	0	0	0	0	0	0	0	0	0	
0	0	0	0	0	0	0	0	0	0	0	0	0	0	0	0	0	0	0	0	

1
1
20		20
2
350	550
237	429
435	557
1
344	557
74
350	550
350	551
350	552
348	552
345	551
342	550
338	549
331	548
323	545
312	542
301	539
289	535
277	531
266	527
257	523
250	520
245	517
242	515
240	513
238	511
238	510
237	509
238	509
239	509
241	507
245	505
251	500
261	495
272	489
285	482
299	473
312	465
325	456
338	448
348	442
357	436
363	432
366	430
368	429
370	429
371	430
373	432
376	434
380	436
385	439
390	443
397	447
404	451
410	455
417	458
423	460
428	461
432	462
434	462
435	463
435	464
435	465
434	467
432	470
429	475
424	480
418	487
411	494
404	502
397	510
389	518
382	525
374	533
367	540
360	546
353	551
349	555
346	557
344	557

	357	499
290	464
387	536
1
301	505
80
357	499
358	500
358	502
359	503
359	506
359	510
359	514
358	519
357	523
354	528
350	531
345	534
339	536
332	536
325	536
319	536
313	534
307	532
302	528
299	524
296	519
294	513
294	507
295	502
299	496
304	491
313	487
323	484
336	481
350	478
363	477
374	476
382	476
386	477
387	480
386	484
383	489
376	494
368	498
358	502
346	505
334	508
322	509
311	509
303	509
297	509
293	507
291	505
290	501
291	497
294	492
299	487
307	482
316	477
327	473
337	469
347	466
355	465
362	464
366	465
369	466
369	470
369	474
368	478
364	483
359	489
351	494
342	499
331	503
322	506
313	508
306	510
302	511
300	512
299	512
299	511
299	510
299	508
300	507
301	505





0
3
20	20
0	0	0	0	0	0	0	0	0	0	0	0.054902	0.11373	0.015686	0	0	0	0	0	0	
0	0	0	0	0	0	0	0	0	0.039216	0.090196	0.031373	0	0.086275	0	0	0	0	0	0	
0	0	0	0	0	0	0	0.031373	0.13725	0.13725	0.090196	0.078431	0	0.0078431	0.078431	0	0	0	0	0	
0	0	0	0	0	0.086275	0.17647	0.11765	0.054902	0.090196	0.090196	0.1451	0.17647	0.12549	0.10196	0.11373	0.0039216	0	0	0	
0	0	0	0.0078431	0.18824	0.18039	0.13725	0.15294	0.16078	0.13725	0.21961	0.20784	0.26275	0.16863	0	0.062745	0.1451	0.039216	0	0	
0	0.015686	0.090196	0.21569	0.058824	0.054902	0.039216	0.078431	0.13725	0.12157	0.027451	0	0.19608	0.039216	0.078431	0	0.090196	0.047059	0.090196	0.094118	
0.094118	0.070588	0.0078431	0.16863	0	0.090196	0.078431	0.0078431	0.090196	0.058824	0.090196	0.15294	0.15686	0.062745	0.023529	0.047059	0.039216	0.0078431	0.086275	0.043137	
0.035294	0.05098	0	0.07451	0.18039	0.19216	0.17255	0.090196	0.21961	0.27059	0.18039	0.11373	0.078431	0.047059	0.031373	0.070588	0.054902	0.078431	0	0	
0	0.043137	0.058824	0	0	0.070588	0.25098	0.18039	0.1451	0.18431	0.090196	0.090196	0.05098	0.090196	0.098039	0.090196	0.031373	0	0	0	
0	0	0.027451	0.090196	0.035294	0	0.0039216	0.090196	0.090196	0.15294	0.11765	0.090196	0.1098	0.090196	0.047059	0	0	0	0	0	
0	0	0	0	0.05098	0.090196	0.090196	0.027451	0	0	0.043137	0.090196	0.027451	0	0	0	0	0	0	0	
0	0	0	0	0	0	0	0.058824	0.090196	0.14902	0.090196	0	0	0	0	0	0	0	0	0	
0	0	0	0	0	0	0	0	0	0	0	0	0	0	0	0	0	0	0	0	
0	0	0	0	0	0	0	0	0	0	0	0	0	0	0	0	0	0	0	0	
0	0	0	0	0	0	0	0	0	0	0	0	0	0	0	0	0	0	0	0	
0	0	0	0	0	0	0	0	0	0	0	0	0	0	0	0	0	0	0	0	
0	0	0	0	0	0	0	0	0	0	0	0	0	0	0	0	0	0	0	0	
0	0	0	0	0	0	0	0	0	0	0	0	0	0	0	0	0	0	0	0	
0	0	0	0	0	0	0	0	0	0	0	0	0	0	0	0	0	0	0	0	
0	0	0	0	0	0	0	0	0	0	0	0	0	0	0	0	0	0	0	0	

1
1
20		20
2
351	555
240	429
454	555
1
342	550
89
351	555
352	555
351	555
350	555
347	555
344	555
338	554
332	552
324	550
315	547
306	544
297	541
288	538
279	533
271	529
263	523
257	518
253	513
248	508
245	505
243	503
241	501
240	500
241	500
241	499
243	498
246	497
251	495
260	491
271	486
282	480
295	473
309	465
323	458
336	451
348	445
358	439
366	435
371	432
375	430
377	430
377	429
378	430
380	433
381	436
385	441
389	446
395	453
402	460
410	467
417	473
424	478
431	482
437	485
443	487
447	488
450	489
452	489
453	489
454	489
454	490
454	491
452	492
450	494
446	496
440	500
432	505
424	510
415	516
406	521
398	525
389	530
381	533
374	536
368	539
362	541
358	543
355	545
354	546
353	547
352	548
351	549
349	550
347	551
345	552
343	552
342	552
342	551
342	550

	350	528
270	458
419	533
1
345	502
162
350	528
346	529
342	531
338	532
333	533
329	533
325	533
321	532
317	529
314	526
312	522
310	517
309	512
309	506
309	501
311	496
315	492
321	489
329	486
340	483
353	481
365	480
376	479
384	479
390	480
392	483
393	487
393	492
390	498
385	504
378	510
370	515
361	519
350	521
339	522
328	522
319	522
311	521
305	518
301	514
298	510
297	505
296	500
297	495
299	490
304	484
311	479
320	474
330	471
340	469
351	468
360	468
368	469
373	472
377	475
378	481
378	486
377	492
375	498
370	503
363	508
353	511
342	514
329	515
317	515
306	515
296	515
290	513
284	509
281	505
280	499
280	493
281	486
285	480
291	474
298	468
308	464
319	461
331	459
345	458
358	458
368	459
376	462
382	466
384	470
385	476
383	482
377	488
368	494
356	499
343	503
330	505
316	507
303	507
291	507
282	507
276	506
273	503
271	500
270	495
271	492
274	488
279	484
287	480
297	477
309	474
323	473
337	473
350	473
361	473
370	474
376	477
378	480
379	485
378	490
373	495
367	500
359	505
350	508
343	509
337	510
333	510
330	510
329	508
329	504
329	500
331	494
335	488
340	482
346	477
354	473
362	470
372	469
382	468
393	468
402	469
410	472
415	475
418	480
419	485
418	490
415	495
411	502
406	508
399	514
390	520
381	524
371	527
362	529
354	530
348	530
345	530
342	528
340	524
340	520
339	515
339	511
340	507
341	505
343	504
344	502
345	502





0
3
20	20
0	0	0	0	0	0	0	0.019608	0.10196	0.015686	0	0	0	0	0	0	0	0	0	0	
0	0	0	0	0	0	0.015686	0.07451	0	0.066667	0.086275	0.043137	0	0	0	0	0	0	0	0	
0	0	0	0	0	0.023529	0.066667	0	0	0	0.054902	0.082353	0.086275	0.086275	0.086275	0.027451	0	0	0	0	
0	0	0	0	0.011765	0.078431	0.015686	0.086275	0.11765	0.17255	0.11373	0.070588	0.10196	0	0	0.054902	0.086275	0.086275	0.086275	0.015686	
0	0	0	0.019608	0.078431	0.047059	0.15294	0.086275	0.05098	0.0039216	0.082353	0.17647	0.16863	0.1098	0.039216	0	0	0	0.0078431	0.1098	
0	0	0.035294	0.062745	0.039216	0.12941	0.039216	0.086275	0.10196	0.16078	0.086275	0.1451	0.16078	0.090196	0	0	0	0.039216	0.07451	0	
0	0.07451	0.047059	0	0.090196	0.16471	0.043137	0	0.05098	0.086275	0.094118	0.22745	0.15294	0.031373	0	0.015686	0.086275	0.043137	0	0	
0.10588	0.0078431	0	0	0.18039	0.027451	0.086275	0.086275	0.086275	0.11765	0.32549	0.10588	0	0.0039216	0.082353	0.066667	0	0	0	0	
0.047059	0.043137	0	0	0.10588	0.086275	0.086275	0.086275	0.10588	0.19216	0.0078431	0	0.058824	0.078431	0	0	0	0	0	0	
0	0.039216	0.07451	0	0.054902	0.086275	0.086275	0.086275	0.082353	0.0039216	0.066667	0.086275	0.023529	0	0	0	0	0	0	0	
0	0	0.0078431	0.086275	0.086275	0.066667	0	0	0	0.0078431	0.015686	0	0	0	0	0	0	0	0	0	
0	0	0	0	0	0.015686	0.086275	0.086275	0.086275	0.086275	0.015686	0	0	0	0	0	0	0	0	0	
0	0	0	0	0	0	0	0	0	0	0	0	0	0	0	0	0	0	0	0	
0	0	0	0	0	0	0	0	0	0	0	0	0	0	0	0	0	0	0	0	
0	0	0	0	0	0	0	0	0	0	0	0	0	0	0	0	0	0	0	0	
0	0	0	0	0	0	0	0	0	0	0	0	0	0	0	0	0	0	0	0	
0	0	0	0	0	0	0	0	0	0	0	0	0	0	0	0	0	0	0	0	
0	0	0	0	0	0	0	0	0	0	0	0	0	0	0	0	0	0	0	0	
0	0	0	0	0	0	0	0	0	0	0	0	0	0	0	0	0	0	0	0	
0	0	0	0	0	0	0	0	0	0	0	0	0	0	0	0	0	0	0	0	

1
1
20		20
2
343	550
239	419
446	551
1
342	533
76
343	550
343	551
342	551
341	551
340	551
337	551
333	551
327	550
320	549
312	547
303	545
294	542
286	540
277	537
269	533
262	529
256	524
251	519
247	515
244	511
242	508
240	506
240	505
239	505
239	503
241	501
245	498
251	495
257	490
265	484
273	476
282	468
290	459
298	450
305	442
312	435
317	429
321	425
323	422
325	420
325	419
326	419
327	420
328	421
330	423
332	426
337	429
343	433
352	437
362	440
374	444
388	448
401	451
413	454
424	457
433	459
439	461
443	463
445	464
446	464
446	465
446	466
445	467
443	469
440	472
435	476
429	480
422	486
413	491
403	498
391	505
380	512
369	519
359	525
349	530
342	533

	347	496
282	450
386	526
1
330	511
134
347	496
347	497
347	498
347	499
347	501
346	504
344	508
341	513
336	518
330	521
322	524
314	525
307	526
299	526
293	526
289	526
286	524
284	521
283	517
283	513
283	508
286	502
290	496
296	491
304	486
314	482
324	479
335	478
345	477
354	477
360	478
364	480
366	483
366	487
366	491
363	495
357	500
350	504
341	508
331	510
320	511
310	511
300	511
293	511
288	509
284	506
282	503
282	498
282	493
284	488
287	482
292	477
298	472
307	468
317	464
329	462
340	461
349	461
357	462
361	465
363	469
364	475
364	481
362	487
358	493
353	498
345	502
337	504
328	505
319	505
312	505
305	503
300	500
296	496
294	492
293	487
293	482
294	476
298	471
304	465
312	460
322	455
332	452
343	451
353	450
361	451
367	453
371	456
373	461
373	466
373	472
371	477
369	482
364	485
359	488
353	490
347	491
341	492
337	492
334	492
332	492
331	491
331	489
331	486
332	483
336	478
341	474
348	471
357	467
365	465
373	464
379	463
383	464
385	465
386	468
386	471
385	475
384	478
382	482
379	485
375	488
370	491
364	494
358	497
353	500
349	503
344	505
341	508
338	509
335	510
333	511
332	511
331	511
330	511





0
3
20	20
0	0	0	0	0	0	0.14902	0	0	0	0	0	0	0	0	0	0	0	0	0	
0	0	0	0	0	0.0078431	0.12941	0.10588	0	0	0	0	0	0	0	0	0	0	0	0	
0	0	0	0	0	0.10588	0.011765	0.031373	0.090196	0	0	0	0	0	0	0	0	0	0	0	
0	0	0	0	0	0.12157	0	0	0.035294	0.086275	0	0	0	0	0	0	0	0	0	0	
0	0	0	0	0.07451	0.1098	0.094118	0.015686	0	0.054902	0.062745	0	0	0	0	0	0	0	0	0	
0	0	0.058824	0.12941	0.27843	0.3098	0.2902	0.33725	0.20392	0.12549	0.18824	0.043137	0	0	0	0	0	0	0	0	
0	0.023529	0.098039	0.23137	0.19216	0	0	0.16078	0.41176	0.098039	0.015686	0.21961	0.023529	0	0	0	0	0	0	0	
0	0.12157	0.11765	0.25098	0	0	0	0.18039	0.18039	0.22745	0.0039216	0.098039	0.12549	0.05098	0	0	0	0	0	0	
0	0.15294	0.21569	0.12157	0	0	0	0.13725	0.2549	0.24314	0.10196	0.011765	0.1098	0.07451	0.10588	0	0	0	0	0	
0	0.28627	0.031373	0.11765	0.0039216	0	0	0.24314	0.22353	0.25098	0.12157	0.07451	0.043137	0	0.066667	0.16078	0	0	0	0	
0.066667	0.2549	0.043137	0.0039216	0.13333	0.05098	0.047059	0.23529	0.07451	0.29412	0.12157	0.11765	0.011765	0.12549	0.078431	0	0	0	0	0	
0.12157	0.18431	0.13725	0	0	0.07451	0.078431	0.12157	0	0.12157	0.19608	0.12157	0.12157	0	0	0	0	0	0	0	
0	0.082353	0.16471	0.12549	0.12549	0.10588	0.094118	0.1098	0.31765	0.22353	0.1451	0.066667	0	0	0	0	0	0	0	0	
0	0	0.12549	0.15294	0	0.019608	0.031373	0.078431	0.082353	0.031373	0.086275	0	0	0	0	0	0	0	0	0	
0	0	0	0.10196	0.21961	0.12941	0.12549	0.078431	0.027451	0.094118	0	0	0	0	0	0	0	0	0	0	
0	0	0	0	0	0.12549	0.023529	0.0078431	0.11373	0	0	0	0	0	0	0	0	0	0	0	
0	0	0	0	0	0	0.10196	0.19216	0	0	0	0	0	0	0	0	0	0	0	0	
0	0	0	0	0	0	0.082353	0.078431	0.11765	0	0	0	0	0	0	0	0	0	0	0	
0	0	0	0	0	0.05098	0.12157	0	0	0	0	0	0	0	0	0	0	0	0	0	
0	0	0	0	0	0.10196	0.047059	0	0	0	0	0	0	0	0	0	0	0	0	0	

1
1
20		20
2
437	277
373	146
495	294
1
417	287
84
437	277
438	279
438	280
437	279
436	278
433	276
430	273
426	271
420	267
415	263
410	259
405	255
399	250
394	246
389	241
383	237
379	234
376	232
374	232
373	231
373	230
374	229
375	227
377	225
380	221
385	216
390	209
395	202
400	194
405	185
410	177
414	168
417	162
419	156
420	152
420	149
421	147
421	146
422	146
423	148
425	150
428	154
433	159
439	165
445	171
451	178
457	185
463	192
469	198
476	203
482	208
487	211
491	214
493	215
494	215
495	215
495	216
494	216
493	217
490	219
484	222
476	227
468	232
459	239
453	246
447	252
442	257
437	263
433	267
430	271
427	275
425	279
422	283
420	286
419	289
418	292
418	293
418	294
417	294
417	293
417	292
417	291
417	289
417	287

	445	216
382	181
467	256
1
438	202
154
445	216
446	216
447	216
447	217
447	219
447	222
447	226
445	232
442	238
438	244
434	249
429	253
424	255
418	256
412	256
405	256
399	253
394	249
390	244
386	237
384	229
382	221
382	213
382	206
384	199
387	193
391	188
397	184
404	182
412	182
420	181
428	182
435	186
442	191
447	198
450	204
453	212
455	219
455	226
455	232
454	235
452	238
448	239
444	240
440	240
437	239
434	236
432	232
430	228
428	222
427	216
427	210
427	204
429	198
433	193
437	190
441	187
446	187
452	187
457	189
462	193
466	199
467	206
467	213
466	221
462	228
457	234
450	239
442	241
432	243
423	243
413	243
404	241
397	238
391	234
388	230
386	225
385	219
385	212
388	206
392	200
398	194
405	190
412	188
420	187
428	187
434	189
439	192
442	197
443	202
443	209
442	215
439	220
434	224
429	227
424	228
418	228
412	228
407	226
403	222
401	218
399	213
398	208
398	202
400	196
404	192
410	188
415	185
421	184
426	183
430	184
434	186
436	189
437	194
438	198
438	203
436	208
434	213
432	216
429	219
428	219
427	219
427	218
427	216
427	215
427	212
427	210
427	206
427	203
428	199
429	196
432	193
435	192
438	192
440	193
442	196
443	200
444	205
444	211
445	216
445	220
445	224
445	225
445	226
445	225
444	224
443	221
442	218
440	215
440	212
439	209
438	206
438	204
438	202





0
3
20	20
0	0.15686	0.10588	0.10588	0.078431	0.015686	0	0	0	0	0	0	0	0	0	0	0	0	0	0	
0	0.1098	0	0	0.023529	0.086275	0.10588	0.10588	0.10588	0.10588	0.10588	0.10588	0.10588	0.10588	0.10588	0.10588	0.10588	0.10588	0.10588	0.14902	
0	0.1098	0	0	0	0	0	0	0	0	0	0	0	0	0	0	0	0	0	0.1098	
0	0.1098	0	0	0	0	0	0	0	0	0	0	0	0	0	0	0	0	0.054902	0.05098	
0	0.1098	0	0.0078431	0.0078431	0.0078431	0.0078431	0.0078431	0.0078431	0.0078431	0.0078431	0.0078431	0.0078431	0.0078431	0.0078431	0.0039216	0	0	0.1098	0	
0	0.1098	0.062745	0.094118	0.094118	0.094118	0.094118	0.094118	0.094118	0.094118	0.094118	0.094118	0.094118	0.094118	0.094118	0.070588	0	0	0.1098	0	
0	0.1098	0	0	0	0	0	0	0	0	0	0	0	0	0	0	0	0.094118	0.015686	0	
0	0.1098	0	0	0	0	0	0	0	0	0	0	0	0	0	0	0	0.1098	0	0	
0	0.1098	0	0	0	0	0	0	0	0	0	0	0	0	0	0	0.070588	0.039216	0	0	
0	0.1098	0	0	0	0	0	0	0	0	0	0	0	0	0	0	0.1098	0	0	0	
0	0.043137	0	0	0	0	0	0	0	0	0	0	0	0	0	0.043137	0.066667	0	0	0	
0.070588	0.10588	0.10588	0.10588	0.10588	0.10588	0.10588	0.10588	0.10588	0.10588	0.10588	0.10588	0.10588	0.10588	0.10588	0.10588	0	0	0	0	
0	0	0	0	0	0	0	0	0	0	0	0	0	0	0	0	0	0	0	0	
0	0	0	0	0	0	0	0	0	0	0	0	0	0	0	0	0	0	0	0	
0	0	0	0	0	0	0	0	0	0	0	0	0	0	0	0	0	0	0	0	
0	0	0	0	0	0	0	0	0	0	0	0	0	0	0	0	0	0	0	0	
0	0	0	0	0	0	0	0	0	0	0	0	0	0	0	0	0	0	0	0	
0	0	0	0	0	0	0	0	0	0	0	0	0	0	0	0	0	0	0	0	
0	0	0	0	0	0	0	0	0	0	0	0	0	0	0	0	0	0	0	0	
0	0	0	0	0	0	0	0	0	0	0	0	0	0	0	0	0	0	0	0	

1
1
20		20
2
388	248
375	155
547	261
1
375	259
72
388	248
388	249
388	248
388	247
388	246
388	244
388	240
387	235
387	229
387	221
387	214
387	206
386	199
386	191
385	184
384	176
384	170
383	164
382	160
382	157
382	156
382	155
383	155
384	156
388	157
395	159
406	160
420	162
437	163
455	163
474	163
494	163
511	163
526	163
536	163
542	163
546	163
547	163
547	164
547	165
547	167
547	169
546	173
544	178
542	184
540	191
537	199
534	207
531	215
528	223
524	230
521	238
518	245
516	250
513	254
512	256
511	258
510	259
509	260
509	261
506	261
502	261
495	261
485	261
473	261
459	261
442	261
425	261
408	261
393	260
383	260
375	259

	394	201
394	199
512	201
1
512	199
21
394	201
394	200
395	200
396	199
399	199
403	199
409	199
417	199
427	199
438	199
448	199
459	199
469	199
480	199
490	199
498	199
504	199
508	199
510	199
511	199
512	199





0
3
20	20
0	0	0	0	0	0	0	0	0	0	0	0	0	0	0	0	0	0	0	0	
0	0	0	0	0	0	0	0	0	0	0	0	0	0	0	0	0	0	0	0	
0	0	0	0	0	0	0	0	0	0	0	0	0	0	0	0	0	0	0	0	
0	0	0	0	0	0	0	0	0	0	0	0	0	0	0	0	0	0	0	0	
0	0	0	0	0	0	0	0	0	0	0	0	0	0	0	0	0	0	0	0	
0	0	0	0	0	0	0	0	0	0	0	0	0	0	0	0	0	0	0	0	
0	0	0	0	0	0	0	0	0	0	0	0	0	0	0	0	0	0	0	0	
0	0	0	0	0	0	0	0	0	0	0	0	0	0	0	0	0	0	0	0	
0	0	0	0	0	0	0	0	0	0	0	0	0	0	0	0	0	0	0	0	
0	0	0	0	0	0	0	0	0	0	0	0	0	0	0	0	0	0	0	0	
0	0	0	0	0	0	0	0	0	0	0	0	0	0	0	0	0	0	0	0	
0	0	0	0	0	0	0	0	0	0	0	0	0	0	0	0	0	0	0	0	
0	0	0	0	0	0	0	0	0	0	0	0	0	0	0	0	0	0	0	0	
0	0	0	0	0	0	0	0	0	0	0	0	0	0	0	0	0	0	0	0	
0	0	0	0	0	0	0	0	0	0	0	0	0	0	0	0	0	0	0	0	
0	0	0	0	0	0	0	0	0	0	0	0	0	0	0	0	0	0	0	0	
0	0	0	0	0	0	0	0	0	0	0	0	0	0	0	0	0	0	0	0	
0	0	0	0	0	0	0	0	0	0	0	0	0	0	0	0	0	0	0	0	
0	0	0	0	0	0	0	0	0	0	0	0	0	0	0	0	0	0	0	0	
0	0	0	0	0	0	0	0	0	0	0	0	0	0	0	0	0	0	0	0	

0
1
20		20
0




0
3
20	20
0	0.12549	0.10588	0.10588	0.10588	0.031373	0	0	0	0	0	0	0	0	0	0	0	0	0	0	
0	0.10588	0	0	0	0.07451	0.10588	0.10588	0.10588	0.10588	0.10588	0.10588	0.10588	0.10588	0.10588	0.10588	0.10588	0.10588	0.10588	0.12549	
0	0.10588	0	0	0	0	0	0	0	0	0	0	0	0	0	0	0	0	0	0.10588	
0	0.10588	0	0	0	0	0	0	0	0	0	0	0	0	0	0	0	0	0.086275	0.015686	
0	0.10588	0	0	0	0	0	0	0	0	0	0	0	0	0	0	0	0.0039216	0.098039	0	
0	0.1098	0	0	0	0	0	0	0	0	0	0	0	0	0	0	0	0.10196	0	0	
0.043137	0.10588	0.10588	0.10588	0.10588	0.10588	0.10588	0.10588	0.10588	0.10588	0.10588	0.10588	0.10588	0.10588	0.10588	0.10588	0.035294	0.10588	0	0	
0.10588	0	0	0	0	0	0	0	0	0	0	0	0	0	0	0	0.062745	0.039216	0	0	
0.10588	0	0	0	0	0	0	0	0	0	0	0	0	0	0	0	0.10588	0	0	0	
0.10588	0	0	0	0	0	0	0	0	0	0	0.019608	0	0	0	0.023529	0.078431	0	0	0	
0.098039	0.10588	0.10588	0.10588	0.10588	0.10588	0.10588	0.10588	0.10588	0.10588	0.10588	0.035294	0	0	0	0.062745	0.0039216	0	0	0	
0	0	0	0	0	0	0	0	0	0	0	0	0	0	0	0	0	0	0	0	
0	0	0	0	0	0	0	0	0	0	0	0	0	0	0	0	0	0	0	0	
0	0	0	0	0	0	0	0	0	0	0	0	0	0	0	0	0	0	0	0	
0	0	0	0	0	0	0	0	0	0	0	0	0	0	0	0	0	0	0	0	
0	0	0	0	0	0	0	0	0	0	0	0	0	0	0	0	0	0	0	0	
0	0	0	0	0	0	0	0	0	0	0	0	0	0	0	0	0	0	0	0	
0	0	0	0	0	0	0	0	0	0	0	0	0	0	0	0	0	0	0	0	
0	0	0	0	0	0	0	0	0	0	0	0	0	0	0	0	0	0	0	0	
0	0	0	0	0	0	0	0	0	0	0	0	0	0	0	0	0	0	0	0	

1
1
20		20
2
435	249
331	159
511	255
1
475	255
82
435	249
434	249
432	250
431	250
428	250
425	251
419	251
414	252
408	252
400	252
393	252
384	252
375	252
366	252
357	252
348	252
342	252
336	252
333	252
332	252
331	252
331	251
331	250
331	248
331	246
331	243
332	240
333	236
335	231
336	225
337	219
338	212
338	205
338	198
339	192
339	187
340	182
340	176
340	172
340	168
340	164
340	162
340	161
341	160
341	159
344	159
348	160
356	162
368	164
382	166
398	167
416	168
434	168
453	168
469	168
484	168
495	168
502	168
507	168
510	168
511	169
511	170
511	171
511	174
509	179
507	183
503	189
500	195
496	202
493	208
490	215
488	222
485	228
483	234
481	239
479	244
477	247
477	250
476	252
476	253
475	254
475	255

	342	212
342	212
480	217
1
480	217
16
342	212
343	212
345	213
348	215
351	215
354	216
360	217
368	217
378	217
393	217
411	217
429	217
446	217
461	217
473	217
480	217





0
3
20	20
0.11765	0.082353	0.082353	0.082353	0.082353	0.082353	0.082353	0.082353	0.082353	0.082353	0.082353	0.082353	0.082353	0.082353	0.082353	0.082353	0.082353	0.082353	0.082353	0.090196	
0.086275	0	0	0	0	0	0	0	0	0	0	0	0	0	0	0	0	0	0	0.086275	
0.058824	0.023529	0	0	0	0	0	0	0	0	0	0	0	0	0	0	0	0	0	0.086275	
0	0.086275	0	0	0	0	0	0	0	0	0	0	0	0	0	0	0	0	0	0.086275	
0	0.086275	0	0	0	0	0	0	0	0	0	0	0	0	0	0	0	0	0	0.086275	
0	0.12157	0.082353	0.082353	0.082353	0.082353	0.082353	0.082353	0.082353	0.082353	0.082353	0.082353	0.082353	0.082353	0.082353	0.082353	0.082353	0.082353	0.054902	0.086275	
0	0.086275	0	0	0	0	0	0	0	0	0	0	0	0	0	0	0	0	0.035294	0.047059	
0	0.019608	0.066667	0	0	0	0	0	0	0	0	0	0	0	0	0	0	0	0.054902	0.027451	
0	0	0.086275	0	0	0	0	0	0	0	0	0	0	0	0	0	0	0	0.086275	0	
0	0	0.086275	0.078431	0.082353	0.082353	0.082353	0.082353	0.082353	0.082353	0.082353	0.082353	0.082353	0.082353	0.082353	0.082353	0.082353	0.082353	0.12941	0	
0	0	0.078431	0	0	0	0	0	0	0	0	0	0	0	0	0	0	0	0	0	
0	0	0	0	0	0	0	0	0	0	0	0	0	0	0	0	0	0	0	0	
0	0	0	0	0	0	0	0	0	0	0	0	0	0	0	0	0	0	0	0	
0	0	0	0	0	0	0	0	0	0	0	0	0	0	0	0	0	0	0	0	
0	0	0	0	0	0	0	0	0	0	0	0	0	0	0	0	0	0	0	0	
0	0	0	0	0	0	0	0	0	0	0	0	0	0	0	0	0	0	0	0	
0	0	0	0	0	0	0	0	0	0	0	0	0	0	0	0	0	0	0	0	
0	0	0	0	0	0	0	0	0	0	0	0	0	0	0	0	0	0	0	0	
0	0	0	0	0	0	0	0	0	0	0	0	0	0	0	0	0	0	0	0	
0	0	0	0	0	0	0	0	0	0	0	0	0	0	0	0	0	0	0	0	

1
1
20		20
2
327	230
303	105
527	231
1
335	219
86
327	230
327	231
326	231
326	229
326	227
326	223
326	220
326	214
326	208
325	201
324	193
322	184
320	174
318	164
316	155
314	146
312	136
310	129
308	121
306	115
304	111
304	108
303	106
303	105
303	106
304	106
305	107
307	108
310	109
313	110
317	111
320	112
323	112
325	112
328	111
333	111
339	110
347	109
359	109
373	109
391	109
411	109
428	109
446	109
463	109
479	108
495	108
508	108
517	108
522	108
525	108
526	108
527	110
527	112
527	116
527	121
527	128
527	135
526	143
524	153
522	163
520	174
519	183
519	193
518	201
518	208
518	213
518	217
517	219
514	220
510	220
503	221
494	221
482	221
468	221
451	221
435	221
418	220
401	220
384	219
368	219
356	219
347	219
341	219
338	219
335	219

	318	164
318	164
515	172
1
515	167
23
318	164
319	165
320	165
320	166
322	167
326	168
331	169
338	170
348	171
361	171
377	172
395	172
413	172
432	172
450	172
467	172
481	172
493	172
502	171
508	170
512	168
514	168
515	167





0
3
20	20
0.10588	0.086275	0.086275	0.043137	0	0	0	0	0	0	0	0	0	0	0	0	0	0	0	0	
0.090196	0	0	0.043137	0.086275	0.086275	0.086275	0.086275	0.086275	0.086275	0.070588	0.043137	0.019608	0	0	0	0	0.039216	0.043137	0.054902	
0.090196	0	0	0	0	0	0	0	0	0	0.015686	0.039216	0.066667	0.086275	0.086275	0.086275	0.086275	0.047059	0.039216	0.1098	
0.090196	0	0	0	0	0	0	0	0	0	0	0	0	0	0	0	0	0	0	0.090196	
0.090196	0	0	0	0	0	0	0	0	0	0	0	0	0	0	0	0	0	0	0.090196	
0.090196	0	0	0	0	0	0	0	0	0	0	0	0	0	0	0	0	0	0.015686	0.07451	
0.090196	0	0	0	0	0	0	0	0	0	0	0	0	0	0	0	0	0	0.090196	0	
0.090196	0	0	0	0	0	0	0	0	0	0	0	0	0	0	0	0	0	0.090196	0	
0.090196	0.086275	0.086275	0.086275	0.086275	0.086275	0.086275	0.086275	0.086275	0.086275	0.086275	0.086275	0.086275	0.086275	0.086275	0.086275	0.086275	0.047059	0.070588	0	
0.090196	0	0	0	0	0	0	0	0	0	0	0	0	0	0	0	0	0.090196	0	0	
0.090196	0	0	0	0	0	0	0	0	0	0	0	0	0	0	0	0	0.090196	0	0	
0.090196	0	0	0	0	0	0	0	0	0	0	0	0	0	0	0	0	0.090196	0	0	
0.090196	0	0	0	0	0	0	0	0	0	0	0	0	0	0	0	0	0.090196	0	0	
0.090196	0	0	0	0	0	0	0	0	0	0	0	0	0	0	0	0	0.090196	0	0	
0.058824	0.070588	0.086275	0.094118	0.086275	0.086275	0.086275	0.086275	0.086275	0.086275	0.086275	0.086275	0.086275	0.086275	0.086275	0.086275	0.086275	0.078431	0	0	
0	0	0	0	0	0	0	0	0	0	0	0	0	0	0	0	0	0	0	0	
0	0	0	0	0	0	0	0	0	0	0	0	0	0	0	0	0	0	0	0	
0	0	0	0	0	0	0	0	0	0	0	0	0	0	0	0	0	0	0	0	
0	0	0	0	0	0	0	0	0	0	0	0	0	0	0	0	0	0	0	0	
0	0	0	0	0	0	0	0	0	0	0	0	0	0	0	0	0	0	0	0	

1
1
20		20
2
293	265
291	108
501	270
1
301	266
103
293	265
293	266
294	267
294	266
294	265
294	264
294	261
294	256
293	250
293	244
292	235
292	226
291	216
291	204
291	192
291	179
291	167
291	155
291	144
292	134
292	126
293	119
293	114
293	111
293	109
293	108
294	108
295	109
298	109
303	111
311	113
325	116
342	120
361	123
382	126
403	127
423	128
442	128
458	128
473	128
484	127
493	127
498	127
501	126
501	125
501	126
501	127
501	129
501	130
501	133
501	137
500	143
499	150
497	158
495	167
492	176
489	185
486	195
483	204
482	214
480	222
478	230
477	237
477	243
476	248
476	253
476	256
476	260
476	262
476	264
476	266
476	268
473	269
469	270
460	270
449	270
437	270
423	270
410	270
396	270
383	270
371	270
360	270
351	270
344	270
337	270
332	270
328	270
325	270
323	270
323	269
322	268
321	268
320	267
318	267
316	267
314	267
311	266
308	266
305	266
303	266
302	266
301	266

	301	198
301	198
475	201
1
475	201
23
301	198
301	199
301	200
302	201
303	201
304	201
307	201
313	201
320	201
330	201
343	201
358	201
374	201
390	201
407	201
422	201
435	201
446	201
456	201
463	201
469	201
473	201
475	201





0
3
20	20
0	0.035294	0.1098	0.1098	0.1098	0.1098	0.1098	0.1098	0.1098	0.1098	0.1098	0.1098	0.1098	0.1098	0.1098	0.1098	0.1098	0.1098	0.11373	0	
0	0.11765	0	0	0	0	0	0	0	0	0	0	0	0	0	0	0	0	0.11765	0	
0	0.11765	0	0	0	0	0	0	0	0	0	0	0	0	0	0	0	0	0.11765	0	
0	0.11765	0	0	0	0	0	0	0	0	0	0	0	0	0	0	0	0	0.11765	0	
0	0.11765	0	0	0	0	0	0	0	0	0	0	0	0	0	0	0	0	0.11765	0	
0	0.11765	0	0	0	0	0	0	0	0	0	0	0	0	0	0	0	0	0.11765	0	
0	0.11765	0	0	0	0	0	0	0	0	0	0	0	0	0	0	0	0	0.11765	0	
0.027451	0.16863	0.058824	0.058824	0.058824	0.058824	0.058824	0.058824	0.015686	0	0	0	0	0	0	0.027451	0.058824	0.082353	0.21569	0.082353	
0.039216	0.16471	0.05098	0.05098	0.05098	0.05098	0.05098	0.05098	0.094118	0.1098	0.1098	0.1098	0.1098	0.1098	0.1098	0.082353	0.05098	0.023529	0.11765	0	
0	0.11765	0	0	0	0	0	0	0	0	0	0	0	0	0	0	0	0	0.11765	0	
0	0.11765	0	0	0	0	0	0	0	0	0	0	0	0	0	0	0	0	0.11765	0	
0	0.11765	0	0	0	0	0	0	0	0	0	0	0	0	0	0	0	0	0.11765	0	
0	0.11765	0	0	0	0	0	0	0	0	0	0	0	0	0	0	0	0	0.11765	0	
0	0.12549	0	0	0	0	0	0	0	0	0	0	0	0	0	0	0	0	0.11765	0	
0	0	0.10588	0.047059	0	0	0	0	0	0	0	0	0	0	0	0	0	0	0.11765	0	
0	0	0	0.058824	0.1098	0.1098	0.031373	0	0	0	0	0	0	0	0	0	0.098039	0.054902	0.062745	0	
0	0	0	0	0	0	0.07451	0.1098	0.1098	0.1098	0.1098	0.1098	0.1098	0.1098	0.1098	0.1098	0.0078431	0	0	0	
0	0	0	0	0	0	0	0	0	0	0	0	0	0	0	0	0	0	0	0	
0	0	0	0	0	0	0	0	0	0	0	0	0	0	0	0	0	0	0	0	
0	0	0	0	0	0	0	0	0	0	0	0	0	0	0	0	0	0	0	0	

1
1
20		20
2
480	258
337	126
480	271
1
471	260
86
480	258
480	259
480	260
480	261
480	260
480	259
480	258
480	255
480	251
480	245
480	238
480	230
480	222
480	213
480	203
480	194
480	183
480	173
480	163
480	154
480	147
480	140
480	134
480	130
480	127
480	126
479	126
476	126
470	127
462	127
450	127
436	127
420	127
404	128
387	128
373	129
360	129
350	130
344	130
339	131
338	134
337	139
337	146
337	153
337	162
337	170
337	179
337	187
337	195
337	202
337	209
337	216
337	223
337	228
337	233
337	238
337	241
337	243
338	245
340	247
343	249
347	253
352	256
359	260
368	263
378	266
389	268
400	270
412	271
424	271
434	271
444	270
450	269
455	268
458	267
460	266
461	265
462	264
463	264
464	263
466	263
467	262
469	262
470	261
471	261
471	260

	490	191
328	190
490	195
1
328	195
19
490	191
490	190
489	191
487	192
483	193
478	193
472	194
464	194
455	195
445	195
434	195
422	195
409	195
395	195
381	194
365	194
351	194
338	194
328	195





0
3
20	20
0	0.05098	0.13333	0.13333	0.13333	0.13333	0.13333	0.13333	0.13333	0.13333	0.13333	0.13333	0.13333	0.13333	0.13333	0.13333	0.13333	0.13333	0.13333	0.12157	
0	0.13725	0	0	0	0	0	0	0	0	0	0	0	0	0	0	0	0	0	0.13725	
0	0.13725	0	0	0	0	0	0	0	0	0	0	0	0	0	0	0	0	0	0.13725	
0	0.13725	0	0	0	0	0	0	0	0	0	0	0	0	0	0	0	0	0	0.13725	
0	0.13725	0	0	0	0	0	0	0	0	0	0	0	0	0	0	0	0	0	0.13725	
0	0.13725	0	0	0	0	0	0	0	0	0	0	0	0	0	0	0	0	0	0.13725	
0	0.13725	0	0	0	0	0	0	0	0	0	0	0	0	0	0	0	0	0	0.13725	
0	0.13725	0	0	0	0	0	0	0	0	0	0	0	0	0	0	0	0	0	0.13725	
0	0.21961	0.031373	0	0	0	0	0	0	0	0	0	0	0	0	0	0	0	0	0.13725	
0	0.15686	0.10196	0.13333	0.13333	0.13333	0.13333	0.13333	0.13333	0.13333	0.13333	0.13333	0.13333	0.13333	0.13333	0.13333	0.13333	0.13333	0.078431	0.13725	
0	0.13725	0	0	0	0	0	0	0	0	0	0	0	0	0	0	0	0	0.043137	0.090196	
0	0.13725	0	0	0	0	0	0	0	0	0	0	0	0	0	0	0	0	0.11765	0.019608	
0.062745	0.07451	0	0	0	0	0	0	0	0	0	0	0	0	0	0	0	0	0.11765	0.019608	
0.13725	0	0	0	0	0	0	0	0	0	0	0	0	0	0	0	0	0	0.11765	0.019608	
0.13725	0	0	0	0	0	0	0	0	0	0	0	0	0	0	0	0	0	0.11765	0.019608	
0.13725	0	0	0	0	0	0	0	0	0	0	0	0	0	0	0	0	0	0.11765	0.019608	
0.13725	0	0	0	0	0	0	0	0	0	0	0	0	0	0	0	0	0	0.11765	0.019608	
0.19608	0.13333	0.13333	0.13333	0.13333	0.13333	0.13333	0.13333	0.13333	0.13333	0.13333	0.13333	0.13333	0.13333	0.13333	0.13333	0.13333	0.13333	0.18824	0.011765	
0	0	0	0	0	0	0	0	0	0	0	0	0	0	0	0	0	0	0	0	
0	0	0	0	0	0	0	0	0	0	0	0	0	0	0	0	0	0	0	0	

1
1
20		20
2
347	260
344	133
480	260
1
344	256
108
347	260
345	260
344	260
344	259
344	257
344	254
344	249
345	243
346	237
347	228
349	218
350	208
352	197
353	185
353	174
353	163
353	154
353	146
353	140
354	136
355	134
359	133
363	133
370	133
377	133
386	133
398	133
410	133
424	133
437	133
449	133
459	133
468	133
474	133
477	133
479	133
480	134
480	136
480	139
480	144
480	149
480	155
480	161
480	169
480	177
479	185
478	193
477	201
477	208
476	215
476	221
476	225
476	230
476	233
476	235
476	237
476	238
476	240
476	241
476	243
476	244
476	246
476	247
476	249
476	250
476	251
476	252
476	253
476	255
476	256
476	257
476	258
476	259
476	260
476	259
474	259
473	258
470	258
466	257
461	257
454	257
446	257
438	257
430	257
422	257
414	257
407	257
401	257
396	257
391	257
387	257
383	258
378	258
375	258
372	258
369	258
367	258
364	258
361	258
357	258
354	258
351	258
348	258
346	258
345	258
344	258
344	257
344	256

	351	197
351	195
472	200
1
472	200
31
351	197
351	196
352	195
353	195
353	196
355	196
357	197
359	197
364	197
369	197
376	197
384	197
393	197
403	197
412	197
421	197
429	197
436	197
441	197
445	197
448	197
449	197
450	197
451	197
454	198
459	198
464	198
468	198
471	198
472	199
472	200





0
3
20	20
0	0	0.086275	0.078431	0.078431	0.078431	0.078431	0.078431	0.078431	0.078431	0.078431	0.078431	0.078431	0.078431	0.078431	0.078431	0.078431	0.078431	0.078431	0.10196	
0	0	0.082353	0	0	0	0	0	0	0	0	0	0	0	0	0	0	0	0	0.082353	
0	0	0.082353	0	0	0	0	0	0	0	0	0	0	0	0	0	0	0	0.039216	0.039216	
0	0	0.082353	0	0	0	0	0	0	0	0	0	0	0	0	0	0	0	0.082353	0	
0	0	0.070588	0.0078431	0	0	0	0	0	0	0	0	0	0	0	0	0	0	0.082353	0	
0	0	0.0039216	0.07451	0	0	0	0	0	0	0	0	0	0	0	0	0	0.031373	0.047059	0	
0	0	0	0.082353	0	0	0	0	0	0	0	0	0	0	0	0	0	0.082353	0	0	
0	0	0	0.082353	0	0	0	0	0	0	0	0	0	0	0	0	0	0.082353	0	0	
0	0	0	0.082353	0	0	0	0	0	0	0	0	0	0	0	0	0	0.082353	0	0	
0	0	0	0.16078	0.078431	0.078431	0.078431	0.078431	0.078431	0.078431	0.078431	0.078431	0.078431	0.078431	0.05098	0	0.0039216	0.078431	0	0	
0	0	0	0.082353	0	0	0	0	0	0	0	0	0	0	0	0	0.082353	0	0	0	
0	0	0	0.082353	0	0	0	0	0	0	0	0	0	0	0	0	0.082353	0	0	0	
0	0	0	0.082353	0	0	0	0	0	0	0	0	0	0	0	0	0.082353	0	0	0	
0	0	0	0.082353	0	0	0	0	0	0	0	0	0	0	0	0	0.082353	0	0	0	
0	0	0	0.082353	0	0	0	0	0	0	0	0	0	0	0	0.015686	0.062745	0	0	0	
0	0	0	0	0	0	0	0	0	0	0	0	0	0	0	0.082353	0	0	0	0	
0.066667	0.078431	0.078431	0.078431	0.078431	0.078431	0.078431	0.078431	0.078431	0.078431	0.078431	0.078431	0.078431	0.078431	0.078431	0.10196	0	0	0	0	
0	0	0	0	0	0	0	0	0	0	0	0	0	0	0	0	0	0	0	0	
0	0	0	0	0	0	0	0	0	0	0	0	0	0	0	0	0	0	0	0	
0	0	0	0	0	0	0	0	0	0	0	0	0	0	0	0	0	0	0	0	

1
1
20		20
2
311	269
277	87
509	291
1
277	284
101
311	269
311	268
311	267
311	265
311	262
311	257
311	252
311	245
311	237
311	228
310	217
310	206
310	194
310	182
310	170
310	158
310	147
309	135
308	124
307	113
307	106
307	94
306	91
306	88
305	87
306	87
310	87
318	88
329	88
343	89
360	89
378	89
398	89
420	89
442	89
464	89
483	89
496	89
504	89
508	89
509	89
509	91
509	95
507	101
504	108
500	117
497	128
493	140
489	153
486	167
483	180
480	192
478	203
476	212
474	220
473	226
471	231
471	235
470	238
470	240
470	241
470	243
470	244
470	246
470	247
470	248
470	249
470	251
470	253
469	255
468	258
467	262
465	267
464	272
462	277
460	282
460	286
459	289
459	290
459	291
458	291
457	290
455	290
451	289
445	288
436	287
423	286
408	285
391	285
373	285
356	285
341	285
327	286
315	286
304	286
295	286
288	286
283	285
279	285
277	285
277	284

	311	199
311	198
448	201
1
448	201
22
311	199
313	199
313	198
314	198
315	198
316	198
317	199
320	200
325	200
332	201
342	201
354	201
368	201
381	201
395	201
407	201
419	201
428	201
436	201
441	201
445	201
448	201





0
3
20	20
0.12157	0.019608	0	0	0	0	0	0	0	0	0	0	0	0	0	0	0	0	0	0	
0.086275	0.062745	0.086275	0.086275	0.058824	0	0	0	0	0	0	0	0	0	0	0	0	0	0	0	
0.086275	0	0	0	0.023529	0.086275	0.086275	0.086275	0.086275	0.086275	0.086275	0.086275	0.086275	0.086275	0.086275	0.086275	0.086275	0.086275	0.086275	0.086275	
0.086275	0	0	0	0	0	0	0	0	0	0	0	0	0	0	0	0	0	0	0.086275	
0.086275	0	0	0	0	0	0	0	0	0	0	0	0	0	0	0	0	0	0	0.086275	
0.086275	0	0	0	0	0	0	0	0	0	0	0	0	0	0	0	0	0	0	0.086275	
0.086275	0	0	0	0	0	0	0	0	0	0	0	0	0	0	0	0	0	0	0.086275	
0.086275	0	0	0	0	0	0	0	0	0	0	0	0	0	0	0	0	0	0	0.086275	
0.086275	0	0	0	0	0	0	0	0	0	0	0	0	0	0	0	0	0	0	0.086275	
0.12157	0.086275	0.086275	0.086275	0.086275	0.086275	0.086275	0.086275	0.086275	0.086275	0.086275	0.086275	0.086275	0.086275	0.086275	0.086275	0.086275	0.086275	0.031373	0.086275	
0.086275	0	0	0	0	0	0	0	0	0	0	0	0	0	0	0	0	0	0	0.086275	
0.086275	0	0	0	0	0	0	0	0	0	0	0	0	0	0	0	0	0	0	0.086275	
0.086275	0	0	0	0	0	0	0	0	0	0	0	0	0	0	0	0	0	0	0.086275	
0.086275	0	0	0	0	0	0	0	0	0	0	0	0	0	0	0	0	0	0	0.086275	
0.086275	0	0	0	0	0	0	0	0	0	0	0	0	0	0	0	0	0	0	0.086275	
0.015686	0.0078431	0.086275	0.086275	0.086275	0.086275	0.086275	0.086275	0.086275	0.086275	0.086275	0.086275	0.086275	0.086275	0.086275	0.086275	0.086275	0.086275	0.086275	0.066667	
0	0	0	0	0	0	0	0	0	0	0	0	0	0	0	0	0	0	0	0	
0	0	0	0	0	0	0	0	0	0	0	0	0	0	0	0	0	0	0	0	
0	0	0	0	0	0	0	0	0	0	0	0	0	0	0	0	0	0	0	0	
0	0	0	0	0	0	0	0	0	0	0	0	0	0	0	0	0	0	0	0	

1
1
20		20
2
247	256
244	88
461	263
1
262	262
93
247	256
248	256
248	255
248	254
248	252
248	249
248	244
248	237
248	228
248	218
248	207
248	196
249	183
249	170
250	157
250	144
249	131
248	120
247	111
246	104
245	98
244	93
244	90
244	89
244	88
244	89
245	90
247	92
252	95
259	98
269	101
281	105
295	108
310	110
327	111
344	112
364	112
383	112
403	112
420	112
435	112
447	112
454	112
457	112
458	112
458	113
459	115
459	119
460	124
460	131
460	139
460	148
460	159
460	171
460	185
460	198
460	210
460	220
460	228
461	235
461	240
461	244
461	246
461	247
461	248
461	250
461	251
461	253
459	256
458	257
457	260
456	261
455	262
454	263
453	263
452	263
450	263
446	263
439	263
430	263
418	263
403	263
386	263
368	263
349	263
331	263
313	263
298	263
285	263
276	263
269	263
265	262
262	262

	249	190
249	189
446	190
1
446	189
20
249	190
249	189
250	189
251	189
254	189
259	189
268	189
278	189
291	189
306	189
322	189
341	189
360	189
378	189
396	189
412	189
425	189
435	189
442	189
446	189





0
3
20	20
0	0.058824	0.066667	0	0	0	0	0	0	0	0	0	0	0	0.0039216	0.070588	0.094118	0.094118	0.098039	0	
0	0.090196	0.027451	0.094118	0.094118	0.094118	0.094118	0.094118	0.094118	0.094118	0.094118	0.094118	0.094118	0.094118	0.090196	0.023529	0	0	0.090196	0	
0	0.090196	0	0	0	0	0	0	0	0	0	0	0	0	0	0	0	0	0.090196	0	
0	0.090196	0	0	0	0	0	0	0	0	0	0	0	0	0	0	0	0	0.090196	0	
0	0.090196	0	0	0	0	0	0	0	0	0	0	0	0	0	0	0	0	0.090196	0	
0	0.090196	0	0	0	0	0	0	0	0	0	0	0	0	0	0	0	0	0.090196	0	
0	0.090196	0	0	0	0	0	0	0	0	0	0	0	0	0	0	0	0	0.090196	0	
0	0.090196	0	0	0	0	0	0	0	0	0	0	0	0	0	0	0	0	0.090196	0	
0	0.090196	0	0	0	0	0	0	0	0	0	0	0	0	0	0	0	0	0.090196	0	
0	0.090196	0	0	0	0	0	0	0	0	0	0	0	0	0	0	0	0	0.090196	0	
0.066667	0.18039	0.094118	0.094118	0.094118	0.094118	0.094118	0.094118	0.094118	0.094118	0.094118	0.094118	0.094118	0.094118	0.094118	0.094118	0.094118	0.094118	0.15294	0	
0	0.090196	0	0	0	0	0	0	0	0	0	0	0	0	0	0	0	0	0.090196	0	
0	0.090196	0	0	0	0	0	0	0	0	0	0	0	0	0	0	0	0	0.090196	0	
0	0.090196	0	0	0	0	0	0	0	0	0	0	0	0	0	0	0	0	0.090196	0	
0	0.090196	0	0	0	0	0	0	0	0	0	0	0	0	0	0	0	0	0.090196	0	
0	0.090196	0	0	0	0	0	0	0	0	0	0	0	0	0	0	0	0	0.090196	0	
0	0.090196	0	0	0	0	0	0	0	0	0	0	0	0	0	0	0	0	0.090196	0	
0	0.090196	0	0	0	0	0	0	0	0	0	0	0	0	0	0	0	0	0.090196	0	
0	0.090196	0	0	0	0	0	0	0	0	0	0	0	0	0	0	0	0	0.011765	0	
0	0.10588	0.094118	0.094118	0.094118	0.094118	0.094118	0.094118	0.094118	0.094118	0.094118	0.094118	0.094118	0.094118	0.094118	0.094118	0.094118	0.094118	0.031373	0	

1
1
20		20
2
471	288
288	106
471	304
1
467	304
99
471	288
471	287
471	286
471	285
471	284
471	282
471	279
471	275
471	269
471	262
471	253
471	243
471	232
471	220
471	207
471	195
471	181
471	169
470	158
469	147
469	137
468	128
468	121
468	115
468	110
468	108
468	106
468	107
467	108
465	108
459	109
452	111
441	112
429	114
415	116
399	116
383	117
366	117
349	117
335	117
322	117
312	116
303	114
297	112
292	111
289	111
288	111
288	112
288	113
288	116
288	122
288	129
288	140
288	153
288	167
288	181
288	196
288	210
288	224
289	238
290	251
290	261
290	268
290	274
290	278
290	281
290	284
290	286
291	287
291	288
291	289
291	291
291	293
290	296
289	299
289	301
288	302
288	303
288	304
289	304
290	304
293	304
298	304
306	304
317	304
330	304
345	304
363	304
382	304
400	304
416	304
430	304
441	304
449	304
456	304
461	304
464	304
466	304
467	304

	471	213
275	212
471	213
1
275	212
23
471	213
471	212
470	212
467	212
462	212
454	212
445	212
434	212
422	212
409	212
396	212
383	212
370	212
357	212
345	212
333	212
321	212
310	212
300	212
290	212
282	212
275	212
275	212





0
3
20	20
0	0	0	0	0	0	0	0	0	0	0	0	0	0	0	0	0	0	0	0	
0	0	0	0	0	0	0	0.27843	0.058824	0	0	0	0	0.27059	0.32941	0.32941	0.32941	0.32941	0.21176	0	
0	0	0	0	0	0	0	0.13333	0.43137	0.41569	0.41569	0.46667	0.49804	0.49804	0.49804	0.49804	0.49804	0.19608	0.05098	0	
0	0.26275	0.41569	0.41569	0.41569	0.41569	0.41569	0.41569	0.41569	0.41569	0.41569	0.36078	0.32941	0.058824	0	0	0	0	0	0	
0	0	0	0	0	0	0	0	0	0	0	0	0	0	0	0	0	0	0	0	
0	0	0	0	0	0	0	0	0	0	0	0	0	0	0	0	0	0	0	0	
0	0	0	0	0	0	0	0	0	0	0	0	0	0	0	0	0	0	0	0	
0	0	0	0	0	0	0	0	0	0	0	0	0	0	0	0	0	0	0	0	
0	0	0	0	0	0	0	0	0	0	0	0	0	0	0	0	0	0	0	0	
0	0	0	0	0	0	0	0	0	0	0	0	0	0	0	0	0	0	0	0	
0	0	0	0	0	0	0	0	0	0	0	0	0	0	0	0	0	0	0	0	
0	0	0	0	0	0	0	0	0	0	0	0	0	0	0	0	0	0	0	0	
0	0	0	0	0	0	0	0	0	0	0	0	0	0	0	0	0	0	0	0	
0	0	0	0	0	0	0	0	0	0	0	0	0	0	0	0	0	0	0	0	
0	0	0	0	0	0	0	0	0	0	0	0	0	0	0	0	0	0	0	0	
0	0	0	0	0	0	0	0	0	0	0	0	0	0	0	0	0	0	0	0	
0	0	0	0	0	0	0	0	0	0	0	0	0	0	0	0	0	0	0	0	
0	0	0	0	0	0	0	0	0	0	0	0	0	0	0	0	0	0	0	0	
0	0	0	0	0	0	0	0	0	0	0	0	0	0	0	0	0	0	0	0	
0	0	0	0	0	0	0	0	0	0	0	0	0	0	0	0	0	0	0	0	

1
1
20		20
1
433	203
420	203
457	208
1
420	208
28
433	203
434	204
434	205
435	205
436	205
438	205
439	205
442	205
445	205
448	204
451	204
453	204
455	204
456	204
457	204
456	204
454	205
452	206
449	206
445	207
441	208
437	208
433	208
429	208
426	208
423	208
421	208
420	208





0
3
20	20
0.098039	0.098039	0.098039	0.098039	0.098039	0.098039	0.098039	0.098039	0.098039	0.098039	0.098039	0.098039	0.098039	0.098039	0.098039	0.098039	0.098039	0.098039	0.12549	0	
0.098039	0	0	0	0	0	0	0	0	0	0	0	0	0	0	0	0	0	0.098039	0	
0.098039	0	0	0	0	0	0	0	0	0	0	0	0	0	0	0	0	0	0.098039	0	
0.031373	0.066667	0	0	0	0	0	0	0	0	0	0	0	0	0	0	0	0	0.098039	0	
0	0.098039	0	0	0	0	0	0	0	0	0	0	0	0	0	0	0	0	0.098039	0	
0	0.098039	0	0	0	0	0	0	0	0	0	0	0	0	0	0	0	0	0.098039	0	
0	0.098039	0	0	0	0	0	0	0	0	0	0	0	0	0	0	0	0	0.098039	0	
0	0.17647	0.098039	0.098039	0.098039	0.098039	0.098039	0.098039	0.098039	0.098039	0.098039	0.098039	0.098039	0.098039	0.098039	0.098039	0.098039	0.098039	0.18824	0.066667	
0	0.098039	0	0	0	0	0	0	0	0	0	0	0	0	0	0	0	0	0.098039	0	
0	0.098039	0	0	0	0	0	0	0	0	0	0	0	0	0	0	0	0	0.098039	0	
0	0.098039	0	0	0	0	0	0	0	0	0	0	0	0	0	0	0	0	0.098039	0	
0	0.098039	0	0	0	0	0	0	0	0	0	0	0	0	0	0	0	0	0.098039	0	
0	0.098039	0	0	0	0	0	0	0	0	0	0	0	0	0	0	0	0	0.098039	0	
0.066667	0.15686	0.098039	0.098039	0.098039	0.098039	0.098039	0.098039	0.098039	0.098039	0.098039	0.098039	0.098039	0.098039	0.098039	0.098039	0.098039	0.098039	0.11765	0	
0	0	0	0	0	0	0	0	0	0	0	0	0	0	0	0	0	0	0	0	
0	0	0	0	0	0	0	0	0	0	0	0	0	0	0	0	0	0	0	0	
0	0	0	0	0	0	0	0	0	0	0	0	0	0	0	0	0	0	0	0	
0	0	0	0	0	0	0	0	0	0	0	0	0	0	0	0	0	0	0	0	
0	0	0	0	0	0	0	0	0	0	0	0	0	0	0	0	0	0	0	0	
0	0	0	0	0	0	0	0	0	0	0	0	0	0	0	0	0	0	0	0	

1
1
20		20
2
292	249
284	120
469	255
1
284	249
83
292	249
292	251
292	253
292	254
292	255
292	254
292	252
292	249
292	245
292	239
292	232
292	226
292	218
292	210
292	201
292	192
292	183
292	175
292	166
291	159
291	151
290	144
289	138
288	133
287	128
287	125
286	123
286	121
287	120
292	120
300	120
312	120
325	120
341	120
358	120
376	120
396	120
415	120
432	120
445	120
456	120
462	120
466	120
467	122
467	124
467	129
467	135
467	144
467	153
467	164
468	175
468	186
469	196
469	206
469	215
469	222
469	228
469	233
469	237
469	240
469	243
469	246
469	248
469	249
469	250
469	251
468	252
466	252
461	253
454	253
443	254
428	254
412	254
394	254
376	254
357	254
339	254
323	254
309	254
299	253
292	251
287	250
284	249

	292	190
292	189
476	192
1
476	189
36
292	190
293	190
295	191
297	191
300	192
305	192
312	192
321	192
332	192
344	192
358	192
371	192
385	192
397	192
408	192
417	192
426	192
432	192
437	192
441	192
443	192
444	192
446	192
447	192
448	192
450	191
452	191
454	191
458	190
462	190
466	189
469	189
472	189
474	189
475	189
476	189





