7
3
30	30
0	0	0	0	0	0	0.07451	0.13725	0.13725	0.13725	0.13725	0.13725	0.13725	0.13725	0.13725	0.13725	0.13725	0.13725	0.13725	0.13725	0.031373	0	0	0	0	0	0	0	0	0	
0	0	0	0.019608	0.13725	0.13725	0.062745	0	0	0	0	0	0	0	0	0	0	0	0	0	0.10588	0.13725	0.11373	0	0	0	0	0	0	0	
0	0	0.12157	0.11765	0	0	0	0	0	0	0	0	0	0	0	0	0	0	0	0	0	0	0.023529	0.13725	0.062745	0	0	0	0	0	
0	0.12549	0.015686	0	0	0	0	0	0	0	0	0	0	0	0	0	0	0	0	0	0	0	0	0	0.07451	0.078431	0	0	0	0	
0.023529	0.11373	0	0	0	0	0	0	0	0	0	0	0	0	0	0	0	0	0	0	0	0	0	0	0	0.078431	0.062745	0	0	0	
0.13725	0.0039216	0	0	0	0	0	0	0	0	0	0	0	0	0	0	0	0	0	0	0	0	0	0	0	0	0.11373	0.023529	0	0	
0.14118	0	0	0	0	0	0	0	0	0	0	0	0	0	0	0	0	0	0	0	0	0	0	0	0	0	0	0.14118	0	0	
0.14118	0	0	0	0	0	0	0	0	0	0	0	0	0	0	0	0	0	0	0	0	0	0	0	0	0	0	0.027451	0.1098	0	
0.14118	0	0	0	0	0	0	0	0	0	0	0	0	0	0	0	0	0	0	0	0	0	0	0	0	0	0	0	0.14118	0	
0.14118	0	0	0	0	0	0	0	0	0	0	0	0	0	0	0	0	0	0	0	0	0	0	0	0	0	0	0	0.031373	0.1098	
0.14118	0	0	0	0	0	0	0	0	0	0	0	0	0	0	0	0	0	0	0	0	0	0	0	0	0	0	0	0	0.14118	
0.14118	0	0	0	0	0	0	0	0	0	0	0	0	0	0	0	0	0	0	0	0	0	0	0	0	0	0	0	0	0.14118	
0.035294	0.10588	0	0	0	0	0	0	0	0	0	0	0	0	0	0	0	0	0	0	0	0	0	0	0	0	0	0	0	0.14118	
0	0.14118	0	0	0	0	0	0	0	0	0	0	0	0	0	0	0	0	0	0	0	0	0	0	0	0	0	0	0	0.14118	
0	0.14118	0	0	0	0	0	0	0	0	0	0	0	0	0	0	0	0	0	0	0	0	0	0	0	0	0	0	0	0.14118	
0	0.13333	0.0078431	0	0	0	0	0	0	0	0	0	0	0	0	0	0	0	0	0	0	0	0	0	0	0	0	0	0.0078431	0.13333	
0	0.0078431	0.13333	0	0	0	0	0	0	0	0	0	0	0	0	0	0	0	0	0	0	0	0	0	0	0	0	0	0.14118	0	
0	0	0.14118	0	0	0	0	0	0	0	0	0	0	0	0	0	0	0	0	0	0	0	0	0	0	0	0	0.0039216	0.13725	0	
0	0	0.12549	0.015686	0	0	0	0	0	0	0	0	0	0	0	0	0	0	0	0	0	0	0	0	0	0	0	0.13725	0.023529	0	
0	0	0	0.12157	0.078431	0	0	0	0	0	0	0	0	0	0	0	0	0	0	0	0	0	0	0	0.019608	0.12941	0.13725	0.019608	0	0	
0	0	0	0	0.058824	0.13725	0.082353	0	0	0	0	0	0	0	0	0	0	0	0	0	0	0.07451	0.11373	0.13725	0.11765	0.0078431	0	0	0	0	
0	0	0	0	0	0	0.054902	0.13725	0.13725	0.0078431	0	0	0.019608	0.13725	0.13725	0.13725	0.13725	0.13725	0.13725	0.13725	0.13725	0.062745	0.023529	0	0	0	0	0	0	0	
0	0	0	0	0	0	0	0	0	0.12941	0.13725	0.13725	0.11765	0	0	0	0	0	0	0	0	0	0	0	0	0	0	0	0	0	
0	0	0	0	0	0	0	0	0	0	0	0	0	0	0	0	0	0	0	0	0	0	0	0	0	0	0	0	0	0	
0	0	0	0	0	0	0	0	0	0	0	0	0	0	0	0	0	0	0	0	0	0	0	0	0	0	0	0	0	0	
0	0	0	0	0	0	0	0	0	0	0	0	0	0	0	0	0	0	0	0	0	0	0	0	0	0	0	0	0	0	
0	0	0	0	0	0	0	0	0	0	0	0	0	0	0	0	0	0	0	0	0	0	0	0	0	0	0	0	0	0	
0	0	0	0	0	0	0	0	0	0	0	0	0	0	0	0	0	0	0	0	0	0	0	0	0	0	0	0	0	0	
0	0	0	0	0	0	0	0	0	0	0	0	0	0	0	0	0	0	0	0	0	0	0	0	0	0	0	0	0	0	
0	0	0	0	0	0	0	0	0	0	0	0	0	0	0	0	0	0	0	0	0	0	0	0	0	0	0	0	0	0	

1
1
30		30
1
325	340
241	186
442	342
1
326	339
146
325	340
323	342
322	342
320	342
319	342
316	342
313	342
310	342
305	341
301	339
294	336
287	333
279	330
273	327
267	323
262	320
258	316
257	311
255	307
253	301
252	297
250	289
250	285
249	279
246	272
244	267
243	263
241	257
241	253
241	249
241	244
241	240
241	235
241	231
242	225
244	221
245	216
246	213
248	210
250	206
252	204
256	202
260	199
264	197
268	195
275	192
280	191
286	188
292	188
298	186
304	186
310	186
316	186
322	186
328	186
336	186
342	186
348	186
355	186
362	186
370	187
378	190
385	192
392	195
398	198
401	200
406	203
410	206
415	211
418	215
421	219
425	224
428	228
431	232
433	235
434	237
436	241
437	245
439	248
439	251
440	254
440	257
441	262
442	266
442	269
442	273
442	278
442	281
442	284
442	287
442	290
441	292
439	295
438	298
436	302
435	305
433	308
432	311
431	313
429	315
428	316
425	318
422	319
419	321
416	322
412	324
409	325
407	327
406	328
404	328
402	330
400	330
398	330
397	331
394	331
392	331
388	331
386	331
384	333
382	333
380	333
379	333
376	333
374	333
371	333
367	333
364	333
361	333
358	333
355	334
353	334
352	334
349	335
347	336
346	336
343	336
340	336
338	336
337	336
335	336
334	336
332	336
330	337
329	337
327	338
326	339



7
3
30	30
0	0	0	0	0	0	0	0	0	0.098039	0.18039	0.18039	0.18039	0.18039	0.11765	0	0	0	0	0	0	0	0	0	0	0	0	0	0	0	
0	0	0	0	0	0	0	0	0.094118	0.082353	0	0	0	0	0.058824	0.18039	0.15686	0	0	0	0	0	0	0	0	0	0	0	0	0	
0	0	0	0	0	0	0	0.090196	0.086275	0	0	0	0	0	0	0	0.10196	0.3098	0.14902	0.0039216	0	0	0	0	0	0	0	0	0	0	
0	0	0	0	0	0	0.090196	0.086275	0	0	0	0	0	0	0	0	0	0.11765	0.090196	0.17647	0.054902	0	0	0	0	0	0	0	0	0	
0	0	0	0	0	0.05098	0.12157	0	0	0	0	0	0	0	0	0	0	0	0.15686	0.015686	0.12157	0.15294	0	0	0	0	0	0	0	0	
0	0	0	0	0	0.17647	0	0	0	0	0	0	0	0	0	0	0	0	0.011765	0.16471	0	0.027451	0.14902	0	0	0	0	0	0	0	
0	0	0	0	0.16471	0.011765	0	0	0	0	0	0	0	0	0	0	0	0	0	0.14118	0.035294	0	0.031373	0.1451	0	0	0	0	0	0	
0	0	0	0.070588	0.10588	0	0	0	0	0	0	0	0	0	0	0	0	0	0	0	0.17647	0	0	0.098039	0.078431	0	0	0	0	0	
0	0	0.0039216	0.17255	0	0	0	0	0	0	0	0	0	0	0	0	0	0	0	0	0.094118	0.082353	0	0	0.17647	0	0	0	0	0	
0	0	0.15686	0.019608	0	0	0	0	0	0	0	0	0	0	0	0	0	0	0	0	0	0.17647	0	0	0.1098	0.066667	0	0	0	0	
0	0.0039216	0.17255	0	0	0	0	0	0	0	0	0	0	0	0	0	0	0	0	0	0	0.082353	0.094118	0	0	0.17647	0	0	0	0	
0	0.15294	0.023529	0	0	0	0	0	0	0	0	0	0	0	0	0	0	0	0	0	0	0	0.15294	0.023529	0	0.17647	0	0	0	0	
0	0.17647	0	0	0	0	0	0	0	0	0	0	0	0	0	0	0	0	0	0	0	0	0	0.17647	0	0.15686	0.015686	0	0	0	
0.12157	0.054902	0	0	0	0	0	0	0	0	0	0	0	0	0	0	0	0	0	0	0	0	0	0.07451	0.10196	0.027451	0.14902	0	0	0	
0.17647	0	0	0	0	0	0	0	0	0	0	0	0	0	0	0	0	0	0	0	0	0	0	0	0.17647	0	0.17647	0	0	0	
0.17647	0	0	0	0	0	0	0	0	0	0	0	0	0	0	0	0	0	0	0	0	0	0	0	0.086275	0.090196	0.17647	0	0	0	
0.17647	0	0	0	0	0	0	0	0	0	0	0	0	0	0	0	0	0	0	0	0	0	0	0	0	0.17647	0.17647	0	0	0	
0.17647	0	0	0	0	0	0	0	0	0	0	0	0	0	0	0	0	0	0	0	0	0	0	0	0.0078431	0.16471	0.17647	0	0	0	
0.17647	0	0	0	0	0	0	0	0	0	0	0	0	0	0	0	0	0	0	0	0	0	0	0	0.14118	0.0078431	0.17647	0	0	0	
0.17647	0	0	0	0	0	0	0	0	0	0	0	0	0	0	0	0	0	0	0	0	0	0	0	0	0	0.17647	0	0	0	
0.17647	0	0	0	0	0	0	0	0	0	0	0	0	0	0	0	0	0	0	0	0	0	0	0	0	0	0.17647	0	0	0	
0.10588	0.070588	0	0	0	0	0	0	0	0	0	0	0	0	0	0	0	0	0	0	0	0	0	0	0	0	0.17647	0	0	0	
0	0.15686	0.019608	0	0	0	0	0	0	0	0	0	0	0	0	0	0	0	0	0	0	0	0	0	0	0.11765	0.058824	0	0	0	
0	0	0.16078	0.12157	0	0	0	0	0	0	0	0	0	0	0	0	0	0	0	0	0	0	0	0	0.035294	0.14118	0	0	0	0	
0	0	0	0.058824	0.18039	0.082353	0	0	0	0	0	0	0	0	0	0	0	0	0	0	0	0	0	0.062745	0.1451	0	0	0	0	0	
0	0	0	0	0	0.098039	0.18039	0.011765	0	0	0	0	0	0	0	0	0	0	0	0	0	0	0.062745	0.11373	0	0	0	0	0	0	
0	0	0	0	0	0	0	0.16863	0.13333	0	0	0	0	0	0	0	0	0	0	0	0	0.1098	0.11765	0	0	0	0	0	0	0	
0	0	0	0	0	0	0	0	0.043137	0.18039	0.1451	0	0	0	0	0	0	0	0	0	0.15294	0.066667	0	0	0	0	0	0	0	0	
0	0	0	0	0	0	0	0	0	0	0.031373	0.18039	0.18039	0.12549	0	0	0	0	0.13333	0.18039	0.023529	0	0	0	0	0	0	0	0	0	
0	0	0	0	0	0	0	0	0	0	0	0	0	0.054902	0.18039	0.18039	0.18039	0.18039	0.047059	0	0	0	0	0	0	0	0	0	0	0	

1
1
30		30
1
430	603
297	506
440	663
1
386	513
165
430	603
432	603
433	600
434	597
434	595
434	591
433	588
431	582
429	579
426	574
423	570
420	565
415	559
414	556
411	550
408	546
405	540
402	534
399	529
394	523
391	518
387	515
383	512
379	510
376	509
374	507
371	507
369	506
367	506
365	506
364	506
362	506
361	506
359	506
358	506
356	506
353	506
350	506
346	508
343	511
341	513
337	517
334	520
330	525
327	528
323	534
319	539
316	544
312	549
309	555
306	561
304	565
301	569
300	573
299	577
298	579
297	582
297	585
297	589
297	594
297	600
297	606
297	612
297	615
299	620
300	622
303	625
305	628
309	631
314	634
319	637
325	640
330	643
337	647
343	651
349	654
356	657
361	658
366	660
371	662
374	663
378	663
381	663
382	663
385	663
387	663
388	663
390	663
391	663
394	662
397	660
401	659
405	656
409	653
413	650
416	648
419	645
421	643
423	641
425	639
426	638
428	636
430	635
433	632
436	629
437	627
439	623
440	620
440	618
440	616
440	613
440	612
440	610
440	609
440	607
440	606
440	603
440	600
440	597
440	594
440	591
440	589
440	586
440	585
440	583
440	582
440	580
440	579
440	577
439	576
438	573
437	570
436	567
435	565
435	562
434	560
433	558
433	556
432	553
432	552
430	550
430	549
429	546
427	544
426	543
425	540
424	539
422	537
420	535
418	533
417	532
415	530
412	528
409	527
408	526
406	524
404	522
401	521
398	519
396	518
393	516
391	515
388	514
387	513
386	513



7
3
30	30
0	0	0	0	0	0	0	0	0	0.015686	0.12941	0.12941	0.12941	0.12941	0.12941	0.12941	0.12941	0.12941	0.12941	0.12941	0.023529	0	0	0	0	0	0	0	0	0	
0	0	0	0	0	0	0	0	0.062745	0.11373	0	0	0	0	0	0	0	0	0	0	0.10588	0.12941	0.039216	0	0	0	0	0	0	0	
0	0	0	0	0	0	0.015686	0.12941	0.066667	0	0	0	0	0	0	0	0	0	0	0	0	0	0.090196	0.11373	0	0	0	0	0	0	
0	0	0	0	0	0.047059	0.11373	0	0	0	0	0	0	0	0	0	0	0	0	0	0	0	0	0.011765	0.12941	0.0039216	0	0	0	0	
0	0	0	0	0.035294	0.10196	0	0	0	0	0	0	0	0	0	0	0	0	0	0	0	0	0	0	0	0.12157	0.027451	0	0	0	
0	0	0	0.019608	0.11373	0	0	0	0	0	0	0	0	0	0	0	0	0	0	0	0	0	0	0	0	0	0.10196	0.05098	0	0	
0	0	0	0.13725	0	0	0	0	0	0	0	0	0	0	0	0	0	0	0	0	0	0	0	0	0	0	0	0.086275	0.047059	0	
0	0	0.10588	0.027451	0	0	0	0	0	0	0	0	0	0	0	0	0	0	0	0	0	0	0	0	0	0	0	0	0.13725	0	
0	0.015686	0.11765	0	0	0	0	0	0	0	0	0	0	0	0	0	0	0	0	0	0	0	0	0	0	0	0	0	0.13725	0	
0	0.12549	0.0078431	0	0	0	0	0	0	0	0	0	0	0	0	0	0	0	0	0	0	0	0	0	0	0	0	0	0.13725	0	
0	0.13725	0	0	0	0	0	0	0	0	0	0	0	0	0	0	0	0	0	0	0	0	0	0	0	0	0	0	0.11373	0.019608	
0.10196	0.031373	0	0	0	0	0	0	0	0	0	0	0	0	0	0	0	0	0	0	0	0	0	0	0	0	0	0	0	0.13725	
0.13725	0	0	0	0	0	0	0	0	0	0	0	0	0	0	0	0	0	0	0	0	0	0	0	0	0	0	0	0	0.13725	
0.13725	0	0	0	0	0	0	0	0	0	0	0	0	0	0	0	0	0	0	0	0	0	0	0	0	0	0	0	0	0.13725	
0.13725	0	0	0	0	0	0	0	0	0	0	0	0	0	0	0	0	0	0	0	0	0	0	0	0	0	0	0	0	0.13725	
0.13725	0	0	0	0	0	0	0	0	0	0	0	0	0	0	0	0	0	0	0	0	0	0	0	0	0	0	0	0	0.13725	
0.13725	0	0	0	0	0	0	0	0	0	0	0	0	0	0	0	0	0	0	0	0	0	0	0	0	0	0	0	0	0.13725	
0.12941	0.0039216	0	0	0	0	0	0	0	0	0	0	0	0	0	0	0	0	0	0	0	0	0	0	0	0	0	0	0.031373	0.10588	
0.0078431	0.12941	0	0	0	0	0.015686	0	0	0	0	0	0	0	0	0	0	0	0	0	0	0	0	0	0	0	0	0	0.12157	0.011765	
0	0.13333	0	0	0	0	0.090196	0.082353	0	0	0	0	0	0	0	0	0	0	0	0	0	0	0	0	0	0	0	0.011765	0.12549	0	
0	0.0039216	0.12941	0.12549	0.015686	0	0	0.047059	0.12941	0.0078431	0	0	0	0	0	0	0	0	0	0	0	0	0	0	0	0	0	0.12941	0.0039216	0	
0	0	0	0.0039216	0.11373	0.12941	0.12941	0.12941	0.13333	0.2549	0.18039	0	0	0	0	0	0	0	0	0	0	0	0	0	0	0.0039216	0.12941	0.015686	0	0	
0	0	0	0	0	0	0	0	0	0	0.047059	0.25882	0.12941	0.12941	0.12549	0.12549	0.12549	0.12941	0.12941	0.12941	0.12941	0.058824	0	0	0.027451	0.12157	0	0	0	0	
0	0	0	0	0	0	0	0	0	0	0	0.0039216	0.12941	0.12941	0.13725	0.13725	0.13725	0.13333	0.12941	0.12941	0.086275	0.011765	0	0.05098	0.10196	0	0	0	0	0	
0	0	0	0	0	0	0	0	0	0	0	0	0	0	0	0	0	0	0	0	0.043137	0.11765	0.12941	0.078431	0	0	0	0	0	0	
0	0	0	0	0	0	0	0	0	0	0	0	0	0	0	0	0	0	0	0	0	0	0	0	0	0	0	0	0	0	
0	0	0	0	0	0	0	0	0	0	0	0	0	0	0	0	0	0	0	0	0	0	0	0	0	0	0	0	0	0	
0	0	0	0	0	0	0	0	0	0	0	0	0	0	0	0	0	0	0	0	0	0	0	0	0	0	0	0	0	0	
0	0	0	0	0	0	0	0	0	0	0	0	0	0	0	0	0	0	0	0	0	0	0	0	0	0	0	0	0	0	
0	0	0	0	0	0	0	0	0	0	0	0	0	0	0	0	0	0	0	0	0	0	0	0	0	0	0	0	0	0	

1
1
30		30
1
743	732
591	569
802	750
1
633	708
135
743	732
740	732
736	732
731	732
725	736
721	736
715	738
709	738
704	738
698	738
691	738
683	735
674	734
664	731
653	729
643	728
632	726
622	725
614	723
608	720
604	718
600	714
598	708
594	699
592	692
591	686
591	679
591	673
591	669
591	663
591	660
592	655
595	650
598	644
599	639
602	634
605	627
610	619
617	609
625	600
632	592
640	587
649	581
655	576
660	573
665	570
669	570
672	569
676	569
683	569
691	569
699	569
709	569
720	569
729	571
740	576
748	580
754	583
762	589
769	595
775	601
782	606
786	610
789	613
791	615
793	619
793	620
794	623
794	627
796	632
797	638
797	644
799	648
800	654
800	658
800	663
800	666
802	671
802	675
802	678
802	683
802	686
802	689
801	693
799	698
798	703
796	707
795	711
792	714
790	718
787	721
784	724
782	726
778	730
772	734
767	739
762	743
758	747
754	748
752	750
751	750
748	750
745	749
742	747
736	746
732	744
727	743
721	743
716	743
712	743
707	743
703	743
697	743
694	743
690	743
686	743
682	743
678	742
676	740
672	737
669	734
666	731
662	728
660	727
656	725
654	724
653	723
651	722
648	720
645	718
641	714
638	713
636	711
634	709
633	708



7
3
30	30
0	0	0	0	0	0	0	0	0.0078431	0.11765	0.18431	0.18431	0.18431	0.18431	0.18431	0.18431	0.18431	0.18431	0.18431	0.05098	0	0	0	0	0	0	0	0	0	0	
0	0	0	0	0	0	0.015686	0.16471	0.17255	0.066667	0	0	0	0	0	0	0	0	0	0.13333	0.18431	0.14118	0	0	0	0	0	0	0	0	
0	0	0	0	0	0.047059	0.16471	0.019608	0	0	0	0	0	0	0	0	0	0	0	0	0	0.043137	0.18431	0.058824	0	0	0	0	0	0	
0	0	0	0	0.13725	0.13725	0	0	0	0	0	0	0	0	0	0	0	0	0	0	0	0	0	0.12549	0.086275	0	0	0	0	0	
0	0	0	0.13333	0.043137	0	0	0	0	0	0	0	0	0	0	0	0	0	0	0	0	0	0	0	0.1098	0.066667	0	0	0	0	
0	0	0.12549	0.05098	0	0	0	0	0	0	0	0	0	0	0	0	0	0	0	0	0	0	0	0	0	0.16863	0.0078431	0	0	0	
0	0	0.17647	0	0	0	0	0	0	0	0	0	0	0	0	0	0	0	0	0	0	0	0	0	0	0	0.18039	0	0	0	
0	0.16471	0.011765	0	0	0	0	0	0	0	0	0	0	0	0	0	0	0	0	0	0	0	0	0	0	0	0.043137	0.13333	0	0	
0	0.18039	0	0	0	0	0	0	0	0	0	0	0	0	0	0	0	0	0	0	0	0	0	0	0	0	0	0.18039	0	0	
0.062745	0.11373	0	0	0	0	0	0	0	0	0	0	0	0	0	0	0	0	0	0	0	0	0	0	0.14118	0.011765	0	0.18039	0	0	
0.094118	0.082353	0	0	0	0	0	0	0	0	0	0	0	0	0	0	0	0	0	0	0	0	0	0	0.0039216	0.17255	0	0.18039	0	0	
0.18039	0	0	0	0	0	0	0	0	0	0	0	0	0	0	0	0	0	0	0	0	0	0	0	0	0.16863	0.0078431	0.18039	0	0	
0.18039	0	0	0	0	0	0	0	0	0	0	0	0	0	0	0	0	0	0	0	0	0	0	0	0	0.015686	0.16078	0.086275	0	0	
0.18039	0	0	0	0	0	0	0	0	0	0	0	0	0	0	0	0	0	0	0	0	0	0	0	0	0	0.18039	0	0	0	
0.18039	0	0	0	0	0	0	0	0	0	0	0	0	0	0	0	0	0	0	0	0	0	0	0	0	0	0.18039	0	0	0	
0.18039	0	0	0	0	0	0	0	0	0	0	0	0	0	0	0	0	0	0	0	0	0	0	0	0	0	0.18039	0	0	0	
0.039216	0.13725	0	0	0	0	0	0	0	0	0	0	0	0	0	0	0	0	0	0	0	0	0	0	0	0	0.18039	0	0	0	
0	0.18039	0	0	0	0	0	0	0	0	0	0	0	0	0	0	0	0	0	0	0	0	0	0	0	0	0.18039	0	0	0	
0	0.082353	0.094118	0	0	0	0	0	0	0	0	0	0	0	0	0	0	0	0	0	0	0	0	0	0	0	0.18039	0	0	0	
0	0	0.18039	0	0	0	0	0	0	0	0	0	0	0	0	0	0	0	0	0	0	0	0	0	0	0	0.18039	0	0	0	
0	0	0.062745	0.11373	0	0	0	0	0	0	0	0	0	0	0	0	0	0	0	0	0	0	0	0	0	0	0.18039	0	0	0	
0	0	0	0.14902	0.027451	0	0	0	0	0	0	0	0	0	0	0	0	0	0	0	0	0	0	0	0	0.13333	0.043137	0	0	0	
0	0	0	0.0039216	0.17255	0	0	0	0	0	0	0	0	0	0	0	0	0	0	0	0	0	0	0	0	0.18039	0	0	0	0	
0	0	0	0	0.039216	0.13725	0	0	0	0	0	0	0	0	0	0	0	0	0	0	0	0	0	0	0.086275	0.090196	0	0	0	0	
0	0	0	0	0	0.078431	0.18431	0.011765	0	0	0	0	0	0	0	0	0	0	0	0	0	0	0	0	0.18039	0	0	0	0	0	
0	0	0	0	0	0	0	0.16863	0.14118	0	0	0	0	0	0	0	0	0	0	0	0	0	0	0.13725	0.039216	0	0	0	0	0	
0	0	0	0	0	0	0	0	0.043137	0.18039	0.015686	0	0	0	0	0	0	0	0	0	0	0	0.082353	0.12549	0	0	0	0	0	0	
0	0	0	0	0	0	0	0	0	0	0.16471	0.18431	0.10196	0	0	0	0	0	0	0	0	0.1098	0.1098	0	0	0	0	0	0	0	
0	0	0	0	0	0	0	0	0	0	0	0	0.078431	0.18431	0.1451	0.019608	0	0	0	0.043137	0.18431	0.07451	0	0	0	0	0	0	0	0	
0	0	0	0	0	0	0	0	0	0	0	0	0	0	0.035294	0.16471	0.18431	0.18431	0.18431	0.13725	0	0	0	0	0	0	0	0	0	0	

1
1
30		30
1
674	194
526	131
674	285
1
657	177
131
674	194
673	191
673	188
673	185
673	181
673	178
673	175
673	171
673	168
670	163
666	159
663	155
660	151
656	147
652	144
647	141
642	138
636	135
631	134
626	132
622	132
616	131
611	131
605	131
599	131
595	131
589	131
584	131
580	132
575	133
571	134
568	136
563	138
558	140
554	144
548	147
544	151
541	154
537	159
535	164
532	169
531	173
529	177
528	182
528	186
526	191
526	197
526	201
526	207
527	213
532	220
533	225
536	231
539	236
541	240
544	244
547	248
551	253
555	258
560	260
565	265
573	268
579	273
585	276
592	278
595	280
600	282
603	283
604	283
606	283
608	285
609	285
610	285
613	285
616	285
619	285
624	285
628	285
631	284
635	281
637	281
641	278
643	277
645	275
647	273
650	271
651	269
653	267
655	265
656	262
658	259
659	256
661	254
662	252
663	249
664	248
665	246
665	243
667	241
667	238
668	237
668	234
668	231
669	227
670	225
670	222
670	219
670	216
671	213
671	211
671	208
671	207
671	206
671	205
670	202
670	201
669	199
667	196
667	193
666	190
666	189
665	186
664	185
664	184
663	183
662	182
661	181
660	180
659	179
658	178
657	177



7
3
30	30
0	0	0	0	0	0	0	0	0	0	0	0	0	0	0.031373	0.12941	0.13333	0.13333	0.13333	0.098039	0	0	0	0	0	0	0	0	0	0	
0	0	0	0	0	0	0	0	0	0	0	0.011765	0.12941	0.13333	0.098039	0.0039216	0	0	0	0.035294	0.10196	0	0	0	0	0	0	0	0	0	
0	0	0	0	0	0	0	0	0	0.019608	0.13333	0.11765	0	0	0	0	0	0	0	0	0.031373	0.10588	0	0	0	0	0	0	0	0	
0	0	0	0	0	0	0	0	0.094118	0.11373	0	0	0	0	0	0	0	0	0	0	0	0.027451	0.1098	0	0	0	0	0	0	0	
0	0	0	0	0	0	0	0.13333	0.035294	0	0	0	0	0	0	0	0	0	0	0	0	0	0.058824	0.078431	0	0	0	0	0	0	
0	0	0	0	0	0.023529	0.12941	0	0	0	0	0	0	0	0	0	0	0	0	0	0	0	0	0.07451	0.062745	0	0	0	0	0	
0	0	0	0	0.011765	0.12549	0	0	0	0	0	0	0	0	0	0	0	0	0	0	0	0	0	0	0.086275	0.047059	0	0	0	0	
0	0	0	0	0.13725	0	0	0	0	0	0	0	0	0	0	0	0	0	0	0	0	0	0	0	0	0.10196	0.031373	0	0	0	
0	0	0	0.090196	0.043137	0	0	0	0	0	0	0	0	0	0	0	0	0	0	0	0	0	0	0	0	0	0.11765	0.019608	0	0	
0	0	0.047059	0.090196	0	0	0	0	0	0	0	0	0	0	0	0	0	0	0	0	0	0	0	0	0	0	0	0.13725	0	0	
0	0	0.13333	0	0	0	0	0	0	0	0	0	0	0	0	0	0	0	0	0	0	0	0	0	0	0	0	0.011765	0.12549	0	
0	0.11765	0.019608	0	0	0	0	0	0	0	0	0	0	0	0	0	0	0	0	0	0	0	0	0	0	0	0	0	0.13333	0.0039216	
0	0.13333	0	0	0	0	0	0	0	0	0	0	0	0	0	0	0	0	0	0	0	0	0	0	0	0	0	0	0.094118	0.039216	
0.1098	0.027451	0	0	0	0	0	0	0	0	0	0	0	0	0	0	0	0	0	0	0	0	0	0	0	0	0	0	0	0.13725	
0.13725	0	0	0	0	0	0	0	0	0	0	0	0	0	0	0	0	0	0	0	0	0	0	0	0	0	0	0	0	0.13725	
0.13725	0	0	0	0	0	0	0	0	0	0	0	0	0	0	0	0	0	0	0	0	0	0	0	0	0	0	0	0	0.13725	
0.13725	0	0	0	0	0	0	0	0	0	0	0	0	0	0	0	0	0	0	0	0	0	0	0	0	0	0	0	0	0.13725	
0.13725	0	0	0	0	0	0	0	0	0	0	0	0	0	0	0	0	0	0	0	0	0	0	0	0	0	0	0	0	0.13725	
0.11373	0.023529	0	0	0	0	0	0	0	0	0	0	0	0	0	0	0	0	0	0	0	0	0	0	0	0	0	0	0	0.13725	
0	0.12549	0.047059	0	0	0	0	0	0	0	0	0	0	0	0	0	0	0	0	0	0	0	0	0	0	0	0	0	0	0.15686	
0	0	0.082353	0.12549	0	0	0	0	0	0	0	0	0	0	0	0	0	0	0	0	0	0	0	0	0	0.027451	0.13333	0.13333	0.13333	0	
0	0	0	0.0039216	0.12941	0.13333	0.082353	0	0	0	0	0	0	0	0	0	0	0	0	0	0	0	0.039216	0.16471	0.13333	0.10588	0	0	0	0	
0	0	0	0	0	0	0.05098	0.13333	0.13333	0.12157	0.011765	0	0	0	0	0	0	0	0	0	0.090196	0.17255	0.22745	0.023529	0	0	0	0	0	0	
0	0	0	0	0	0	0	0	0	0.0078431	0.12157	0.13333	0.13333	0.10588	0	0	0	0	0.10588	0.23922	0.17647	0.094118	0	0	0	0	0	0	0	0	
0	0	0	0	0	0	0	0	0	0	0	0	0	0.027451	0.13333	0.13333	0.14902	0.25098	0.14118	0.027451	0	0	0	0	0	0	0	0	0	0	
0	0	0	0	0	0	0	0	0	0	0	0	0	0	0	0	0	0	0	0	0	0	0	0	0	0	0	0	0	0	
0	0	0	0	0	0	0	0	0	0	0	0	0	0	0	0	0	0	0	0	0	0	0	0	0	0	0	0	0	0	
0	0	0	0	0	0	0	0	0	0	0	0	0	0	0	0	0	0	0	0	0	0	0	0	0	0	0	0	0	0	
0	0	0	0	0	0	0	0	0	0	0	0	0	0	0	0	0	0	0	0	0	0	0	0	0	0	0	0	0	0	
0	0	0	0	0	0	0	0	0	0	0	0	0	0	0	0	0	0	0	0	0	0	0	0	0	0	0	0	0	0	

1
1
30		30
1
471	785
307	627
515	805
1
425	805
73
471	785
469	787
466	790
461	793
455	796
448	799
440	802
434	802
425	804
417	804
410	804
401	801
389	798
375	794
362	791
349	786
336	782
327	776
318	770
312	765
309	759
307	750
307	741
307	732
311	721
316	710
323	698
331	688
338	677
347	666
358	657
371	648
382	642
394	636
406	632
416	630
426	627
433	627
439	627
445	631
452	638
460	646
469	657
478	667
487	677
496	688
503	696
508	704
511	711
512	719
514	725
514	732
515	740
515	747
515	755
515	762
514	767
513	771
511	772
508	774
502	775
495	777
486	780
477	782
468	786
460	789
451	793
445	796
437	799
433	802
429	805
428	805
425	805



7
3
30	30
0	0	0	0	0	0	0	0	0	0	0	0	0	0	0	0	0	0	0	0	0	0	0	0	0	0	0	0	0	0	
0	0	0	0	0	0	0	0	0	0	0	0.027451	0.26667	0.38431	0.38431	0.38431	0.38431	0.38431	0.38431	0.38431	0.38431	0.30588	0.035294	0	0	0	0	0	0	0	
0	0	0	0	0	0	0	0	0	0.07451	0.3451	0.35294	0.11373	0	0	0	0	0	0	0	0	0.07451	0.33333	0.07451	0	0	0	0	0	0	
0	0	0	0	0	0	0	0	0.2	0.30588	0.035294	0	0	0	0	0	0	0	0	0	0	0	0.0078431	0.30588	0.11373	0	0	0	0	0	
0	0	0	0	0	0	0	0.19216	0.18039	0	0	0	0	0	0	0	0	0	0	0	0	0	0	0	0.26667	0.19216	0	0	0	0	
0	0	0	0	0	0	0.18039	0.19216	0	0	0	0	0	0	0	0	0	0	0	0	0	0	0	0	0	0.31373	0.054902	0	0	0	
0	0	0	0	0	0.17255	0.2	0	0	0	0	0	0	0	0	0	0	0	0	0	0	0	0	0	0	0.015686	0.35294	0	0	0	
0	0	0	0	0.16078	0.20784	0	0	0	0	0	0	0	0	0	0	0	0	0	0	0	0	0	0	0	0	0.25882	0.11373	0	0	
0	0	0	0.035294	0.33333	0	0	0	0	0	0	0	0	0	0	0	0	0	0	0	0	0	0	0	0	0	0	0.37255	0	0	
0	0	0	0.3451	0.027451	0	0	0	0	0	0	0	0	0	0	0	0	0	0	0	0	0	0	0	0	0	0	0.37255	0	0	
0	0	0.22745	0.14118	0	0	0	0	0	0	0	0	0	0	0	0	0	0	0	0	0	0	0	0	0	0	0	0.37255	0	0	
0	0.054902	0.31373	0	0	0	0	0	0	0	0	0	0	0	0	0	0	0	0	0	0	0	0	0	0	0	0	0.36471	0.0078431	0	
0	0.29804	0.07451	0	0	0	0	0	0	0	0	0	0	0	0	0	0	0	0	0	0	0	0	0	0	0	0	0.17255	0.2	0	
0	0.37255	0	0	0	0	0	0	0	0	0	0	0	0	0	0	0	0	0	0	0	0	0	0	0	0	0	0	0.37255	0	
0	0.37255	0	0	0	0	0	0	0	0	0	0	0	0	0	0	0	0	0	0	0	0	0	0	0	0	0	0	0.37255	0	
0	0.37255	0	0	0	0	0	0	0	0	0	0	0	0	0	0	0	0	0	0	0	0	0	0	0	0	0	0	0.37255	0	
0	0.37255	0	0	0	0	0	0	0	0	0	0	0	0	0	0	0	0	0	0	0	0	0	0	0	0	0	0	0.37255	0	
0	0.37255	0	0	0	0	0	0	0	0	0	0	0	0	0	0	0	0	0	0	0	0	0	0	0	0	0	0	0.37255	0	
0	0.37255	0	0	0	0	0	0	0	0	0	0	0	0	0	0	0	0	0	0	0	0	0	0	0	0	0	0	0.37255	0	
0	0.37255	0	0	0	0	0	0	0	0	0	0	0	0	0	0	0	0	0	0	0	0	0	0	0	0	0	0	0.37255	0	
0	0.37255	0	0	0	0	0	0	0	0	0	0	0	0	0	0	0	0	0	0	0	0	0	0	0	0	0	0	0.37255	0	
0	0.16078	0.20784	0	0	0	0	0	0	0	0	0	0	0	0	0	0	0	0	0	0	0	0	0	0	0	0	0.015686	0.35294	0	
0	0.12157	0.24706	0	0	0	0	0	0	0	0	0	0	0	0	0	0	0	0	0	0	0	0	0	0	0	0	0.28627	0.086275	0	
0	0.0078431	0.30588	0.054902	0	0	0	0	0	0	0	0	0	0	0	0	0	0	0	0	0	0	0	0	0	0	0.2	0.17255	0	0	
0	0	0	0.32549	0.047059	0	0	0	0	0	0	0	0	0	0	0	0	0	0	0	0	0	0	0	0	0.19216	0.47059	0	0	0	
0	0	0	0	0.33333	0.18039	0	0	0	0	0	0	0	0	0	0	0	0	0	0	0	0	0	0.086275	0.32549	0.19216	0	0	0	0	
0	0	0	0	0	0.2	0.38431	0.3451	0.047059	0	0	0	0	0	0	0	0	0	0	0	0	0.07451	0.3451	0.29804	0.054902	0	0	0	0	0	
0	0	0	0	0	0	0	0.035294	0.33333	0.33333	0.26667	0	0	0	0	0	0	0	0	0	0.25882	0.30588	0.035294	0	0	0	0	0	0	0	
0	0	0	0	0	0	0	0	0	0.047059	0.11373	0.38431	0.38431	0.38431	0.38431	0.38431	0.38431	0.38431	0.38431	0.38431	0.12157	0	0	0	0	0	0	0	0	0	
0	0	0	0	0	0	0	0	0	0	0	0	0	0	0	0	0	0	0	0	0	0	0	0	0	0	0	0	0	0	

1
1
30		30
1
280	478
241	407
314	478
1
278	478
79
280	478
278	478
275	478
272	478
267	477
263	476
257	473
253	472
251	470
249	469
247	467
245	465
243	462
243	459
241	456
241	451
241	448
241	445
241	442
242	438
243	435
245	432
247	429
250	425
251	423
254	420
257	417
260	414
262	413
265	411
268	410
272	408
274	408
277	408
280	407
283	407
286	407
288	407
291	407
295	408
299	411
302	414
305	416
306	418
308	420
310	424
310	426
311	429
311	431
312	435
313	437
314	440
314	441
314	443
314	446
314	447
314	450
314	452
314	455
313	458
313	460
312	462
310	464
309	467
308	468
305	469
302	471
300	472
296	474
293	475
291	477
289	478
287	478
286	478
284	478
283	478
281	478
280	478
278	478



7
3
30	30
0	0	0	0	0	0	0	0	0	0	0	0	0.14902	0.20392	0.20392	0.20392	0.20392	0.20392	0.20392	0.18431	0	0	0	0	0	0	0	0	0	0	
0	0	0	0	0	0	0	0	0	0.12549	0.26275	0.26275	0.11373	0.054902	0.054902	0.054902	0.054902	0.054902	0.054902	0.07451	0.26275	0.14902	0	0	0	0	0	0	0	0	
0	0	0	0	0	0	0	0	0.16471	0.13333	0	0	0	0	0	0	0	0	0	0	0	0.1098	0.26275	0.094118	0	0	0	0	0	0	
0	0	0	0	0	0	0	0.17647	0.094118	0	0	0	0	0	0	0	0	0	0	0	0	0	0	0.16471	0.21961	0	0	0	0	0	
0	0	0	0	0	0	0.1098	0.15686	0	0	0	0	0	0	0	0	0	0	0	0	0	0	0	0	0.039216	0.22745	0	0	0	0	
0	0	0	0	0	0.047059	0.22353	0	0	0	0	0	0	0	0	0	0	0	0	0	0	0	0	0	0	0.031373	0.23922	0	0	0	
0	0	0	0	0.0078431	0.25882	0	0	0	0	0	0	0	0	0	0	0	0	0	0	0	0	0	0	0	0	0.023529	0.24706	0	0	
0	0	0	0	0.24314	0.023529	0	0	0	0	0	0	0	0	0	0	0	0	0	0	0	0	0	0	0	0	0	0.26667	0.3098	0	
0	0	0	0.19216	0.078431	0	0	0	0	0	0	0	0	0	0	0	0	0	0	0	0	0	0	0	0	0	0	0.18039	0.36078	0	
0	0	0	0.27059	0	0	0	0	0	0	0	0	0	0	0	0	0	0	0	0	0	0	0	0	0	0	0	0.18039	0.18039	0.18039	
0	0	0.2549	0.015686	0	0	0	0	0	0	0	0	0	0	0	0	0	0	0	0	0	0	0	0	0	0	0	0.18039	0.094118	0.0078431	
0	0.14118	0.12549	0	0	0	0	0	0	0	0	0	0	0	0	0	0	0	0	0	0	0	0	0	0	0	0	0.18039	0.090196	0	
0	0.27059	0	0	0	0	0	0	0	0	0	0	0	0	0	0	0	0	0	0	0	0	0	0	0	0	0	0.2549	0.015686	0	
0.039216	0.22745	0	0	0	0	0	0	0	0	0	0	0	0	0	0	0	0	0	0	0	0	0	0	0	0	0	0.27059	0	0	
0.18039	0.090196	0	0	0	0	0	0	0	0	0	0	0	0	0	0	0	0	0	0	0	0	0	0	0	0	0	0.27059	0	0	
0.18039	0.090196	0	0	0	0	0	0	0	0	0	0	0	0	0	0	0	0	0	0	0	0	0	0	0	0	0	0.27059	0	0	
0.18039	0.090196	0	0	0	0	0	0	0	0	0	0	0	0	0	0	0	0	0	0	0	0	0	0	0	0	0	0.27059	0	0	
0.18039	0.090196	0	0	0	0	0	0	0	0	0	0	0	0	0	0	0	0	0	0	0	0	0	0	0	0	0	0.27059	0	0	
0.14118	0.12549	0	0	0	0	0	0	0	0	0	0	0	0	0	0	0	0	0	0	0	0	0	0	0	0	0	0.27059	0	0	
0	0.24314	0.023529	0	0	0	0	0	0	0	0	0	0	0	0	0	0	0	0	0	0	0	0	0	0	0	0	0.27059	0	0	
0	0.0078431	0.25882	0	0	0	0	0	0	0	0	0	0	0	0	0	0	0	0	0	0	0	0	0	0	0	0.23922	0.031373	0	0	
0	0	0.047059	0.21961	0	0	0	0	0	0	0	0	0	0	0	0	0	0	0	0	0	0	0	0	0	0	0.26667	0	0	0	
0	0	0	0.039216	0.22745	0	0	0	0	0	0	0	0	0	0	0	0	0	0	0	0	0	0	0	0	0.29412	0.039216	0	0	0	
0	0	0	0	0.031373	0.23922	0	0	0	0	0	0	0	0	0	0	0	0	0	0	0	0	0	0.14118	0.26275	0.039216	0	0	0	0	
0	0	0	0	0	0.023529	0.26275	0.16863	0.019608	0	0	0	0	0	0	0	0	0	0	0	0	0.05098	0.25098	0.11765	0	0	0	0	0	0	
0	0	0	0	0	0	0	0.090196	0.24314	0.26275	0.18824	0.054902	0.054902	0.054902	0.054902	0.054902	0.054902	0.054902	0.054902	0.054902	0.16863	0.20784	0.011765	0	0	0	0	0	0	0	
0	0	0	0	0	0	0	0	0	0	0.07451	0.20392	0.20392	0.20392	0.20392	0.20392	0.20392	0.20392	0.20392	0.20392	0.090196	0	0	0	0	0	0	0	0	0	
0	0	0	0	0	0	0	0	0	0	0	0	0	0	0	0	0	0	0	0	0	0	0	0	0	0	0	0	0	0	
0	0	0	0	0	0	0	0	0	0	0	0	0	0	0	0	0	0	0	0	0	0	0	0	0	0	0	0	0	0	
0	0	0	0	0	0	0	0	0	0	0	0	0	0	0	0	0	0	0	0	0	0	0	0	0	0	0	0	0	0	

1
1
30		30
1
449	111
346	77
449	172
1
444	101
115
449	111
449	109
449	108
448	105
447	102
445	101
443	98
441	96
438	93
434	89
430	86
425	83
419	80
416	78
413	77
410	77
407	77
406	77
404	77
401	77
398	77
395	77
391	77
387	78
383	79
380	79
378	81
376	82
373	85
372	86
369	90
367	92
364	97
360	102
357	105
354	111
351	115
349	119
348	123
346	127
346	129
346	132
346	134
346	137
346	138
346	143
347	145
350	149
353	153
356	156
359	159
361	161
363	163
366	166
367	166
370	168
373	169
377	171
379	171
382	172
385	172
387	172
390	172
393	172
396	172
399	172
403	172
408	172
411	172
412	172
415	172
417	172
419	171
420	170
423	168
424	167
426	165
427	165
430	164
432	162
434	161
436	160
437	159
439	156
440	154
440	152
442	149
442	147
442	145
443	144
443	142
443	141
443	139
443	138
443	135
443	133
443	132
443	129
443	127
443	126
443	123
444	120
445	119
445	118
445	117
445	115
445	114
445	112
445	111
445	109
445	106
445	105
445	103
445	102
444	101



7
3
30	30
0	0	0	0	0	0	0	0	0	0.043137	0.15686	0.16863	0.16863	0.16863	0.16863	0.16863	0.16863	0.16863	0.16471	0.062745	0	0	0	0	0	0	0	0	0	0	
0	0	0	0	0	0	0.054902	0.16863	0.16863	0.12549	0.011765	0	0	0	0	0	0	0	0	0.10588	0.16863	0.070588	0	0	0	0	0	0	0	0	
0	0	0	0	0.11765	0.16863	0.11373	0	0	0	0	0	0	0	0	0	0	0	0	0	0	0.098039	0.13725	0	0	0	0	0	0	0	
0	0	0.1098	0.16863	0.047059	0	0	0	0	0	0	0	0	0	0	0	0	0	0	0	0	0	0.027451	0.16863	0.15294	0.011765	0	0	0	0	
0	0.11373	0.054902	0	0	0	0	0	0	0	0	0	0	0	0	0	0	0	0	0	0	0	0	0	0.015686	0.15686	0.043137	0	0	0	
0.082353	0.090196	0	0	0	0	0	0	0	0	0	0	0	0	0	0	0	0	0	0	0	0	0	0	0	0	0.12549	0.043137	0	0	
0.17255	0	0	0	0	0	0	0	0	0	0	0	0	0	0	0	0	0	0	0	0	0	0	0	0	0	0	0.15294	0.015686	0	
0.17255	0	0	0	0	0	0	0	0	0	0	0	0	0	0	0	0	0	0	0	0	0	0	0	0	0	0	0.0078431	0.16078	0	
0.17255	0	0	0	0	0	0	0	0	0	0	0	0	0	0	0	0	0	0	0	0	0	0	0	0	0	0	0	0.17255	0	
0.17255	0	0	0	0	0	0	0	0	0	0	0	0	0	0	0	0	0	0	0	0	0	0	0	0	0	0	0	0.062745	0.10588	
0.17255	0	0	0	0	0	0	0	0	0	0	0	0	0	0	0	0	0	0	0	0	0	0	0	0	0	0	0	0.011765	0.15686	
0.17255	0	0	0	0	0	0	0	0	0	0	0	0	0	0	0	0	0	0	0	0	0	0	0	0	0	0	0	0	0.17255	
0.17255	0	0	0	0	0	0	0	0	0	0	0	0	0	0	0	0	0	0	0	0	0	0	0	0	0	0	0	0	0.17255	
0.15686	0.015686	0	0	0	0	0	0	0	0	0	0	0	0	0	0	0	0	0	0	0	0	0	0	0	0	0	0	0	0.17255	
0.011765	0.15686	0	0	0	0	0	0	0	0	0	0	0	0	0	0	0	0	0	0	0	0	0	0	0	0	0	0	0	0.17255	
0	0.12549	0.043137	0	0	0	0	0	0	0	0	0	0	0	0	0	0	0	0	0	0	0	0	0	0	0	0	0	0.035294	0.13333	
0	0	0.12157	0.078431	0	0	0	0	0	0	0	0	0	0	0	0	0	0	0	0	0	0	0	0	0	0	0	0	0.17255	0	
0	0	0	0.090196	0.1098	0	0	0	0	0	0	0	0	0	0	0	0	0	0	0	0	0	0	0	0	0	0	0.15294	0.015686	0	
0	0	0	0	0.054902	0.11373	0	0	0	0	0	0	0	0	0	0	0	0	0	0	0	0	0	0	0	0	0.039216	0.12941	0	0	
0	0	0	0	0	0.054902	0.14118	0.027451	0	0	0	0	0	0	0	0	0	0	0	0	0	0	0	0	0	0	0.17255	0	0	0	
0	0	0	0	0	0	0.027451	0.14118	0.15294	0.011765	0	0	0	0	0	0	0	0	0	0	0	0	0	0	0	0.12941	0.043137	0	0	0	
0	0	0	0	0	0	0	0	0.011765	0.15294	0.16863	0.16863	0.16863	0.16863	0.16863	0.043137	0	0	0	0	0	0	0	0	0.047059	0.12157	0	0	0	0	
0	0	0	0	0	0	0	0	0	0	0	0	0	0	0	0	0	0	0	0	0	0	0.0039216	0.16078	0.12157	0	0	0	0	0	
0	0	0	0	0	0	0	0	0	0	0	0	0	0	0	0	0	0	0	0	0	0.1451	0.16471	0.0078431	0	0	0	0	0	0	
0	0	0	0	0	0	0	0	0	0	0	0	0	0	0.12549	0.16863	0.16863	0.16863	0.16863	0.16863	0.16471	0.019608	0	0	0	0	0	0	0	0	
0	0	0	0	0	0	0	0	0	0	0	0	0	0	0	0	0	0	0	0	0	0	0	0	0	0	0	0	0	0	
0	0	0	0	0	0	0	0	0	0	0	0	0	0	0	0	0	0	0	0	0	0	0	0	0	0	0	0	0	0	
0	0	0	0	0	0	0	0	0	0	0	0	0	0	0	0	0	0	0	0	0	0	0	0	0	0	0	0	0	0	
0	0	0	0	0	0	0	0	0	0	0	0	0	0	0	0	0	0	0	0	0	0	0	0	0	0	0	0	0	0	
0	0	0	0	0	0	0	0	0	0	0	0	0	0	0	0	0	0	0	0	0	0	0	0	0	0	0	0	0	0	

1
1
30		30
1
186	399
102	275
268	415
1
181	413
95
186	399
185	399
181	399
178	399
171	399
166	399
158	399
152	396
147	394
141	390
137	389
134	386
131	383
126	378
123	376
119	372
114	368
111	365
108	361
105	355
103	349
102	342
102	334
102	327
102	319
102	313
103	307
105	303
109	299
110	297
113	294
115	293
120	291
124	289
130	287
136	284
144	281
154	278
165	276
176	275
184	275
192	275
199	275
206	276
213	279
221	283
227	286
232	291
239	293
244	296
248	299
253	304
256	307
259	311
262	315
263	320
266	326
266	330
268	335
268	339
268	344
268	347
268	351
268	355
268	359
267	363
264	367
261	371
258	376
255	381
251	387
249	390
245	396
243	399
240	402
239	403
237	405
233	406
229	409
225	411
223	412
218	414
216	415
214	415
211	415
208	415
205	415
199	415
196	415
191	415
188	415
185	415
184	415
182	414
181	413



7
3
30	30
0	0	0	0	0	0	0	0	0.039216	0.22353	0.22353	0.22353	0.22353	0.22353	0.15294	0.011765	0	0	0	0	0	0	0	0	0	0	0	0	0	0	
0	0	0	0	0	0	0	0.21176	0.18431	0	0	0	0	0	0.070588	0.21176	0.12941	0	0	0	0	0	0	0	0	0	0	0	0	0	
0	0	0	0	0	0.035294	0.22353	0.011765	0	0	0	0	0	0	0	0	0.094118	0.18039	0	0	0	0	0	0	0	0	0	0	0	0	
0	0	0	0	0.098039	0.18824	0	0	0	0	0	0	0	0	0	0	0	0.043137	0.17255	0	0	0	0	0	0	0	0	0	0	0	
0	0	0	0.1098	0.12549	0	0	0	0	0	0	0	0	0	0	0	0	0	0.098039	0.11373	0	0	0	0	0	0	0	0	0	0	
0	0	0.086275	0.12941	0	0	0	0	0	0	0	0	0	0	0	0	0	0	0	0.16078	0.054902	0	0	0	0	0	0	0	0	0	
0	0	0.21569	0	0	0	0	0	0	0	0	0	0	0	0	0	0	0	0	0.0039216	0.21176	0	0	0	0	0	0	0	0	0	
0	0.015686	0.2	0	0	0	0	0	0	0	0	0	0	0	0	0	0	0	0	0	0.13333	0.082353	0	0	0	0	0	0	0	0	
0	0.21569	0	0	0	0	0	0	0	0	0	0	0	0	0	0	0	0	0	0	0	0.21569	0	0	0	0	0	0	0	0	
0	0.21569	0	0	0	0	0	0	0	0	0	0	0	0	0	0	0	0	0	0	0	0.26667	0	0	0	0	0	0	0	0	
0.07451	0.14118	0	0	0	0	0	0	0	0	0	0	0	0	0	0	0	0	0	0	0	0.38431	0.05098	0	0	0	0	0	0	0	
0.21569	0	0	0	0	0	0	0	0	0	0	0	0	0	0	0	0	0	0	0	0	0.07451	0.16863	0	0	0	0	0	0	0	
0.21569	0	0	0	0	0	0	0	0	0	0	0	0	0	0	0	0	0	0	0	0	0	0.15294	0.062745	0	0	0	0	0	0	
0.21569	0	0	0	0	0	0	0	0	0	0	0	0	0	0	0	0	0	0	0	0	0	0	0.26667	0	0	0	0	0	0	
0.21569	0	0	0	0	0	0	0	0	0	0	0	0	0	0	0	0	0	0	0	0	0	0	0.16078	0.054902	0	0	0	0	0	
0.21569	0	0	0	0	0	0	0	0	0	0	0	0	0	0	0	0	0	0	0	0	0	0	0.043137	0.17255	0	0	0	0	0	
0.21569	0	0	0	0	0	0	0	0	0	0	0	0	0	0	0	0	0	0	0	0	0	0	0	0.21569	0	0	0	0	0	
0.21569	0	0	0	0	0	0	0	0	0	0	0	0	0	0	0	0	0	0	0	0	0	0	0	0.21569	0	0	0	0	0	
0.21569	0	0	0	0	0	0	0	0	0	0	0	0	0	0	0	0	0	0	0	0	0	0	0	0.21569	0	0	0	0	0	
0.21569	0	0	0	0	0	0	0	0	0	0	0	0	0	0	0	0	0	0	0	0	0	0	0	0.21569	0	0	0	0	0	
0.1098	0.10588	0	0	0	0	0	0	0	0	0	0	0	0	0	0	0	0	0	0	0	0	0	0	0.21569	0	0	0	0	0	
0	0.21569	0	0	0	0	0	0	0	0	0	0	0	0	0	0	0	0	0	0	0	0	0	0	0.21569	0	0	0	0	0	
0	0.21569	0	0	0	0	0	0	0	0	0	0	0	0	0	0	0	0	0	0	0	0	0	0.12941	0.086275	0	0	0	0	0	
0	0.098039	0.11373	0	0	0	0	0	0	0	0	0	0	0	0	0	0	0	0	0	0	0	0.12157	0.094118	0	0	0	0	0	0	
0	0	0.15294	0.062745	0	0	0	0	0	0	0	0	0	0	0	0	0	0	0	0	0	0.062745	0.15294	0	0	0	0	0	0	0	
0	0	0	0.16078	0.054902	0	0	0	0	0	0	0	0	0	0	0	0	0	0	0	0.10588	0.16078	0	0	0	0	0	0	0	0	
0	0	0	0	0.16863	0.047059	0	0	0	0	0	0	0	0	0	0	0	0	0	0.19608	0.11765	0	0	0	0	0	0	0	0	0	
0	0	0	0	0	0.17647	0.22353	0.011765	0	0	0	0	0	0	0	0	0.0039216	0.12549	0.22353	0.027451	0	0	0	0	0	0	0	0	0	0	
0	0	0	0	0	0	0	0.21176	0.22353	0.10588	0	0	0	0	0.039216	0.19216	0.21961	0.098039	0	0	0	0	0	0	0	0	0	0	0	0	
0	0	0	0	0	0	0	0	0	0.11765	0.22353	0.22353	0.22353	0.22353	0.18431	0.031373	0	0	0	0	0	0	0	0	0	0	0	0	0	0	

1
1
30		30
1
761	140
663	95
770	220
1
756	135
117
761	140
760	139
759	138
759	135
759	132
757	128
756	126
754	122
752	119
750	115
747	112
743	107
740	104
736	101
731	98
726	96
722	95
718	95
715	95
712	95
710	95
707	95
703	95
698	97
691	101
686	105
681	109
676	113
674	115
672	120
670	122
670	125
669	126
667	131
666	135
664	139
663	143
663	150
663	155
663	162
663	167
663	171
663	177
664	180
665	184
665	188
668	192
669	195
671	198
674	201
678	205
682	209
686	213
690	214
695	217
697	217
702	219
704	220
706	220
708	220
709	220
712	220
715	220
718	220
721	220
726	220
729	219
732	218
734	217
736	216
739	215
741	213
744	212
746	211
749	209
752	207
755	204
757	203
760	200
763	197
764	195
767	192
769	190
770	189
770	187
770	186
770	184
770	181
770	178
770	177
770	174
770	171
770	169
770	168
770	165
770	163
770	162
770	160
769	158
769	157
769	156
768	154
767	150
766	150
765	149
765	148
764	147
763	146
762	145
761	144
760	143
760	142
760	141
759	139
758	137
757	136
756	135



7
3
30	30
0	0	0	0	0	0	0	0	0	0	0.090196	0.18824	0.18824	0.18824	0.18824	0.18824	0.18824	0.18824	0.18824	0.18824	0.18824	0.14118	0	0	0	0	0	0	0	0	
0	0	0	0	0	0	0	0	0.12941	0.18824	0.094118	0	0	0	0	0	0	0	0	0	0	0.043137	0.16471	0	0	0	0	0	0	0	
0	0	0	0	0	0	0.098039	0.18824	0.054902	0	0	0	0	0	0	0	0	0	0	0	0	0	0.015686	0.16863	0	0	0	0	0	0	
0	0	0	0	0.027451	0.18824	0.086275	0	0	0	0	0	0	0	0	0	0	0	0	0	0	0	0	0.015686	0.17255	0	0	0	0	0	
0	0	0	0.054902	0.15686	0	0	0	0	0	0	0	0	0	0	0	0	0	0	0	0	0	0	0	0.05098	0.17255	0	0	0	0	
0	0	0.058824	0.12941	0	0	0	0	0	0	0	0	0	0	0	0	0	0	0	0	0	0	0	0	0	0.011765	0.18431	0.058824	0	0	
0	0.058824	0.12941	0	0	0	0	0	0	0	0	0	0	0	0	0	0	0	0	0	0	0	0	0	0	0	0	0.18824	0	0	
0	0.18824	0	0	0	0	0	0	0	0	0	0	0	0	0	0	0	0	0	0	0	0	0	0	0	0	0	0.062745	0.12549	0	
0.11765	0.070588	0	0	0	0	0	0	0	0	0	0	0	0	0	0	0	0	0	0	0	0	0	0	0	0	0	0	0.18824	0	
0.18824	0	0	0	0	0	0	0	0	0	0	0	0	0	0	0	0	0	0	0	0	0	0	0	0	0	0	0	0.18824	0	
0.18824	0	0	0	0	0	0	0	0	0	0	0	0	0	0	0	0	0	0	0	0	0	0	0	0	0	0	0	0.17647	0.011765	
0.18824	0	0	0	0	0	0	0	0	0	0	0	0	0	0	0	0	0	0	0	0	0	0	0	0	0	0	0	0.13725	0.047059	
0.18824	0	0	0	0	0	0	0	0	0	0	0	0	0	0	0	0	0	0	0	0	0	0	0	0	0	0	0	0.0078431	0.18039	
0.18824	0	0	0	0	0	0	0	0	0	0	0	0	0	0	0	0	0	0	0	0	0	0	0	0	0	0	0	0	0.18824	
0.18824	0	0	0	0	0	0	0	0	0	0	0	0	0	0	0	0	0	0	0	0	0	0	0	0	0	0	0	0	0.18824	
0.18824	0	0	0	0	0	0	0	0	0	0	0	0	0	0	0	0	0	0	0	0	0	0	0	0	0	0	0	0.082353	0.10196	
0.15686	0.031373	0	0	0	0	0	0	0	0	0	0	0	0	0	0	0	0	0	0	0	0	0	0	0	0	0	0.019608	0.16863	0	
0.015686	0.17255	0	0	0	0	0	0	0	0	0	0	0	0	0	0	0	0	0	0	0	0	0	0	0	0	0	0.17255	0.011765	0	
0	0.18824	0	0	0	0	0	0	0	0	0	0	0	0	0	0	0	0	0	0	0	0	0	0	0	0	0.078431	0.10588	0	0	
0	0.14902	0.035294	0	0	0	0	0	0	0	0	0	0	0	0	0	0	0	0	0	0	0	0	0	0	0.07451	0.14902	0	0	0	
0	0	0.16471	0.023529	0	0	0	0	0	0	0	0	0	0	0	0	0	0	0	0	0	0	0	0.0039216	0.15686	0.11373	0	0	0	0	
0	0	0	0.16078	0.023529	0	0	0	0	0	0	0	0	0	0	0	0	0	0	0	0	0	0.10196	0.18039	0.027451	0	0	0	0	0	
0	0	0	0	0.16078	0.16471	0	0	0	0	0	0	0	0	0	0	0	0	0	0	0.098039	0.18824	0.082353	0	0	0	0	0	0	0	
0	0	0	0	0	0.019608	0.18431	0.16078	0.011765	0	0	0	0	0.035294	0.070588	0.070588	0.070588	0.086275	0.07451	0.18824	0.086275	0	0	0	0	0	0	0	0	0	
0	0	0	0	0	0	0	0.023529	0.17647	0.18824	0.18824	0.18824	0.18824	0.2	0.30196	0.30196	0.30196	0.28627	0.11373	0	0	0	0	0	0	0	0	0	0	0	
0	0	0	0	0	0	0	0	0	0	0	0	0	0.082353	0	0	0	0	0	0	0	0	0	0	0	0	0	0	0	0	
0	0	0	0	0	0	0	0	0	0	0	0	0	0	0	0	0	0	0	0	0	0	0	0	0	0	0	0	0	0	
0	0	0	0	0	0	0	0	0	0	0	0	0	0	0	0	0	0	0	0	0	0	0	0	0	0	0	0	0	0	
0	0	0	0	0	0	0	0	0	0	0	0	0	0	0	0	0	0	0	0	0	0	0	0	0	0	0	0	0	0	
0	0	0	0	0	0	0	0	0	0	0	0	0	0	0	0	0	0	0	0	0	0	0	0	0	0	0	0	0	0	

1
1
30		30
1
235	623
144	500
295	631
1
212	631
119
235	623
234	624
230	624
224	624
220	624
211	625
203	625
196	625
190	625
184	625
179	623
176	621
172	619
170	617
167	615
166	614
163	614
161	612
158	609
156	607
153	604
151	601
149	596
147	589
145	582
144	574
144	567
144	561
144	556
144	552
144	549
144	546
145	543
146	541
147	539
148	537
149	534
152	531
155	528
161	522
166	518
174	513
181	509
188	506
194	503
198	501
202	500
203	500
205	500
207	500
208	500
213	500
217	500
225	500
234	500
241	500
247	500
252	501
257	503
260	506
264	510
267	513
271	517
273	520
277	523
279	525
280	526
284	528
285	529
286	530
287	533
289	537
290	540
292	545
292	549
293	554
293	558
295	563
295	566
295	569
295	572
295	573
295	575
294	578
293	580
291	583
288	587
286	590
283	595
280	599
278	601
274	604
271	607
268	608
266	609
265	610
263	610
262	611
259	613
258	614
256	616
252	618
248	619
244	622
240	624
238	624
235	625
233	625
232	625
229	625
227	625
226	625
224	625
223	625
220	625
218	625
215	627
213	630
212	631



7
3
30	30
0	0	0	0	0	0	0	0	0	0	0.11765	0.16863	0.16863	0.16863	0.16863	0.16863	0.11373	0	0	0	0	0	0	0	0	0	0	0	0	0	
0	0	0	0	0	0	0	0	0.027451	0.16471	0.047059	0	0	0	0	0	0.05098	0.16863	0.16863	0.078431	0	0	0	0	0	0	0	0	0	0	
0	0	0	0	0	0	0	0.07451	0.13725	0	0	0	0	0	0	0	0	0	0	0.086275	0.16078	0.023529	0	0	0	0	0	0	0	0	
0	0	0	0	0	0	0.078431	0.090196	0	0	0	0	0	0	0	0	0	0	0	0	0.0039216	0.1451	0.047059	0	0	0	0	0	0	0	
0	0	0	0	0	0	0.16078	0	0	0	0	0	0	0	0	0	0	0	0	0	0	0	0.15686	0.0039216	0	0	0	0	0	0	
0	0	0	0	0	0.15294	0.0078431	0	0	0	0	0	0	0	0	0	0	0	0	0	0	0	0.011765	0.15294	0	0	0	0	0	0	
0	0	0	0	0.043137	0.11765	0	0	0	0	0	0	0	0	0	0	0	0	0	0	0	0	0	0.066667	0.098039	0	0	0	0	0	
0	0	0	0	0.16471	0	0	0	0	0	0	0	0	0	0	0	0	0	0	0	0	0	0	0	0.16471	0	0	0	0	0	
0	0	0	0.1451	0.015686	0	0	0	0	0	0	0	0	0	0	0	0	0	0	0	0	0	0	0	0.019608	0.14118	0	0	0	0	
0	0	0.086275	0.07451	0	0	0	0	0	0	0	0	0	0	0	0	0	0	0	0	0	0	0	0	0	0.16471	0	0	0	0	
0	0.027451	0.13333	0	0	0	0	0	0	0	0	0	0	0	0	0	0	0	0	0	0	0	0	0	0	0.16078	0	0	0	0	
0	0.16471	0	0	0	0	0	0	0	0	0	0	0	0	0	0	0	0	0	0	0	0	0	0	0	0	0.16078	0	0	0	
0.07451	0.086275	0	0	0	0	0	0	0	0	0	0	0	0	0	0	0	0	0	0	0	0	0	0	0	0	0.16471	0	0	0	
0.16471	0	0	0	0	0	0	0	0	0	0	0	0	0	0	0	0	0	0	0	0	0	0	0	0	0	0.16471	0	0	0	
0.16471	0	0	0	0	0	0	0	0	0	0	0	0	0	0	0	0	0	0	0	0	0	0	0	0	0	0.16471	0	0	0	
0.16471	0	0	0	0	0	0	0	0	0	0	0	0	0	0	0	0	0	0	0	0	0	0	0	0	0	0.16471	0	0	0	
0.16471	0	0	0	0	0	0	0	0	0	0	0	0	0	0	0	0	0	0	0	0	0	0	0	0	0	0.16471	0	0	0	
0.16471	0	0	0	0	0	0	0	0	0	0	0	0	0	0	0	0	0	0	0	0	0	0	0	0	0	0.16471	0	0	0	
0.16471	0	0	0	0	0	0	0	0	0	0	0	0	0	0	0	0	0	0	0	0	0	0	0	0	0.11373	0.05098	0	0	0	
0.16471	0	0	0	0	0	0	0	0	0	0	0	0	0	0	0	0	0	0	0	0	0	0	0	0	0.16471	0	0	0	0	
0.16471	0	0	0	0	0	0	0	0	0	0	0	0	0	0	0	0	0	0	0	0	0	0	0	0.05098	0.11373	0	0	0	0	
0.16471	0	0	0	0	0	0	0	0	0	0	0	0	0	0	0	0	0	0	0	0	0	0	0	0.16471	0	0	0	0	0	
0.16471	0	0	0	0	0	0	0	0	0	0	0	0	0	0	0	0	0	0	0	0	0	0	0.15686	0.0078431	0	0	0	0	0	
0.16471	0	0	0	0	0	0	0	0	0	0	0	0	0	0	0	0	0	0	0	0	0.082353	0.16863	0.039216	0	0	0	0	0	0	
0.12157	0.039216	0	0	0	0	0	0	0	0	0	0	0	0	0	0	0	0	0.0078431	0.13333	0.16863	0.082353	0	0	0	0	0	0	0	0	
0	0.16471	0	0	0	0	0	0	0	0	0	0	0	0	0	0	0.0039216	0.1451	0.15686	0.031373	0	0	0	0	0	0	0	0	0	0	
0	0.043137	0.11765	0	0	0	0	0	0	0	0	0	0	0	0.031373	0.16863	0.16471	0.16471	0	0	0	0	0	0	0	0	0	0	0	0	
0	0	0.078431	0.086275	0	0	0	0	0	0	0	0.066667	0.16863	0.16863	0.13333	0.07451	0.16078	0.0039216	0	0	0	0	0	0	0	0	0	0	0	0	
0	0	0	0.082353	0.16863	0.023529	0	0	0	0	0	0	0.015686	0.078431	0.16863	0.090196	0	0	0	0	0	0	0	0	0	0	0	0	0	0	
0	0	0	0	0	0.14118	0.16863	0.16863	0.16863	0.16863	0.16863	0.16471	0.14902	0.086275	0	0	0	0	0	0	0	0	0	0	0	0	0	0	0	0	

1
1
30		30
1
719	834
652	677
808	847
1
756	828
134
719	834
720	834
725	834
731	834
736	834
742	831
750	828
756	825
762	822
769	820
774	818
779	815
782	813
784	813
785	812
787	811
789	809
792	806
794	803
797	799
800	795
802	790
803	786
806	781
806	777
808	774
808	769
808	765
808	762
808	757
808	753
808	748
808	743
805	737
804	730
800	722
796	716
793	710
789	705
786	701
784	698
783	697
781	695
779	693
775	691
771	687
767	686
761	683
755	681
750	680
744	678
738	677
733	677
728	677
723	677
719	677
713	678
709	681
703	685
699	688
697	690
693	692
691	694
689	696
688	697
687	698
686	702
684	704
682	707
679	713
676	718
670	725
666	731
661	737
657	743
655	747
654	750
652	753
652	755
652	756
652	759
652	762
652	767
652	771
652	776
652	783
652	791
652	798
652	804
652	809
652	812
652	815
653	817
653	818
655	820
656	822
658	824
660	828
662	830
667	836
670	839
671	840
673	842
674	843
675	843
678	844
679	844
681	846
684	846
687	846
690	847
694	847
697	847
700	847
702	847
705	847
708	847
711	846
715	846
720	846
724	845
727	845
729	845
730	845
732	843
735	843
739	842
741	840
744	837
749	835
751	833
754	830
755	829
756	828



7
3
30	30
0	0	0	0	0	0	0.090196	0.15686	0.15686	0.15686	0.05098	0	0	0	0	0	0	0	0	0	0	0	0	0	0	0	0	0	0	0	
0	0	0	0	0	0.066667	0.086275	0	0	0	0.10588	0.1451	0.0078431	0	0	0	0	0	0	0	0	0	0	0	0	0	0	0	0	0	
0	0	0	0	0.011765	0.14118	0	0	0	0	0	0.011765	0.1451	0.054902	0	0	0	0	0	0	0	0	0	0	0	0	0	0	0	0	
0	0	0	0	0.15294	0	0	0	0	0	0	0	0	0.10196	0.10196	0	0	0	0	0	0	0	0	0	0	0	0	0	0	0	
0	0	0	0.090196	0.062745	0	0	0	0	0	0	0	0	0	0.05098	0.15686	0.027451	0	0	0	0	0	0	0	0	0	0	0	0	0	
0	0	0.090196	0.062745	0	0	0	0	0	0	0	0	0	0	0	0	0.12941	0.066667	0	0	0	0	0	0	0	0	0	0	0	0	
0	0.031373	0.12157	0	0	0	0	0	0	0	0	0	0	0	0	0	0	0.090196	0.062745	0	0	0	0	0	0	0	0	0	0	0	
0	0.15294	0	0	0	0	0	0	0	0	0	0	0	0	0	0	0.019608	0.10588	0.13333	0.019608	0	0	0	0	0	0	0	0	0	0	
0	0.15294	0	0	0	0	0	0	0	0	0	0	0	0	0	0	0	0.047059	0.15686	0.17647	0	0	0	0	0	0	0	0	0	0	
0.12941	0.023529	0	0	0	0	0	0	0	0	0	0	0	0	0	0	0	0	0	0.20392	0.094118	0	0	0	0	0	0	0	0	0	
0.15686	0	0	0	0	0	0	0	0	0	0	0	0	0	0	0	0	0	0	0	0.2902	0.015686	0	0	0	0	0	0	0	0	
0.15686	0	0	0	0	0	0	0	0	0	0	0	0	0	0	0	0	0	0	0	0.15686	0.15686	0	0	0	0	0	0	0	0	
0.15686	0	0	0	0	0	0	0	0	0	0	0	0	0	0	0	0	0	0	0	0.15686	0.10588	0.047059	0	0	0	0	0	0	0	
0.15686	0	0	0	0	0	0	0	0	0	0	0	0	0	0	0	0	0	0	0	0.15686	0.0078431	0.1451	0	0	0	0	0	0	0	
0.15686	0	0	0	0	0	0	0	0	0	0	0	0	0	0	0	0	0	0	0	0.0039216	0	0.15686	0	0	0	0	0	0	0	
0.15686	0	0	0	0	0	0	0	0	0	0	0	0	0	0	0	0	0	0	0	0	0	0.15686	0	0	0	0	0	0	0	
0.15686	0	0	0	0	0	0	0	0	0	0	0	0	0	0	0	0	0	0	0	0	0	0.15686	0	0	0	0	0	0	0	
0.15686	0	0	0	0	0	0	0	0	0	0	0	0	0	0	0	0	0	0	0	0	0	0.15686	0	0	0	0	0	0	0	
0.15686	0	0	0	0	0	0	0	0	0	0	0	0	0	0	0	0	0	0	0	0	0	0.15686	0	0	0	0	0	0	0	
0.15686	0	0	0	0	0	0	0	0	0	0	0	0	0	0	0	0	0	0	0	0	0	0.15686	0	0	0	0	0	0	0	
0.15686	0	0	0	0	0	0	0	0	0	0	0	0	0	0	0	0	0	0	0	0	0	0.15686	0	0	0	0	0	0	0	
0.15686	0	0	0	0	0	0	0	0	0	0	0	0	0	0	0	0	0	0	0	0	0.043137	0.1098	0	0	0	0	0	0	0	
0.15686	0	0	0	0	0	0	0	0	0	0	0	0	0	0	0	0	0	0	0	0	0.13725	0.015686	0	0	0	0	0	0	0	
0.13333	0.019608	0	0	0	0	0	0	0	0	0	0	0	0	0	0	0	0	0	0	0	0.15686	0	0	0	0	0	0	0	0	
0.0039216	0.14902	0	0	0	0	0	0	0	0	0	0	0	0	0	0	0	0	0	0	0.12157	0.054902	0	0	0	0	0	0	0	0	
0	0.023529	0.15686	0.043137	0	0	0	0	0	0	0	0	0	0	0	0	0	0	0	0.094118	0.058824	0	0	0	0	0	0	0	0	0	
0	0	0	0.1098	0.15686	0.1098	0	0	0	0	0	0	0	0	0	0	0	0	0.14118	0.058824	0	0	0	0	0	0	0	0	0	0	
0	0	0	0	0	0.047059	0.15686	0.023529	0	0	0	0	0	0	0	0	0	0.16471	0.011765	0	0	0	0	0	0	0	0	0	0	0	
0	0	0	0	0	0	0	0.13333	0.14902	0.05098	0	0	0	0	0.0039216	0.1451	0.15686	0.011765	0	0	0	0	0	0	0	0	0	0	0	0	
0	0	0	0	0	0	0	0	0.0039216	0.10588	0.15686	0.15686	0.15686	0.15686	0.15294	0.011765	0	0	0	0	0	0	0	0	0	0	0	0	0	0	

1
1
30		30
1
529	293
405	209
544	390
1
509	254
126
529	293
529	291
529	289
529	286
529	283
529	279
529	276
529	270
529	265
526	261
522	254
518	249
513	244
508	239
502	236
495	231
490	227
483	222
479	219
474	216
469	213
465	211
461	210
457	209
452	209
449	209
446	209
444	211
441	213
439	217
436	221
433	224
431	228
428	232
425	235
421	239
417	244
414	249
411	255
409	261
406	269
405	275
405	281
405	285
405	290
405	294
405	297
405	302
405	306
405	309
405	315
406	320
406	326
406	332
406	339
406	345
406	350
407	353
409	357
412	361
415	364
420	367
424	370
430	372
436	374
439	376
445	380
448	382
454	385
458	387
462	388
467	389
474	390
478	390
486	390
492	390
498	387
502	386
505	384
508	383
510	381
512	380
514	378
516	375
519	372
524	369
528	365
533	361
536	357
538	352
539	348
541	345
542	340
542	337
543	335
544	333
544	330
544	327
544	323
544	318
544	313
544	308
544	303
544	300
543	297
543	294
543	291
543	289
541	286
541	285
541	282
540	280
538	277
536	275
532	271
531	270
529	268
528	267
526	265
525	264
522	261
520	260
518	258
514	256
511	254
509	254



7
3
30	30
0	0	0	0	0	0	0	0	0	0	0	0	0.090196	0.1098	0.1098	0.1098	0.1098	0.1098	0.062745	0	0	0	0	0	0	0	0	0	0	0	
0	0	0	0	0	0	0	0	0	0	0.082353	0.1098	0.019608	0	0	0	0	0	0.043137	0.1098	0.0078431	0	0	0	0	0	0	0	0	0	
0	0	0	0	0	0	0	0	0.054902	0.1098	0.023529	0	0	0	0	0	0	0	0	0	0.10588	0	0	0	0	0	0	0	0	0	
0	0	0	0	0	0	0	0.05098	0.054902	0	0	0	0	0	0	0	0	0	0	0	0.027451	0.078431	0	0	0	0	0	0	0	0	
0	0	0	0	0	0	0.07451	0.054902	0	0	0	0	0	0	0	0	0	0	0	0	0	0.094118	0.011765	0	0	0	0	0	0	0	
0	0	0	0	0	0.070588	0.035294	0	0	0	0	0	0	0	0	0	0	0	0	0	0	0	0.10588	0	0	0	0	0	0	0	
0	0	0	0	0.078431	0.035294	0	0	0	0	0	0	0	0	0	0	0	0	0	0	0	0	0.086275	0.015686	0	0	0	0	0	0	
0	0	0	0.07451	0.031373	0	0	0	0	0	0	0	0	0	0	0	0	0	0	0	0	0	0	0.10588	0	0	0	0	0	0	
0	0	0	0.10588	0	0	0	0	0	0	0	0	0	0	0	0	0	0	0	0	0	0	0	0.10588	0	0	0	0	0	0	
0	0	0.082353	0.023529	0	0	0	0	0	0	0	0	0	0	0	0	0	0	0	0	0	0	0	0.011765	0.094118	0	0	0	0	0	
0	0	0.10588	0	0	0	0	0	0	0	0	0	0	0	0	0	0	0	0	0	0	0	0	0	0.10588	0	0	0	0	0	
0	0.05098	0.054902	0	0	0	0	0	0	0	0	0	0	0	0	0	0	0	0	0	0	0	0	0	0.10588	0	0	0	0	0	
0	0.10588	0	0	0	0	0	0	0	0	0	0	0	0	0	0	0	0	0	0	0	0	0	0	0.10588	0	0	0	0	0	
0	0.10196	0	0	0	0	0	0	0	0	0	0	0	0	0	0	0	0	0	0	0	0	0	0	0.10588	0	0	0	0	0	
0.10196	0.0039216	0	0	0	0	0	0	0	0	0	0	0	0	0	0	0	0	0	0	0	0	0	0	0.10588	0	0	0	0	0	
0.10588	0	0	0	0	0	0	0	0	0	0	0	0	0	0	0	0	0	0	0	0	0	0	0	0.10588	0	0	0	0	0	
0.10588	0	0	0	0	0	0	0	0	0	0	0	0	0	0	0	0	0	0	0	0	0	0	0	0.10588	0	0	0	0	0	
0.10588	0	0	0	0	0	0	0	0	0	0	0	0	0	0	0	0	0	0	0	0	0	0	0	0.10588	0	0	0	0	0	
0.10588	0	0	0	0	0	0	0	0	0	0	0	0	0	0	0	0	0	0	0	0	0	0	0.047059	0.058824	0	0	0	0	0	
0.10588	0	0	0	0	0	0	0	0	0	0	0	0	0	0	0	0	0	0	0	0	0	0	0.10588	0	0	0	0	0	0	
0.10588	0	0	0	0	0	0	0	0	0	0	0	0	0	0	0	0	0	0	0	0	0	0.039216	0.062745	0	0	0	0	0	0	
0.10588	0	0	0	0	0	0	0	0	0	0	0	0	0	0	0	0	0	0	0	0	0.0078431	0.098039	0	0	0	0	0	0	0	
0.10588	0	0	0	0	0	0	0	0	0	0	0	0	0	0	0	0	0	0	0	0.043137	0.098039	0	0	0	0	0	0	0	0	
0.10588	0	0	0	0	0	0	0	0	0	0	0	0	0	0	0	0	0	0	0.10588	0.066667	0	0	0	0	0	0	0	0	0	
0.10588	0	0	0	0	0	0	0	0	0	0	0	0	0	0	0	0	0.058824	0.10588	0	0	0	0	0	0	0	0	0	0	0	
0.10588	0	0	0	0	0	0	0	0	0	0	0	0	0	0	0.027451	0.16078	0.05098	0	0	0	0	0	0	0	0	0	0	0	0	
0.027451	0.078431	0	0	0	0	0	0	0	0	0	0	0	0	0.047059	0.082353	0.10588	0	0	0	0	0	0	0	0	0	0	0	0	0	
0	0.086275	0.031373	0	0	0	0	0	0	0	0	0	0	0	0	0.062745	0.066667	0	0	0	0	0	0	0	0	0	0	0	0	0	
0	0	0.078431	0.1098	0.098039	0	0	0	0	0	0	0	0	0.070588	0.1098	0.043137	0	0	0	0	0	0	0	0	0	0	0	0	0	0	
0	0	0	0	0.0078431	0.1098	0.1098	0.1098	0.1098	0.1098	0.1098	0.1098	0.1098	0.039216	0	0	0	0	0	0	0	0	0	0	0	0	0	0	0	0	

1
1
30		30
1
591	444
460	211
683	473
1
611	437
104
591	444
593	445
596	444
600	442
605	438
613	435
621	429
630	424
641	418
650	411
658	405
665	398
670	390
674	382
678	373
680	365
681	357
683	347
683	340
683	331
683	322
683	314
683	305
680	295
676	286
671	275
667	266
662	256
656	246
652	239
646	232
641	225
633	219
626	216
617	213
609	213
600	211
591	211
583	212
574	215
566	218
556	223
548	227
539	232
533	236
527	242
522	247
515	252
510	257
505	262
497	269
493	274
488	282
485	289
481	298
478	306
473	315
470	324
467	331
463	340
461	348
460	355
460	364
460	373
460	382
460	391
460	400
460	409
461	420
462	429
464	436
466	443
468	448
471	452
473	455
475	457
479	460
482	461
487	463
491	464
497	467
506	469
515	470
525	472
536	473
545	473
551	473
557	473
563	473
568	472
574	471
579	468
584	466
592	463
598	459
603	456
606	453
608	450
609	448
609	445
609	442
610	439
611	438
611	437



7
3
30	30
0	0	0	0	0	0	0	0	0	0	0	0	0	0	0	0	0	0	0.015686	0.12941	0.13725	0.13725	0.13725	0.13725	0.13725	0.13725	0.082353	0	0	0	
0	0	0	0	0	0	0	0	0	0	0	0	0	0	0.019608	0.12157	0.13725	0.13725	0.12157	0.0039216	0	0	0	0	0	0	0.05098	0.086275	0	0	
0	0	0	0	0	0	0	0	0	0	0	0.086275	0.13725	0.13725	0.11373	0.015686	0	0	0	0	0	0	0	0	0	0	0	0.12549	0.015686	0	
0	0	0	0	0	0	0	0.039216	0.13333	0.13725	0.13725	0.047059	0	0	0	0	0	0	0	0	0	0	0	0	0	0	0	0	0.14118	0	
0	0	0	0	0	0.066667	0.13725	0.094118	0	0	0	0	0	0	0	0	0	0	0	0	0	0	0	0	0	0	0	0	0.14118	0	
0	0	0	0.054902	0.13725	0.066667	0	0	0	0	0	0	0	0	0	0	0	0	0	0	0	0	0	0	0	0	0	0	0.14118	0	
0	0	0.090196	0.078431	0	0	0	0	0	0	0	0	0	0	0	0	0	0	0	0	0	0	0	0	0	0	0	0	0.027451	0.1098	
0	0.094118	0.043137	0	0	0	0	0	0	0	0	0	0	0	0	0	0	0	0	0	0	0	0	0	0	0	0	0	0	0.14118	
0.078431	0.058824	0	0	0	0	0	0	0	0	0	0	0	0	0	0	0	0	0	0	0	0	0	0	0	0	0	0	0	0.14118	
0.14118	0	0	0	0	0	0	0	0	0	0	0	0	0	0	0	0	0	0	0	0	0	0	0	0	0	0	0	0	0.14118	
0.14118	0	0	0	0	0	0	0	0	0	0	0	0	0	0	0	0	0	0	0	0	0	0	0	0	0	0	0	0	0.14118	
0.14118	0	0	0	0	0	0	0	0	0	0	0	0	0	0	0	0	0	0	0	0	0	0	0	0	0	0	0	0	0.14118	
0.14118	0	0	0	0	0	0	0	0	0	0	0	0	0	0	0	0	0	0	0	0	0	0	0	0	0	0	0	0	0.14118	
0.11765	0.019608	0	0	0	0	0	0	0	0	0	0	0	0	0	0	0	0	0	0	0	0	0	0	0	0	0	0	0.11765	0.019608	
0	0.13725	0	0	0	0	0	0	0	0	0	0	0	0	0	0	0	0	0	0	0	0	0	0	0	0	0	0.023529	0.11373	0	
0	0.05098	0.086275	0	0	0	0	0	0	0	0	0	0	0	0	0	0	0	0	0	0	0	0	0	0	0	0	0.14118	0	0	
0	0	0.066667	0.070588	0	0	0	0	0	0	0	0	0	0	0	0	0	0	0	0	0	0	0	0	0	0	0.090196	0.047059	0	0	
0	0	0	0.062745	0.094118	0	0	0	0	0	0	0	0	0	0	0	0	0	0	0	0	0	0	0	0	0.054902	0.082353	0	0	0	
0	0	0	0	0.039216	0.12157	0.0039216	0	0	0	0	0	0	0	0	0	0	0	0	0	0	0	0	0	0.078431	0.078431	0	0	0	0	
0	0	0	0	0	0.015686	0.13333	0.043137	0	0	0	0	0	0.098039	0.13725	0.027451	0	0.05098	0.13725	0.13725	0.13725	0.13725	0.13725	0.13725	0.054902	0	0	0	0	0	
0	0	0	0	0	0	0	0.090196	0.13725	0.13725	0.13725	0.13725	0.13725	0.043137	0.12549	0.13725	0.13725	0.082353	0	0	0	0	0	0	0	0	0	0	0	0	
0	0	0	0	0	0	0	0	0	0.062745	0.13725	0.13725	0.13725	0.12941	0.0078431	0	0	0	0	0	0	0	0	0	0	0	0	0	0	0	
0	0	0	0	0	0	0	0	0	0	0	0	0	0	0	0	0	0	0	0	0	0	0	0	0	0	0	0	0	0	
0	0	0	0	0	0	0	0	0	0	0	0	0	0	0	0	0	0	0	0	0	0	0	0	0	0	0	0	0	0	
0	0	0	0	0	0	0	0	0	0	0	0	0	0	0	0	0	0	0	0	0	0	0	0	0	0	0	0	0	0	
0	0	0	0	0	0	0	0	0	0	0	0	0	0	0	0	0	0	0	0	0	0	0	0	0	0	0	0	0	0	
0	0	0	0	0	0	0	0	0	0	0	0	0	0	0	0	0	0	0	0	0	0	0	0	0	0	0	0	0	0	
0	0	0	0	0	0	0	0	0	0	0	0	0	0	0	0	0	0	0	0	0	0	0	0	0	0	0	0	0	0	
0	0	0	0	0	0	0	0	0	0	0	0	0	0	0	0	0	0	0	0	0	0	0	0	0	0	0	0	0	0	
0	0	0	0	0	0	0	0	0	0	0	0	0	0	0	0	0	0	0	0	0	0	0	0	0	0	0	0	0	0	

1
1
30		30
1
562	565
459	425
663	577
1
523	575
84
562	565
559	565
553	565
547	567
541	567
535	568
528	568
522	568
516	568
510	568
502	563
495	557
488	551
480	544
474	538
468	531
464	525
461	516
461	510
459	504
459	496
459	490
462	484
468	476
474	470
484	463
496	457
512	450
529	446
546	440
562	436
578	432
593	428
606	426
619	425
629	425
638	426
644	430
649	435
652	441
655	448
657	455
658	461
660	467
661	473
663	479
663	485
663	489
663	495
663	504
663	510
659	518
654	526
650	534
645	541
639	548
634	553
629	558
624	562
619	564
615	565
610	565
606	565
602	565
597	565
592	565
585	565
577	567
570	569
564	571
556	573
548	576
544	577
538	577
535	577
534	577
532	577
531	577
529	577
528	577
526	577
525	576
524	575
523	575



7
3
30	30
0	0	0	0	0	0	0	0	0	0	0	0	0	0	0	0	0	0	0	0	0	0	0	0	0	0	0	0	0	0	
0	0	0	0	0	0	0	0	0	0	0	0	0	0	0	0	0	0	0	0	0	0	0	0	0	0	0	0	0	0	
0	0	0	0	0	0	0	0	0	0	0	0	0	0	0	0	0	0	0	0	0	0	0	0	0	0	0	0	0	0	
0	0	0	0	0	0.031373	0.37255	0.41176	0.41176	0.41176	0.41176	0.37647	0.035294	0	0	0	0	0	0	0	0	0	0	0	0	0	0	0	0	0	
0	0	0	0	0.058824	0.28235	0.70588	0.75294	0.75294	0.75294	0.75294	0.7098	0.28627	0.24314	0.24314	0.24314	0.18039	0	0	0	0	0	0	0	0	0	0	0	0	0	
0	0	0	0.031373	0.28235	0.83922	0.078431	0	0	0	0	0.07451	0.83529	0.91765	0.91765	0.91765	0.7098	0.070588	0.0039216	0	0	0	0	0	0	0	0	0	0	0	
0	0	0	0.37647	0.70588	0.07451	0.0039216	0	0	0	0	0.0039216	0.07451	0.082353	0.082353	0.082353	0.28627	0.83529	0.078431	0	0	0	0	0	0	0	0	0	0	0	
0	0	0	0.41176	0.75294	0	0	0	0	0	0	0	0	0	0	0	0.24314	0.91765	0.082353	0	0	0	0	0	0	0	0	0	0	0	
0	0	0	0.41176	0.75294	0	0	0	0	0	0	0	0	0	0	0	0.10196	0.42745	0.56471	0.1451	0	0	0	0	0	0	0	0	0	0	
0	0	0	0.41176	0.75294	0	0	0	0	0	0	0	0	0	0	0	0	0.047059	0.53333	0.4549	0.16863	0	0	0	0	0	0	0	0	0	
0	0	0	0.41176	0.75294	0	0	0	0	0	0	0	0	0	0	0	0	0	0	0.7451	0.41569	0	0	0	0	0	0	0	0	0	
0	0	0	0.41176	0.75294	0	0	0	0	0	0	0	0	0	0	0	0	0	0	0.7451	0.41569	0	0	0	0	0	0	0	0	0	
0	0	0	0.41176	0.75294	0	0	0	0	0	0	0	0	0	0	0	0	0	0	0.7451	0.41569	0	0	0	0	0	0	0	0	0	
0	0	0	0.41176	0.75294	0	0	0	0	0	0	0	0	0	0	0	0	0	0	0.7451	0.41569	0	0	0	0	0	0	0	0	0	
0	0	0	0.41176	0.75294	0	0	0	0	0	0	0	0	0	0	0	0	0	0	0.7451	0.41569	0	0	0	0	0	0	0	0	0	
0	0	0	0.41176	0.75294	0	0	0	0	0	0	0	0	0	0	0	0	0	0	0.7451	0.41569	0	0	0	0	0	0	0	0	0	
0	0	0	0.3098	0.62745	0.21961	0.019608	0	0	0	0	0	0	0	0	0	0	0	0	0.7451	0.41569	0	0	0	0	0	0	0	0	0	
0	0	0	0	0.22353	0.83922	0.078431	0	0	0	0	0	0	0	0	0	0	0	0	0.7451	0.41569	0	0	0	0	0	0	0	0	0	
0	0	0	0	0.019608	0.07451	0.0039216	0	0	0	0	0	0	0	0	0	0	0	0	0.7451	0.41569	0	0	0	0	0	0	0	0	0	
0	0	0	0	0	0	0	0	0	0	0	0	0	0	0	0	0	0	0	0.7451	0.41569	0	0	0	0	0	0	0	0	0	
0	0	0	0.23922	0.43529	0	0	0	0	0	0	0	0	0	0	0	0	0	0	0.7451	0.41569	0	0	0	0	0	0	0	0	0	
0	0	0	0.23922	0.54118	0.37647	0.035294	0	0	0	0	0	0	0	0	0	0	0	0	0.7451	0.41569	0	0	0	0	0	0	0	0	0	
0	0	0	0	0.18431	0.7098	0.28627	0.058824	0	0	0	0	0	0	0	0	0	0.019608	0.21961	0.61961	0.31373	0	0	0	0	0	0	0	0	0	
0	0	0	0	0	0.07451	0.83529	0.2902	0.031373	0	0	0.0039216	0.070588	0.078431	0.078431	0.078431	0.078431	0.15294	0.91765	0.25098	0	0	0	0	0	0	0	0	0	0	
0	0	0	0	0	0.0039216	0.07451	0.70196	0.38039	0	0	0.07451	0.83137	0.91373	0.91373	0.91373	0.91373	0.91765	0.99216	0.25098	0	0	0	0	0	0	0	0	0	0	
0	0	0	0	0	0	0	0.18431	0.53725	0.7451	0.7451	0.70196	0.2902	0.25098	0.25098	0.25098	0.25098	0.25098	0.25098	0.062745	0	0	0	0	0	0	0	0	0	0	
0	0	0	0	0	0	0	0	0.23922	0.41569	0.41569	0.38039	0.035294	0	0	0	0	0	0	0	0	0	0	0	0	0	0	0	0	0	
0	0	0	0	0	0	0	0	0	0	0	0	0	0	0	0	0	0	0	0	0	0	0	0	0	0	0	0	0	0	
0	0	0	0	0	0	0	0	0	0	0	0	0	0	0	0	0	0	0	0	0	0	0	0	0	0	0	0	0	0	
0	0	0	0	0	0	0	0	0	0	0	0	0	0	0	0	0	0	0	0	0	0	0	0	0	0	0	0	0	0	

1
1
30		30
1
372	568
371	557
384	575
1
371	571
33
372	568
371	567
371	565
371	563
371	562
371	561
371	559
372	558
373	557
375	557
377	557
378	558
380	558
381	558
382	559
383	561
384	562
384	563
384	564
384	567
384	569
384	570
384	572
383	574
382	574
381	574
379	574
377	575
375	575
374	574
373	573
372	572
371	571



7
3
30	30
0	0	0	0	0	0	0	0	0	0	0	0	0	0	0	0	0	0	0	0	0	0	0	0	0	0	0	0	0	0	
0	0	0	0	0	0	0	0	0	0	0	0	0	0	0	0	0	0	0	0	0	0	0	0	0	0	0	0	0	0	
0	0	0	0	0	0	0	0	0	0	0.29804	0.29804	0.29804	0.29804	0.29804	0.13333	0	0	0	0	0	0	0	0	0	0	0	0	0	0	
0	0	0	0	0	0	0	0	0	0.36078	0.6	0.6	0.6	0.6	0.6	0.4902	0.1451	0.2902	0.39608	0.39608	0	0	0	0	0	0	0	0	0	0	
0	0	0	0	0	0	0	0	0.40784	0.49804	0	0	0	0	0	0.5451	0.36078	0.36078	0.49804	0.49804	0.45098	0	0	0	0	0	0	0	0	0	
0	0	0	0	0	0	0	0	0.81569	0.090196	0	0	0	0	0	0.21569	0.52549	0.16078	0	0	0.90588	0	0	0	0	0	0	0	0	0	
0	0	0	0	0	0	0	0.50588	0.37255	0.023529	0	0	0	0	0	0	0.18824	0.58824	0.12549	0	0.33333	0.57255	0	0	0	0	0	0	0	0	
0	0	0	0	0	0	0.50588	0.36078	0.035294	0	0	0	0	0	0	0	0	0.72549	0.18039	0	0.015686	0.30588	0.58039	0	0	0	0	0	0	0	
0	0	0	0	0	0.4902	0.38824	0.023529	0	0	0	0	0	0	0	0	0	0.070588	0.75294	0.078431	0	0.015686	0.31765	0.57255	0	0	0	0	0	0	
0	0	0	0.035294	0.46275	0.40784	0	0	0	0	0	0	0	0	0	0	0	0	0	0.90588	0	0	0	0.32549	0.53333	0.043137	0	0	0	0	
0	0	0	0.36078	0.5451	0	0	0	0	0	0	0	0	0	0	0	0	0	0	0.90588	0	0	0	0	0.45098	0.45098	0	0	0	0	
0	0	0	0.36078	0.5451	0	0	0	0	0	0	0	0	0	0	0	0	0	0	0.63529	0.27059	0	0	0	0.45098	0.45098	0	0	0	0	
0	0	0.10588	0.47059	0.32549	0	0	0	0	0	0	0	0	0	0	0	0	0	0	0	0.90588	0	0	0	0.27059	0.4902	0.1451	0	0	0	
0	0	0.27059	0.63529	0	0	0	0	0	0	0	0	0	0	0	0	0	0	0	0	0.49804	0.40784	0	0	0	0.5451	0.36078	0	0	0	
0	0	0.27059	0.63529	0	0	0	0	0	0	0	0	0	0	0	0	0	0	0	0	0.035294	0.43529	0.43529	0	0	0.21569	0.52549	0.16078	0	0	
0	0	0.27059	0.63529	0	0	0	0	0	0	0	0	0	0	0	0	0	0	0	0	0	0.18039	0.72549	0	0	0.38039	0.44314	0.078431	0	0	
0	0	0.27059	0.63529	0	0	0	0	0	0	0	0	0	0	0	0	0	0	0	0	0	0.18039	0.9451	0.50588	0.36078	0.47059	0.070588	0	0	0	
0	0	0.27059	0.63529	0	0	0	0	0	0	0	0	0	0	0	0	0	0	0	0	0	0.015686	0.098039	0.38824	0.53333	0.043137	0	0	0	0	
0	0	0.27059	0.63529	0	0	0	0	0	0	0	0	0	0	0	0	0	0	0	0	0	0	0.023529	0.38824	0.4902	0	0	0	0	0	
0	0	0.21569	0.58039	0.10588	0	0	0	0	0	0	0	0	0	0	0	0	0	0	0	0	0.035294	0.36078	0.50588	0	0	0	0	0	0	
0	0	0	0.25098	0.51765	0.13333	0	0	0	0	0	0	0	0	0	0	0	0	0	0	0.29804	0.36863	0.50588	0	0	0	0	0	0	0	
0	0	0	0	0.45098	0.45098	0	0	0	0	0	0	0	0	0	0	0	0	0.32549	0.39608	0.6	0.4902	0	0	0	0	0	0	0	0	
0	0	0	0	0.22353	0.49804	0.49804	0.13333	0	0	0	0	0	0	0	0.27059	0.49804	0.49804	0.49804	0.49804	0	0	0	0	0	0	0	0	0	0	
0	0	0	0	0	0.21569	0.4	0.5451	0.59608	0.59608	0.59608	0.59608	0.59608	0.59608	0.59608	0.4902	0.4	0.4	0.070588	0	0	0	0	0	0	0	0	0	0	0	
0	0	0	0	0	0	0	0.21569	0.29804	0.29804	0.29804	0.29804	0.29804	0.29804	0.29804	0.13333	0	0	0	0	0	0	0	0	0	0	0	0	0	0	
0	0	0	0	0	0	0	0	0	0	0	0	0	0	0	0	0	0	0	0	0	0	0	0	0	0	0	0	0	0	
0	0	0	0	0	0	0	0	0	0	0	0	0	0	0	0	0	0	0	0	0	0	0	0	0	0	0	0	0	0	
0	0	0	0	0	0	0	0	0	0	0	0	0	0	0	0	0	0	0	0	0	0	0	0	0	0	0	0	0	0	
0	0	0	0	0	0	0	0	0	0	0	0	0	0	0	0	0	0	0	0	0	0	0	0	0	0	0	0	0	0	
0	0	0	0	0	0	0	0	0	0	0	0	0	0	0	0	0	0	0	0	0	0	0	0	0	0	0	0	0	0	

1
1
30		30
1
451	681
428	665
454	688
1
444	666
62
451	681
449	680
449	679
449	678
447	676
447	675
446	672
445	671
444	669
443	668
442	666
441	665
439	665
438	665
435	666
434	668
432	670
431	671
429	673
429	674
429	675
428	676
428	677
428	678
428	680
428	681
428	683
429	684
430	685
430	686
431	687
432	687
433	688
434	688
435	688
437	688
438	688
440	688
441	688
443	687
444	687
446	686
448	685
449	684
450	683
451	682
452	680
453	679
454	678
453	677
453	676
452	674
452	673
451	672
450	671
449	670
448	669
447	668
447	667
446	666
445	666
444	666



7
3
30	30
0	0	0	0	0	0	0	0	0	0	0	0	0	0	0	0	0	0	0	0	0	0	0	0	0	0	0	0	0	0	
0	0	0	0	0	0	0	0	0	0	0	0	0	0	0	0	0	0	0	0	0	0	0	0	0	0	0	0	0	0	
0	0	0	0	0	0	0.098039	0.26275	0	0	0	0	0	0	0	0	0	0	0	0	0	0	0	0	0	0	0	0	0	0	
0	0	0	0	0	0.043137	0.53725	0.48235	0.26275	0	0	0	0	0	0	0	0	0	0	0	0	0	0	0	0	0	0	0	0	0	
0	0	0	0	0	0.62353	0.21961	0.1098	0.51373	0.71373	0.71373	0.60392	0	0	0	0	0	0	0	0	0	0	0	0	0	0	0	0	0	0	
0	0	0	0	0.65882	0.18431	0	0	0.07451	0.14118	0.14118	0.25098	0.59216	0	0	0	0	0	0	0	0	0	0	0	0	0	0	0	0	0	
0	0	0	0.61176	0.22745	0	0	0	0	0	0	0	0.26275	0.52549	0.14118	0.14118	0.0078431	0	0	0	0	0	0	0	0	0	0	0	0	0	
0	0	0	0.61176	0.22745	0	0	0	0	0	0	0	0	0.32941	0.71373	0.71373	0.29412	0	0	0	0	0	0	0	0	0	0	0	0	0	
0	0	0.19608	0.51373	0.12941	0	0	0	0	0	0	0	0	0	0	0	0.84314	0	0	0	0	0	0	0	0	0	0	0	0	0	
0	0	0.45882	0.38431	0	0	0	0	0	0	0	0	0	0	0	0	0.40392	0.43922	0	0	0	0	0	0	0	0	0	0	0	0	
0	0	0.45882	0.38431	0	0	0	0	0	0	0	0	0	0	0	0	0.07451	0.76863	0	0	0	0	0	0	0	0	0	0	0	0	
0	0	0.45882	0.38431	0	0	0	0	0	0	0	0	0	0	0	0	0.07451	0.76863	0	0	0	0	0	0	0	0	0	0	0	0	
0	0	0.45882	0.38431	0	0	0	0	0	0	0	0	0	0	0	0	0	0.19608	0.58039	0.062745	0	0	0	0	0	0	0	0	0	0	
0	0	0.45882	0.38431	0	0	0	0	0	0	0	0	0	0	0	0	0	0	0.38431	0.45882	0	0	0	0	0	0	0	0	0	0	
0	0	0.45882	0.38431	0	0	0	0	0	0	0	0	0	0	0	0	0	0	0.38431	0.45882	0	0	0	0	0	0	0	0	0	0	
0	0	0.45882	0.38431	0	0	0	0	0	0	0	0	0	0	0	0	0	0	0.38431	0.45882	0	0	0	0	0	0	0	0	0	0	
0	0	0.45882	0.38431	0	0	0	0	0	0	0	0	0	0	0	0	0	0	0.38431	0.45882	0	0	0	0	0	0	0	0	0	0	
0	0	0.45882	0.38431	0	0	0	0	0	0	0	0	0	0	0	0	0	0	0.38431	0.45882	0	0	0	0	0	0	0	0	0	0	
0	0	0.45882	0.38431	0	0	0	0	0	0	0	0	0	0	0	0	0	0	0.38431	0.45882	0	0	0	0	0	0	0	0	0	0	
0	0	0.32941	0.44706	0.062745	0	0	0	0	0	0	0	0	0	0	0	0	0	0.38431	0.45882	0	0	0	0	0	0	0	0	0	0	
0	0	0	0.34902	0.45882	0.42745	0.32941	0	0	0	0	0	0	0	0	0	0	0	0.38431	0.45882	0	0	0	0	0	0	0	0	0	0	
0	0	0	0	0.32941	0.42745	0.32941	0	0	0	0	0	0	0	0	0	0	0	0.38431	0.45882	0	0	0	0	0	0	0	0	0	0	
0	0	0	0	0	0.05098	0.54902	0	0	0	0	0	0	0	0	0	0	0.16471	0.54902	0.12941	0	0	0	0	0	0	0	0	0	0	
0	0	0	0	0	0.07451	0.76863	0	0	0	0	0	0	0	0	0	0	0.22745	0.61176	0	0	0	0	0	0	0	0	0	0	0	
0	0	0	0	0	0	0.19608	0.58039	0.062745	0	0	0	0	0	0	0	0.18431	0.65882	0	0	0	0	0	0	0	0	0	0	0	0	
0	0	0	0	0	0	0	0.27451	0.48235	0.28235	0.28235	0	0	0	0	0.21569	0.62353	0	0	0	0	0	0	0	0	0	0	0	0	0	
0	0	0	0	0	0	0	0	0.30588	0.56863	0.56863	0.42745	0.42745	0.42745	0.42745	0.86667	0.07451	0	0	0	0	0	0	0	0	0	0	0	0	0	
0	0	0	0	0	0	0	0	0	0	0	0.42745	0.42745	0.42745	0.42745	0.42745	0.031373	0	0	0	0	0	0	0	0	0	0	0	0	0	
0	0	0	0	0	0	0	0	0	0	0	0	0	0	0	0	0	0	0	0	0	0	0	0	0	0	0	0	0	0	
0	0	0	0	0	0	0	0	0	0	0	0	0	0	0	0	0	0	0	0	0	0	0	0	0	0	0	0	0	0	

1
1
30		30
1
606	713
602	692
621	720
1
606	715
44
606	713
604	713
602	711
602	709
602	708
602	706
602	705
602	702
602	700
603	698
603	697
604	695
606	693
607	692
608	693
609	694
610	694
612	694
613	695
615	697
617	697
618	698
619	700
619	702
621	704
621	705
621	707
621	708
621	710
621	711
621	713
621	714
620	716
618	718
617	720
616	720
615	720
613	720
612	720
610	719
609	719
608	718
606	716
606	715



7
3
30	30
0	0	0	0	0	0	0	0	0	0	0	0	0	0	0	0	0	0	0	0	0	0	0	0	0	0	0	0	0	0	
0	0	0	0	0	0	0	0	0	0	0	0	0	0	0	0	0	0	0	0	0	0	0	0	0	0	0	0	0	0	
0	0	0	0	0	0	0	0	0	0	0	0	0	0	0	0	0	0	0	0	0	0	0	0	0	0	0	0	0	0	
0	0	0	0	0	0	0	0	0	0	0	0	0	0	0	0	0.2549	0.36863	0.36863	0.36863	0.36863	0.36863	0.18431	0	0	0	0	0	0	0	
0	0	0	0	0	0	0	0	0	0	0	0	0	0.054902	0.19216	0.19216	0.61961	0.80392	0.80392	0.80392	0.80392	0.80392	0.49804	0.13333	0	0	0	0	0	0	
0	0	0	0	0	0	0	0	0	0	0	0	0.0039216	0.29804	0.98431	0.98431	0.29412	0	0	0	0	0	0.48627	0.69412	0.0078431	0	0	0	0	0	
0	0	0	0	0	0	0	0	0	0	0	0	0.41176	0.63137	0.16078	0.16078	0.047059	0	0	0	0	0	0.078431	0.36078	0.75294	0.082353	0	0	0	0	
0	0	0	0	0	0	0	0	0	0	0	0.45882	0.49804	0.23529	0	0	0	0	0	0	0	0.45882	0.32941	0.29412	0.90196	0.098039	0	0	0	0	
0	0	0	0	0	0	0.33333	0.47843	0.47843	0.47843	0.47843	0.83922	0.74118	0.47843	0.47843	0.47843	0.47843	0.47843	0.47843	0.47843	0.47843	0.50196	0.25882	0.15294	0.51373	0.48235	0.14118	0	0	0	
0	0	0	0	0.027451	0.26667	0.57647	0.69804	0.69804	0.69804	0.69804	0.69804	0.69804	0.69804	0.69804	0.69804	0.69804	0.69804	0.69804	0.69804	0.69804	0.20784	0	0	0.094118	0.89804	0.29804	0	0	0	
0	0	0	0	0.094118	0.89804	0.29804	0	0	0	0	0	0	0	0	0	0	0	0	0	0	0	0	0	0.094118	0.89804	0.29804	0	0	0	
0	0	0	0	0.094118	0.89804	0.29804	0	0	0	0	0	0	0	0	0	0	0	0	0	0	0	0	0	0.094118	0.89804	0.29804	0	0	0	
0	0	0	0.22353	0.7098	0.28235	0.066667	0	0	0	0	0	0	0	0	0	0	0	0	0	0	0	0	0	0.094118	0.89804	0.29804	0	0	0	
0	0	0	0.29412	0.90196	0.098039	0	0	0	0	0	0	0	0	0	0	0	0	0	0	0	0	0	0	0.094118	0.89804	0.29804	0	0	0	
0	0	0	0.17255	0.56863	0.42353	0.12157	0	0	0	0	0	0	0	0	0	0	0	0	0	0	0	0	0	0.094118	0.89804	0.29804	0	0	0	
0	0	0	0	0.094118	0.89804	0.29804	0	0	0	0	0	0	0	0	0	0	0	0	0	0	0	0	0	0.094118	0.89804	0.29804	0	0	0	
0	0	0	0	0.094118	0.89804	0.29804	0	0	0	0	0	0	0	0	0	0	0	0	0	0	0	0	0	0.094118	0.89804	0.29804	0	0	0	
0	0	0	0	0.094118	0.89804	0.29804	0	0	0	0	0	0	0	0	0	0	0	0	0	0	0	0	0	0.094118	0.89804	0.29804	0	0	0	
0	0	0	0	0.027451	0.27059	0.57255	0.34902	0	0	0	0	0	0	0	0	0	0	0	0	0	0	0	0	0.094118	0.89804	0.29804	0	0	0	
0	0	0	0	0	0	0.69804	0.50196	0	0	0	0	0	0	0	0	0	0	0	0	0	0	0	0.14902	0.5098	0.48235	0.14118	0	0	0	
0	0	0	0	0	0	0.69804	0.50196	0	0	0	0	0	0	0	0	0	0	0	0	0	0	0.16471	0.42745	0.59608	0.066667	0	0	0	0	
0	0	0	0	0	0	0.69804	0.50196	0	0	0	0	0	0	0	0	0	0	0	0.011765	0.13725	0.15686	0.49412	0.58824	0	0	0	0	0	0	
0	0	0	0	0	0	0.69804	0.50196	0	0	0	0	0	0	0	0	0	0	0	0.094118	0.87843	0.98039	0.49804	0.0078431	0	0	0	0	0	0	
0	0	0	0	0	0	0.13333	0.49412	0.8	0.8	0.8	0.8	0.8	0.8	0.8	0.8	0.8	0.8	0.8	0.73725	0.2549	0.19608	0.098039	0	0	0	0	0	0	0	
0	0	0	0	0	0	0	0.18431	0.37647	0.37647	0.37647	0.37647	0.37647	0.37647	0.37647	0.37647	0.37647	0.37647	0.37647	0.33725	0.035294	0	0	0	0	0	0	0	0	0	
0	0	0	0	0	0	0	0	0	0	0	0	0	0	0	0	0	0	0	0	0	0	0	0	0	0	0	0	0	0	
0	0	0	0	0	0	0	0	0	0	0	0	0	0	0	0	0	0	0	0	0	0	0	0	0	0	0	0	0	0	
0	0	0	0	0	0	0	0	0	0	0	0	0	0	0	0	0	0	0	0	0	0	0	0	0	0	0	0	0	0	
0	0	0	0	0	0	0	0	0	0	0	0	0	0	0	0	0	0	0	0	0	0	0	0	0	0	0	0	0	0	
0	0	0	0	0	0	0	0	0	0	0	0	0	0	0	0	0	0	0	0	0	0	0	0	0	0	0	0	0	0	

1
1
30		30
1
748	681
734	678
751	694
1
740	681
41
748	681
747	682
745	682
744	682
742	682
741	682
739	682
738	682
735	683
735	684
734	685
734	686
735	687
735	689
736	690
736	692
737	694
738	694
740	694
741	694
743	694
744	694
746	694
748	693
750	691
751	690
751	688
751	687
751	685
751	684
751	682
750	680
749	679
748	678
747	678
745	678
744	678
743	679
742	679
741	680
740	681



