7
3
30	30
0	0	0	0	0.078431	0.11765	0.11765	0.11765	0.11765	0.11765	0.066667	0.015686	0	0	0	0	0	0	0	0	0	0	0	0	0	0	0	0.027451	0.066667	0.078431	
0	0	0	0	0.11765	0	0	0	0	0	0.047059	0.10196	0.11765	0.11765	0.11765	0.11765	0.11765	0.11765	0.11765	0.11765	0.11765	0.11765	0.11765	0.11765	0.11765	0.11765	0.11765	0.086275	0.047059	0.11765	
0	0	0	0	0.11765	0	0	0	0	0	0	0	0	0	0	0	0	0	0	0	0	0	0	0	0	0	0	0	0	0.11765	
0	0	0	0	0.11765	0	0	0	0	0	0	0	0	0	0	0	0	0	0	0	0	0	0	0	0	0	0	0	0	0.11765	
0	0	0	0	0.11765	0	0	0	0	0	0	0	0	0	0	0	0	0	0	0	0	0	0	0	0	0	0	0	0	0.11765	
0	0	0	0	0.11765	0	0.035294	0.11765	0.11765	0.11765	0.11765	0.11765	0.11765	0.11765	0.11765	0.11765	0.11765	0.10196	0.090196	0.0039216	0	0	0	0	0	0	0.058824	0.11765	0.10588	0.11765	
0	0	0	0	0.11765	0	0	0	0	0	0	0	0	0	0	0	0	0.011765	0.023529	0.1098	0.11765	0.11765	0.11765	0.11765	0.11765	0.11765	0.054902	0	0	0.11765	
0	0	0	0	0.11765	0	0	0	0	0	0	0	0	0	0	0	0	0	0	0	0	0	0	0	0	0	0	0	0	0.11765	
0	0	0	0	0.11765	0	0	0	0	0	0	0	0	0	0	0	0	0	0	0	0	0	0	0	0	0	0	0	0	0.11765	
0	0	0	0	0.11765	0	0	0	0	0	0	0	0	0	0	0	0	0	0	0	0	0	0	0	0	0	0	0	0	0.11765	
0.086275	0.027451	0	0	0.07451	0	0	0	0	0	0	0	0	0	0	0	0	0	0	0	0	0	0	0	0	0	0	0	0	0.11765	
0	0.090196	0.11765	0.11765	0.11765	0.11765	0.11765	0.11765	0.11765	0.027451	0	0	0	0	0	0	0	0	0	0	0	0	0	0	0	0	0	0	0	0.11765	
0	0	0	0	0	0	0	0	0	0.086275	0.11765	0.11765	0.11765	0.11765	0.11765	0.11765	0.11765	0.11765	0.11765	0.11765	0.11765	0.11765	0.11765	0.11765	0.11765	0.11765	0.11765	0.11765	0.11765	0.12157	
0	0	0	0	0	0	0	0	0	0	0	0	0	0	0	0	0	0	0	0	0	0	0	0	0	0	0	0	0	0	
0	0	0	0	0	0	0	0	0	0	0	0	0	0	0	0	0	0	0	0	0	0	0	0	0	0	0	0	0	0	
0	0	0	0	0	0	0	0	0	0	0	0	0	0	0	0	0	0	0	0	0	0	0	0	0	0	0	0	0	0	
0	0	0	0	0	0	0	0	0	0	0	0	0	0	0	0	0	0	0	0	0	0	0	0	0	0	0	0	0	0	
0	0	0	0	0	0	0	0	0	0	0	0	0	0	0	0	0	0	0	0	0	0	0	0	0	0	0	0	0	0	
0	0	0	0	0	0	0	0	0	0	0	0	0	0	0	0	0	0	0	0	0	0	0	0	0	0	0	0	0	0	
0	0	0	0	0	0	0	0	0	0	0	0	0	0	0	0	0	0	0	0	0	0	0	0	0	0	0	0	0	0	
0	0	0	0	0	0	0	0	0	0	0	0	0	0	0	0	0	0	0	0	0	0	0	0	0	0	0	0	0	0	
0	0	0	0	0	0	0	0	0	0	0	0	0	0	0	0	0	0	0	0	0	0	0	0	0	0	0	0	0	0	
0	0	0	0	0	0	0	0	0	0	0	0	0	0	0	0	0	0	0	0	0	0	0	0	0	0	0	0	0	0	
0	0	0	0	0	0	0	0	0	0	0	0	0	0	0	0	0	0	0	0	0	0	0	0	0	0	0	0	0	0	
0	0	0	0	0	0	0	0	0	0	0	0	0	0	0	0	0	0	0	0	0	0	0	0	0	0	0	0	0	0	
0	0	0	0	0	0	0	0	0	0	0	0	0	0	0	0	0	0	0	0	0	0	0	0	0	0	0	0	0	0	
0	0	0	0	0	0	0	0	0	0	0	0	0	0	0	0	0	0	0	0	0	0	0	0	0	0	0	0	0	0	
0	0	0	0	0	0	0	0	0	0	0	0	0	0	0	0	0	0	0	0	0	0	0	0	0	0	0	0	0	0	
0	0	0	0	0	0	0	0	0	0	0	0	0	0	0	0	0	0	0	0	0	0	0	0	0	0	0	0	0	0	
0	0	0	0	0	0	0	0	0	0	0	0	0	0	0	0	0	0	0	0	0	0	0	0	0	0	0	0	0	0	

1
1
30		30
2
260	464
226	378
466	481
1
226	467
77
260	464
262	459
262	451
262	444
262	436
262	426
262	417
262	409
262	401
262	393
262	387
262	382
262	381
262	379
265	378
273	381
285	382
298	382
316	384
338	384
360	384
385	384
410	384
430	384
448	384
459	383
465	381
466	382
466	383
466	384
466	386
466	387
466	390
466	395
466	402
466	411
466	423
466	434
466	444
466	455
466	464
466	471
466	476
466	479
466	480
459	481
449	481
437	481
421	481
402	481
382	481
364	481
347	481
331	481
319	481
308	480
300	477
293	474
286	473
281	471
277	471
274	470
269	470
263	471
257	471
253	472
248	472
245	472
242	472
239	471
236	470
233	468
232	467
229	466
227	465
226	466
226	467

	460	423
278	423
460	426
1
278	423
40
460	423
455	424
448	424
439	426
427	426
416	426
405	426
395	426
386	426
380	426
373	425
367	425
362	423
356	423
350	423
344	423
338	423
332	423
329	423
324	424
320	424
316	424
311	424
308	424
305	424
304	424
302	424
301	424
300	423
299	423
298	423
296	423
295	423
293	423
290	423
287	423
285	423
283	423
281	423
278	423



7
3
30	30
0.12157	0.12157	0.12157	0.12157	0.031373	0	0	0	0	0	0	0	0	0	0	0	0	0	0	0	0	0	0	0	0	0	0	0	0	0	
0.12157	0	0	0	0.090196	0.12157	0.12157	0.12157	0.12157	0.12157	0.12157	0.12157	0.12157	0.12157	0.12157	0.12157	0.12157	0.12157	0.12157	0.12157	0.12157	0.12157	0.12157	0.12157	0.12157	0.12157	0.12157	0.12157	0.12157	0.12549	
0.043137	0.07451	0	0	0	0	0	0	0	0	0	0	0	0	0	0	0	0	0	0	0	0	0	0	0	0	0	0	0	0.12157	
0	0.12157	0	0	0	0	0	0	0	0	0	0	0	0	0	0	0	0	0	0	0	0	0	0	0	0	0	0	0.015686	0.10196	
0	0.12157	0	0	0	0	0	0	0	0	0	0	0	0	0	0	0	0	0	0	0	0	0	0	0	0	0	0	0.12157	0	
0	0.12157	0	0	0	0	0	0	0	0	0	0	0	0	0	0	0	0	0	0	0	0	0	0	0	0	0	0	0.12157	0	
0	0.12157	0	0	0	0	0	0	0	0	0	0	0	0	0	0	0	0	0	0	0	0	0	0	0	0	0	0	0.12157	0	
0	0.12157	0	0.047059	0.10588	0.070588	0.070588	0.086275	0.12157	0.12157	0.12157	0.12157	0.12157	0.12157	0.12157	0.12157	0.12157	0.12157	0.12157	0.12157	0.12157	0.12157	0.12157	0.12157	0.12157	0.0039216	0	0	0.12157	0	
0	0.12157	0	0	0.011765	0.05098	0.05098	0.035294	0	0	0	0	0	0	0	0	0	0	0	0	0	0	0	0	0	0	0	0	0.12157	0	
0	0.11373	0.0078431	0	0	0	0	0	0	0	0	0	0	0	0	0	0	0	0	0	0	0	0	0	0	0	0	0	0.12157	0	
0	0.0039216	0.11765	0	0	0	0	0	0	0	0	0	0	0	0	0	0	0	0	0	0	0	0	0	0	0	0	0.035294	0.086275	0	
0	0.05098	0.21569	0.10588	0.10588	0.10588	0.0078431	0	0	0	0	0	0	0	0	0	0	0	0	0	0	0	0	0	0	0	0	0.10588	0.015686	0	
0.047059	0.066667	0.031373	0.015686	0.015686	0.015686	0.11373	0.12157	0.12157	0.12157	0.11765	0.015686	0	0	0	0	0	0	0	0	0	0	0	0	0	0	0	0.10588	0.015686	0	
0	0	0	0	0	0	0	0	0	0	0.0039216	0.10196	0.12157	0.12157	0.12157	0.12157	0.12157	0.12157	0.12157	0.12157	0.12157	0.12157	0.12157	0.12157	0.12157	0.12157	0.12157	0.13725	0.078431	0	
0	0	0	0	0	0	0	0	0	0	0	0	0	0	0	0	0	0	0	0	0	0	0	0	0	0	0	0	0	0	
0	0	0	0	0	0	0	0	0	0	0	0	0	0	0	0	0	0	0	0	0	0	0	0	0	0	0	0	0	0	
0	0	0	0	0	0	0	0	0	0	0	0	0	0	0	0	0	0	0	0	0	0	0	0	0	0	0	0	0	0	
0	0	0	0	0	0	0	0	0	0	0	0	0	0	0	0	0	0	0	0	0	0	0	0	0	0	0	0	0	0	
0	0	0	0	0	0	0	0	0	0	0	0	0	0	0	0	0	0	0	0	0	0	0	0	0	0	0	0	0	0	
0	0	0	0	0	0	0	0	0	0	0	0	0	0	0	0	0	0	0	0	0	0	0	0	0	0	0	0	0	0	
0	0	0	0	0	0	0	0	0	0	0	0	0	0	0	0	0	0	0	0	0	0	0	0	0	0	0	0	0	0	
0	0	0	0	0	0	0	0	0	0	0	0	0	0	0	0	0	0	0	0	0	0	0	0	0	0	0	0	0	0	
0	0	0	0	0	0	0	0	0	0	0	0	0	0	0	0	0	0	0	0	0	0	0	0	0	0	0	0	0	0	
0	0	0	0	0	0	0	0	0	0	0	0	0	0	0	0	0	0	0	0	0	0	0	0	0	0	0	0	0	0	
0	0	0	0	0	0	0	0	0	0	0	0	0	0	0	0	0	0	0	0	0	0	0	0	0	0	0	0	0	0	
0	0	0	0	0	0	0	0	0	0	0	0	0	0	0	0	0	0	0	0	0	0	0	0	0	0	0	0	0	0	
0	0	0	0	0	0	0	0	0	0	0	0	0	0	0	0	0	0	0	0	0	0	0	0	0	0	0	0	0	0	
0	0	0	0	0	0	0	0	0	0	0	0	0	0	0	0	0	0	0	0	0	0	0	0	0	0	0	0	0	0	
0	0	0	0	0	0	0	0	0	0	0	0	0	0	0	0	0	0	0	0	0	0	0	0	0	0	0	0	0	0	
0	0	0	0	0	0	0	0	0	0	0	0	0	0	0	0	0	0	0	0	0	0	0	0	0	0	0	0	0	0	

1
1
30		30
2
472	312
456	218
691	324
1
458	313
69
472	312
471	310
471	306
471	301
469	295
468	287
468	280
466	271
465	262
463	253
462	245
462	237
460	230
459	225
457	222
456	219
457	218
464	220
474	222
487	223
503	226
521	226
544	226
569	226
596	226
623	226
643	226
663	226
676	226
685	226
688	226
690	226
691	230
690	236
688	242
685	252
685	261
682	271
681	281
681	291
679	300
678	308
678	315
678	318
679	321
680	324
677	324
673	324
666	324
658	324
646	324
633	324
616	324
598	324
578	324
560	321
543	320
526	317
513	314
502	312
493	311
487	311
482	311
476	311
472	311
469	311
464	312
460	313
458	313

	654	275
482	275
654	279
1
482	276
24
654	275
651	275
643	275
634	275
622	276
610	277
597	277
584	277
571	277
557	277
545	277
533	277
523	277
514	279
506	279
502	279
497	279
494	279
491	279
489	278
487	278
484	277
483	276
482	276



7
3
30	30
0	0.043137	0.18039	0.18039	0.18039	0.18039	0.094118	0.094118	0.094118	0.094118	0.094118	0.094118	0.0039216	0	0	0	0	0	0	0	0	0	0	0	0	0	0	0	0	0	
0	0.16863	0.011765	0	0	0	0.082353	0.086275	0.086275	0.086275	0.086275	0.086275	0.17255	0.18039	0.18039	0.18039	0.18039	0.16471	0.0039216	0	0	0	0	0	0	0	0	0	0	0	
0	0.16863	0.011765	0	0	0	0	0	0	0	0	0	0	0	0	0	0	0.011765	0.17255	0.18039	0.18039	0.18039	0.094118	0	0	0	0	0.054902	0.21176	0	
0	0.16863	0.011765	0	0	0	0	0	0	0	0	0	0	0	0	0	0	0	0	0	0	0	0.082353	0.18039	0.18039	0.18039	0.18039	0.12157	0.18039	0	
0	0.16863	0.011765	0	0	0	0	0	0	0	0	0	0	0	0	0	0	0	0	0	0	0	0	0	0	0	0	0	0.18039	0	
0	0.16863	0.011765	0	0	0	0	0	0	0	0	0	0	0	0	0	0	0	0	0	0	0	0	0	0	0	0	0	0.18039	0	
0	0.16863	0.011765	0	0	0	0	0	0	0	0	0	0	0	0	0	0	0	0	0	0	0	0	0	0	0	0	0	0.18039	0	
0	0.16863	0.011765	0	0	0	0	0	0	0	0	0	0	0	0	0	0	0	0	0	0	0	0	0	0	0	0	0	0.18039	0	
0	0.16863	0.011765	0	0	0	0	0	0	0	0	0	0	0	0	0	0	0	0	0	0	0	0	0	0	0	0	0	0.18039	0	
0	0.16863	0.011765	0	0	0	0	0	0	0	0	0	0	0	0	0	0	0	0	0	0	0	0	0	0	0	0	0	0.18039	0	
0	0.16863	0.023529	0.18039	0.18039	0.16471	0.0039216	0	0	0	0	0	0	0	0	0	0	0	0	0	0	0	0	0	0	0	0	0	0.18039	0	
0	0.16863	0.011765	0	0	0.011765	0.17255	0.18039	0.18039	0.07451	0	0	0	0	0	0	0	0	0	0	0	0	0	0	0	0	0	0	0.18039	0	
0	0.16863	0.011765	0	0	0	0	0	0	0.10196	0.18039	0.15294	0.0078431	0	0	0	0	0	0	0	0	0	0	0	0	0	0	0	0.18039	0	
0	0.16863	0.011765	0	0	0	0	0	0	0	0	0.023529	0.16863	0.18039	0.18039	0.18039	0.18039	0.054902	0.05098	0.05098	0.05098	0.05098	0.05098	0.05098	0.05098	0.05098	0.05098	0.05098	0.062745	0.15686	
0	0.16863	0.011765	0	0	0	0	0	0	0	0	0	0	0	0	0	0	0.12157	0.12549	0.12549	0.12549	0.12549	0.12549	0.12549	0.12549	0.12549	0.12549	0.12549	0.090196	0.18039	
0	0.17255	0.0039216	0	0	0	0	0	0	0	0	0	0	0	0	0	0	0	0	0	0	0	0	0	0	0	0	0	0	0.18039	
0	0.18039	0	0	0	0	0	0	0	0	0	0	0	0	0	0	0	0	0	0	0	0	0	0	0	0	0	0	0	0.18039	
0	0.18039	0	0	0	0	0	0	0	0	0	0	0	0	0	0	0	0	0	0	0	0	0	0	0	0	0	0	0	0.18039	
0	0.18039	0	0	0	0	0	0	0	0	0	0	0	0	0	0	0	0	0	0	0	0	0	0	0	0	0	0	0	0.18039	
0	0.18039	0	0	0	0	0	0	0	0	0	0	0	0	0	0	0	0	0	0	0	0	0	0	0	0	0	0	0	0.18039	
0.043137	0.13333	0	0	0	0	0	0	0	0	0	0	0	0	0	0	0	0	0	0	0	0	0	0	0	0	0	0	0	0.18039	
0.18039	0	0.1098	0.18039	0.18039	0.18039	0.18039	0.18039	0.18039	0.18039	0.18039	0.18039	0.18039	0.18039	0.18039	0.13725	0.086275	0.047059	0	0	0	0	0	0	0	0	0	0	0	0.18039	
0.082353	0	0	0	0	0	0	0	0	0	0	0	0	0	0	0.039216	0.094118	0.12941	0.18039	0.18039	0.18039	0.18039	0.18039	0.18039	0.18039	0.18039	0.18039	0.18039	0.18039	0.062745	
0	0	0	0	0	0	0	0	0	0	0	0	0	0	0	0	0	0	0	0	0	0	0	0	0	0	0	0	0	0	
0	0	0	0	0	0	0	0	0	0	0	0	0	0	0	0	0	0	0	0	0	0	0	0	0	0	0	0	0	0	
0	0	0	0	0	0	0	0	0	0	0	0	0	0	0	0	0	0	0	0	0	0	0	0	0	0	0	0	0	0	
0	0	0	0	0	0	0	0	0	0	0	0	0	0	0	0	0	0	0	0	0	0	0	0	0	0	0	0	0	0	
0	0	0	0	0	0	0	0	0	0	0	0	0	0	0	0	0	0	0	0	0	0	0	0	0	0	0	0	0	0	
0	0	0	0	0	0	0	0	0	0	0	0	0	0	0	0	0	0	0	0	0	0	0	0	0	0	0	0	0	0	
0	0	0	0	0	0	0	0	0	0	0	0	0	0	0	0	0	0	0	0	0	0	0	0	0	0	0	0	0	0	

1
1
30		30
2
355	701
355	581
512	701
1
365	697
122
355	701
355	700
356	696
359	687
359	679
361	670
362	663
362	655
362	648
362	642
362	637
362	633
362	631
362	627
362	624
362	621
362	615
362	610
362	603
362	597
362	591
362	586
362	583
363	581
366	581
370	582
376	582
385	583
397	583
411	583
424	585
438	588
450	589
460	591
469	592
476	595
483	595
489	595
493	595
498	595
501	595
504	594
507	593
508	593
509	592
509	593
509	596
509	599
509	605
509	609
509	615
509	620
509	624
509	627
509	630
509	633
509	636
509	639
509	641
509	645
509	648
511	651
511	656
511	662
511	668
511	672
511	677
511	680
511	683
511	686
511	689
511	692
512	696
512	698
512	699
511	700
508	700
505	700
499	700
494	700
488	700
481	700
475	700
468	700
461	700
455	700
448	700
443	699
437	699
433	698
428	698
427	698
423	696
421	696
419	696
416	696
415	696
412	696
409	696
406	696
404	696
403	696
401	696
400	696
398	696
397	696
394	696
391	696
389	696
386	696
385	696
384	696
382	696
380	696
379	696
376	696
374	695
373	695
370	696
368	696
367	697
365	697

	368	637
368	636
508	655
1
508	655
33
368	637
369	636
370	636
372	636
375	637
380	637
385	639
393	642
400	643
408	646
414	649
421	651
427	652
433	654
436	654
441	654
445	655
450	655
457	655
465	655
471	655
480	655
487	655
492	655
496	655
498	655
499	655
501	655
502	655
504	655
505	655
507	655
508	655



7
3
30	30
0.12941	0.019608	0	0	0	0	0	0	0	0	0	0	0	0	0	0	0	0	0	0	0	0	0	0	0	0	0	0	0	0	
0.098039	0.078431	0.10196	0.10196	0.10196	0.10196	0.10196	0.10196	0.10196	0.10196	0.10196	0.10196	0.10196	0.10196	0.10196	0.10196	0.10196	0.10196	0.10196	0.10196	0.10196	0.10196	0.082353	0	0	0	0	0	0	0	
0.098039	0	0	0	0	0	0	0	0	0	0	0	0	0	0	0	0	0	0	0	0	0	0.098039	0	0	0	0	0	0	0	
0.098039	0	0	0	0	0	0	0	0	0	0	0	0	0	0	0	0	0	0	0	0	0	0.098039	0	0	0	0	0	0	0	
0.098039	0	0	0	0	0	0	0	0	0	0	0	0	0	0	0	0	0	0	0	0	0	0.098039	0	0	0	0	0	0	0	
0.098039	0	0	0	0	0	0	0	0	0	0	0	0	0	0	0	0	0	0	0	0	0.086275	0.011765	0	0	0	0	0	0	0	
0.098039	0	0	0	0	0	0	0	0	0	0	0	0	0	0	0	0	0	0	0	0	0.098039	0	0	0	0	0	0	0	0	
0.098039	0	0	0	0	0	0	0	0	0	0	0	0	0	0	0	0	0	0	0	0	0.098039	0	0	0	0	0	0	0	0	
0.098039	0	0	0	0	0	0	0	0	0	0	0	0	0	0	0	0	0	0	0	0.0078431	0.090196	0	0	0	0	0	0	0	0	
0.098039	0	0	0	0	0	0	0	0	0	0	0	0	0	0	0	0	0	0	0	0.023529	0.07451	0	0	0	0	0	0	0	0	
0.098039	0	0	0	0	0	0	0	0	0	0	0	0	0	0	0	0	0	0	0	0.023529	0.07451	0	0	0	0	0	0	0	0	
0.098039	0	0	0	0	0	0	0	0	0	0	0	0	0	0	0	0	0	0	0	0.023529	0.07451	0	0	0	0	0	0	0	0	
0.098039	0	0	0	0	0	0	0	0	0	0	0	0	0	0	0	0	0	0	0	0.023529	0.07451	0	0	0	0	0	0	0	0	
0.098039	0	0	0	0	0	0	0	0	0	0	0	0	0	0	0	0	0	0	0	0.023529	0.07451	0	0	0	0	0	0	0	0	
0.098039	0.015686	0.10196	0.10196	0.10196	0.10196	0.10196	0.019608	0	0	0	0	0	0	0	0	0	0	0	0	0.023529	0.07451	0	0	0	0	0	0	0	0	
0.090196	0.0078431	0	0	0	0	0	0.082353	0.10196	0.10196	0.10196	0.10196	0.10196	0.10196	0.10196	0.10196	0.090196	0	0	0	0.023529	0.07451	0	0	0	0	0	0	0	0	
0.058824	0.039216	0	0	0	0	0	0	0	0	0	0	0	0	0	0	0.011765	0.10196	0.066667	0	0.039216	0.054902	0	0	0	0	0	0	0	0	
0	0.098039	0	0	0	0	0	0	0	0	0	0	0	0	0	0	0	0	0	0	0.098039	0	0	0	0	0	0	0	0	0	
0	0.098039	0	0	0	0	0	0	0	0	0	0	0	0	0	0	0	0	0	0	0.098039	0	0	0	0	0	0	0	0	0	
0	0.098039	0	0	0	0	0	0	0	0	0	0	0	0	0	0	0	0	0	0	0.098039	0	0	0	0	0	0	0	0	0	
0	0.098039	0	0	0	0	0	0	0	0	0	0	0	0	0	0	0	0	0	0	0.098039	0	0	0	0	0	0	0	0	0	
0	0.098039	0	0	0	0	0	0	0	0	0	0	0	0	0	0	0	0	0	0	0.098039	0	0	0	0	0	0	0	0	0	
0	0.098039	0	0	0	0	0	0	0	0	0	0	0	0	0	0	0	0	0	0.0078431	0.090196	0	0	0	0	0	0	0	0	0	
0	0.043137	0.054902	0	0	0	0	0	0	0	0	0	0	0	0	0	0	0	0	0.086275	0.0078431	0	0	0	0	0	0	0	0	0	
0	0	0.098039	0	0	0	0	0	0	0	0	0	0	0	0	0	0	0	0	0.098039	0	0	0	0	0	0	0	0	0	0	
0	0	0.098039	0	0	0	0	0	0	0	0	0	0	0	0	0	0	0	0	0.098039	0	0	0	0	0	0	0	0	0	0	
0	0	0.098039	0	0	0	0	0	0	0	0	0	0	0	0	0	0	0	0	0.098039	0	0	0	0	0	0	0	0	0	0	
0.015686	0.019608	0.098039	0	0	0	0	0	0	0	0	0	0	0	0	0	0	0	0	0.098039	0	0	0	0	0	0	0	0	0	0	
0	0.082353	0.19216	0.10196	0.10196	0.10196	0.10196	0.10196	0.10196	0.10196	0.10196	0.10196	0.10196	0.10196	0.047059	0	0	0	0	0.05098	0.054902	0	0	0	0	0	0	0	0	0	
0	0	0.031373	0.0039216	0	0	0	0	0	0	0	0	0	0	0.05098	0.10196	0.10196	0.10196	0.10196	0.082353	0	0	0	0	0	0	0	0	0	0	

1
1
30		30
2
215	828
189	552
409	831
1
195	813
155
215	828
214	827
214	825
214	822
213	817
211	811
210	804
208	793
207	780
205	768
203	752
201	738
199	723
196	708
195	694
193	681
192	670
192	661
192	654
192	646
192	642
192	637
190	633
190	630
190	627
189	622
189	618
189	613
189	607
189	603
189	598
189	594
189	591
189	587
189	583
189	580
189	576
189	573
189	568
189	564
189	561
189	557
189	555
189	552
190	553
197	558
204	561
214	564
225	564
238	565
253	565
269	565
286	565
304	565
324	565
343	565
362	565
378	565
391	565
400	565
406	565
408	565
409	566
409	570
409	573
408	578
406	584
405	591
402	600
400	606
399	614
396	622
394	630
393	639
393	648
393	657
393	668
393	678
393	690
393	699
393	708
390	715
390	720
388	725
387	729
387	731
387	734
387	738
387	741
387	747
387	752
385	759
384	765
382	773
380	781
378	786
378	791
378	794
376	798
376	800
376	801
376	803
376	804
377	806
379	809
380	810
382	814
383	816
383	819
383	822
383	824
380	826
377	828
373	828
366	831
362	831
356	831
350	831
346	831
341	831
335	828
328	825
320	824
310	822
299	821
290	821
281	821
273	821
264	822
257	822
251	822
247	822
244	822
240	821
239	821
237	820
236	819
235	819
232	819
229	819
225	819
220	819
217	819
214	819
210	819
208	819
206	819
205	818
203	818
202	818
200	818
199	817
198	816
196	815
195	813

	204	684
204	684
369	706
1
369	706
34
204	684
211	685
221	687
234	688
248	690
262	693
276	696
287	697
297	699
307	700
310	700
316	700
322	700
327	700
331	700
336	700
340	700
343	700
346	700
349	700
351	700
353	702
354	702
355	702
357	702
358	703
360	703
361	703
363	703
364	703
366	705
367	705
368	706
369	706



7
3
30	30
0	0	0	0.12157	0.16078	0.16078	0.16078	0.16078	0.16078	0.16078	0.16078	0.16078	0.16078	0.16078	0.16078	0.16078	0.16078	0.16078	0.16078	0.16078	0.16078	0.16078	0.16078	0.16078	0.16078	0.16078	0.16078	0.16078	0.10196	0	
0	0	0	0.16863	0	0	0	0	0	0	0	0	0	0	0	0	0	0	0	0	0	0	0	0	0	0	0	0	0.16863	0	
0	0	0	0.11765	0.05098	0	0	0	0	0	0	0	0	0	0	0	0	0	0	0	0	0	0	0	0	0	0	0	0.16863	0	
0	0	0	0	0.16863	0	0	0	0	0	0	0	0	0	0	0	0	0	0	0	0	0	0	0	0	0	0	0	0.16863	0	
0	0	0	0	0.16863	0	0	0	0	0	0	0	0	0	0	0	0	0	0	0	0	0	0	0	0	0	0	0	0.16863	0	
0	0	0	0	0.16863	0	0	0	0	0	0	0	0	0	0	0	0	0	0	0	0	0	0	0	0	0	0	0	0.16863	0	
0	0	0	0	0.16863	0	0	0	0	0	0	0	0	0	0	0	0	0	0	0	0	0	0	0	0	0	0	0	0.16863	0	
0	0	0	0	0.16863	0	0	0	0	0	0	0	0	0	0	0	0	0	0	0	0	0	0	0	0	0	0	0	0.16863	0	
0	0	0	0	0.16863	0	0	0	0.1451	0.16078	0.16078	0.16078	0.16078	0.16078	0.16078	0.16078	0.16078	0.16078	0.16078	0.16078	0.16078	0.16078	0.16078	0.16078	0.16078	0.16078	0.16078	0.16078	0.24314	0	
0	0	0	0	0.16863	0	0	0	0	0	0	0	0	0	0	0	0	0	0	0	0	0	0	0	0	0	0	0	0.16863	0	
0	0	0	0	0.16863	0	0	0	0	0	0	0	0	0	0	0	0	0	0	0	0	0	0	0	0	0	0	0	0.16863	0	
0	0	0	0	0.16863	0	0	0	0	0	0	0	0	0	0	0	0	0	0	0	0	0	0	0	0	0	0	0	0.16863	0	
0	0	0	0	0.24314	0.16078	0.16078	0.16078	0.1451	0.023529	0	0	0	0	0	0	0	0	0	0	0	0	0	0	0	0	0	0	0.16863	0	
0.078431	0.16078	0.16078	0.16078	0.10196	0	0	0	0.015686	0.13333	0.16078	0.16078	0.16078	0.12549	0	0	0	0	0	0	0	0	0	0	0	0	0	0	0.16863	0	
0	0	0	0	0	0	0	0	0	0	0	0	0	0.035294	0.16078	0.16078	0.14902	0.0078431	0	0	0	0	0	0	0	0	0	0	0.054902	0.11373	
0	0	0	0	0	0	0	0	0	0	0	0	0	0	0	0	0.0078431	0.15294	0.16078	0.16078	0.16078	0.15294	0.082353	0	0	0	0	0	0	0.16863	
0	0	0	0	0	0	0	0	0	0	0	0	0	0	0	0	0	0	0	0	0	0.0078431	0.078431	0.16078	0.16078	0.16078	0.16078	0.16078	0.16078	0.1098	
0	0	0	0	0	0	0	0	0	0	0	0	0	0	0	0	0	0	0	0	0	0	0	0	0	0	0	0	0	0	
0	0	0	0	0	0	0	0	0	0	0	0	0	0	0	0	0	0	0	0	0	0	0	0	0	0	0	0	0	0	
0	0	0	0	0	0	0	0	0	0	0	0	0	0	0	0	0	0	0	0	0	0	0	0	0	0	0	0	0	0	
0	0	0	0	0	0	0	0	0	0	0	0	0	0	0	0	0	0	0	0	0	0	0	0	0	0	0	0	0	0	
0	0	0	0	0	0	0	0	0	0	0	0	0	0	0	0	0	0	0	0	0	0	0	0	0	0	0	0	0	0	
0	0	0	0	0	0	0	0	0	0	0	0	0	0	0	0	0	0	0	0	0	0	0	0	0	0	0	0	0	0	
0	0	0	0	0	0	0	0	0	0	0	0	0	0	0	0	0	0	0	0	0	0	0	0	0	0	0	0	0	0	
0	0	0	0	0	0	0	0	0	0	0	0	0	0	0	0	0	0	0	0	0	0	0	0	0	0	0	0	0	0	
0	0	0	0	0	0	0	0	0	0	0	0	0	0	0	0	0	0	0	0	0	0	0	0	0	0	0	0	0	0	
0	0	0	0	0	0	0	0	0	0	0	0	0	0	0	0	0	0	0	0	0	0	0	0	0	0	0	0	0	0	
0	0	0	0	0	0	0	0	0	0	0	0	0	0	0	0	0	0	0	0	0	0	0	0	0	0	0	0	0	0	
0	0	0	0	0	0	0	0	0	0	0	0	0	0	0	0	0	0	0	0	0	0	0	0	0	0	0	0	0	0	
0	0	0	0	0	0	0	0	0	0	0	0	0	0	0	0	0	0	0	0	0	0	0	0	0	0	0	0	0	0	

1
1
30		30
2
193	263
170	186
337	283
1
170	264
68
193	263
193	258
193	250
193	241
193	232
193	223
193	214
193	207
190	199
189	195
187	190
186	188
190	188
199	188
208	188
220	188
234	188
249	188
265	188
280	188
294	188
305	188
314	187
318	186
321	186
323	186
325	186
327	186
328	186
330	186
331	189
332	194
334	201
334	210
334	221
334	232
334	243
334	255
334	264
335	270
337	275
337	279
337	281
337	282
329	283
320	283
310	282
298	281
286	279
274	278
261	273
251	270
242	267
235	266
228	263
221	263
215	261
210	261
205	261
200	261
194	262
187	264
181	265
178	265
175	265
173	265
171	264
170	264

	331	235
214	233
331	235
1
214	233
34
331	235
329	235
326	235
324	235
320	235
316	234
310	234
303	234
296	234
289	234
283	234
277	234
272	234
266	234
262	234
256	234
253	234
247	234
242	234
238	234
235	234
232	234
230	234
229	234
227	234
226	234
225	233
224	233
223	233
221	233
220	233
217	233
215	233
214	233



7
3
30	30
0	0	0.058824	0.058824	0	0	0	0	0	0	0	0	0	0	0	0	0	0	0	0	0	0	0	0	0	0	0	0	0	0	
0	0	0.20392	0.14118	0.19216	0.027451	0	0	0	0	0	0	0	0	0	0	0	0	0	0	0	0	0	0	0	0	0	0	0	0	
0	0	0.20392	0	0.0039216	0.17255	0.2	0.2	0.16863	0.047059	0	0	0	0	0	0	0	0	0	0	0	0	0	0	0	0	0	0	0	0	
0	0	0.20392	0	0	0	0	0	0.031373	0.15294	0.2	0.2	0.2	0.2	0.2	0.17255	0.13725	0.13725	0.13725	0.13725	0.13725	0.13725	0.13725	0.13725	0.13725	0.13725	0.13725	0.13725	0.07451	0	
0	0	0.20392	0	0	0	0	0	0	0	0	0	0	0	0	0.027451	0.058824	0.058824	0.058824	0.058824	0.058824	0.058824	0.058824	0.058824	0.058824	0.058824	0.058824	0.058824	0.13333	0.090196	
0	0	0.20392	0	0	0	0	0	0	0	0	0	0	0	0	0	0	0	0	0	0	0	0	0	0	0	0	0	0.031373	0.16863	
0	0	0.20392	0	0	0	0	0	0	0	0	0	0	0	0	0	0	0	0	0	0	0	0	0	0	0	0	0	0.031373	0.16863	
0	0.0078431	0.19608	0	0	0	0	0	0	0	0	0	0	0	0	0	0	0	0	0	0	0	0	0	0	0	0	0	0.031373	0.16863	
0	0.13725	0.066667	0	0	0	0	0	0	0	0	0	0	0	0	0	0	0	0	0	0	0	0	0	0	0	0	0	0.031373	0.16863	
0	0.13725	0.066667	0	0	0	0	0	0	0	0	0	0	0	0	0	0	0	0	0	0	0	0	0	0	0	0	0	0.07451	0.12549	
0	0.13725	0.066667	0	0	0	0	0	0	0	0	0	0	0	0	0	0	0	0	0	0	0	0	0	0	0	0	0	0.20392	0	
0	0.13725	0.066667	0	0	0	0	0	0	0	0	0	0	0	0	0	0	0	0	0	0	0	0	0	0	0	0	0	0.20392	0	
0	0.13725	0.066667	0	0	0	0	0	0	0	0	0	0	0	0	0	0	0	0	0	0	0	0	0	0	0	0	0	0.20392	0	
0.07451	0.36471	0.090196	0	0	0	0	0	0	0	0	0	0	0	0	0	0	0	0	0	0	0	0	0	0	0	0	0	0.20392	0	
0	0.20392	0.1098	0.2	0.2	0.2	0.2	0.2	0.2	0.2	0.2	0.2	0.2	0.18431	0.16863	0.16863	0.16863	0.16863	0.16863	0.16863	0.16863	0.16863	0.16863	0.16863	0.16863	0.16863	0.16863	0.12157	0.20392	0	
0	0.20392	0	0	0	0	0	0	0	0	0	0	0	0.015686	0.027451	0.027451	0.027451	0.027451	0.027451	0.027451	0.027451	0.027451	0.027451	0.027451	0.027451	0.027451	0.027451	0.062745	0.20392	0	
0	0.20392	0	0	0	0	0	0	0	0	0	0	0	0	0	0	0	0	0	0	0	0	0	0	0	0	0	0.0078431	0.19608	0	
0	0.20392	0	0	0	0	0	0	0	0	0	0	0	0	0	0	0	0	0	0	0	0	0	0	0	0	0	0.14118	0.062745	0	
0	0.20392	0	0	0	0	0	0	0	0	0	0	0	0	0	0	0	0	0	0	0	0	0	0	0	0	0	0.20392	0	0	
0	0.20392	0	0	0	0	0	0	0	0	0	0	0	0	0	0	0	0	0	0	0	0	0	0	0	0	0	0.20392	0	0	
0	0.20392	0	0	0	0	0	0	0	0	0	0	0	0	0	0	0	0	0	0	0	0	0	0	0	0	0	0.20392	0	0	
0	0.20392	0	0	0	0	0	0	0	0	0	0	0	0	0	0	0	0	0	0	0	0	0	0	0	0	0	0.20392	0	0	
0	0.20392	0	0	0	0	0	0	0	0	0	0	0	0	0	0	0	0	0	0	0	0	0	0	0	0	0	0.20392	0	0	
0	0.22745	0.023529	0	0	0	0	0	0	0	0	0	0	0	0	0	0	0	0	0	0	0	0	0	0	0	0	0.31373	0.24314	0.07451	
0	0	0.17255	0.2	0.2	0.12549	0.011765	0	0	0	0	0	0	0	0	0	0	0	0	0.011765	0.011765	0.011765	0.019608	0.2	0.2	0.2	0.19608	0.086275	0	0	
0	0	0	0	0	0.07451	0.18824	0.2	0.2	0.2	0.2	0.2	0.2	0.2	0.2	0.2	0.2	0.2	0.2	0.18824	0.18431	0.18431	0.18039	0	0	0	0	0	0	0	
0	0	0	0	0	0	0	0	0	0	0	0	0	0	0	0	0	0	0	0	0	0	0	0	0	0	0	0	0	0	
0	0	0	0	0	0	0	0	0	0	0	0	0	0	0	0	0	0	0	0	0	0	0	0	0	0	0	0	0	0	
0	0	0	0	0	0	0	0	0	0	0	0	0	0	0	0	0	0	0	0	0	0	0	0	0	0	0	0	0	0	
0	0	0	0	0	0	0	0	0	0	0	0	0	0	0	0	0	0	0	0	0	0	0	0	0	0	0	0	0	0	

1
1
30		30
2
554	303
430	188
564	309
1
562	301
58
554	303
554	301
554	294
554	288
556	280
557	273
560	264
560	256
562	247
562	240
563	232
563	226
563	220
563	216
563	211
563	208
563	207
561	205
554	204
542	204
529	204
514	204
498	204
484	203
472	201
459	198
452	197
446	194
443	192
440	191
438	189
437	188
435	192
435	199
433	210
433	223
432	236
432	248
430	258
430	268
430	276
430	284
430	290
430	294
430	299
430	300
430	301
435	304
444	307
456	309
474	309
495	309
515	309
533	308
549	305
559	302
564	300
562	301

	557	259
426	249
557	259
1
426	249
30
557	259
556	258
551	258
544	258
535	258
528	258
519	258
511	258
504	258
499	258
493	258
488	258
484	257
478	255
473	255
469	255
463	255
458	255
454	255
449	255
446	255
442	255
439	255
436	254
435	254
433	253
432	252
430	251
427	250
426	249



7
3
30	30
0	0	0	0	0	0	0	0	0	0	0	0	0	0	0	0	0	0	0	0	0	0	0	0	0	0	0	0	0	0.12941	
0	0	0	0	0	0	0	0	0	0	0.023529	0.1098	0.17647	0.17647	0.17647	0.17647	0.17647	0.17647	0.17647	0.17647	0.17647	0.17647	0.17647	0.17647	0.17647	0.17647	0.17647	0.17647	0.21961	0.2	
0	0	0	0.19216	0.17647	0.17647	0.17647	0.17647	0.17647	0.17647	0.15294	0.066667	0	0	0	0	0	0	0	0	0	0	0	0	0	0	0	0	0.17647	0	
0	0	0	0.17647	0	0	0	0	0	0	0	0	0	0	0	0	0	0	0	0	0	0	0	0	0	0	0	0	0.17647	0	
0	0	0	0.17647	0	0	0	0	0	0	0	0	0	0	0	0	0	0	0	0	0	0	0	0	0	0	0	0	0.17647	0	
0	0	0	0.17647	0	0	0	0	0	0	0	0	0	0	0	0	0	0	0	0	0	0	0	0	0	0	0	0.035294	0.14118	0	
0	0	0	0.17647	0	0	0	0	0	0	0	0	0	0	0	0	0	0	0	0	0	0	0	0	0	0	0	0.16471	0.0078431	0	
0	0	0.090196	0.086275	0	0	0	0	0	0	0	0	0	0	0	0	0	0	0	0	0	0	0	0	0	0	0	0.17647	0	0	
0	0	0.16863	0.0078431	0	0	0	0	0	0	0	0	0	0	0	0	0	0	0	0	0	0	0	0	0	0	0	0.17647	0	0	
0	0	0.17647	0	0	0	0	0	0	0	0	0	0	0	0	0	0	0	0	0	0	0	0	0	0	0	0	0.17647	0	0	
0	0	0.17647	0	0	0	0	0	0	0	0	0	0	0	0	0	0	0	0	0	0	0	0	0	0	0	0	0.17647	0	0	
0	0	0.17647	0	0	0	0	0	0	0	0	0	0	0	0	0	0	0	0	0	0	0	0	0	0	0	0	0.17647	0	0	
0	0.019608	0.15686	0	0	0	0	0	0	0	0	0	0	0	0	0	0	0	0	0	0	0	0	0	0	0	0	0.17647	0	0	
0	0.16078	0.015686	0	0	0	0	0	0	0	0	0	0	0	0	0	0	0	0	0	0	0	0	0	0	0	0	0.17647	0	0	
0	0.17647	0	0	0	0	0	0	0	0	0	0	0	0	0	0	0	0	0	0	0	0	0	0	0	0	0	0.17647	0	0	
0	0.17647	0	0.17255	0.17647	0.17647	0.17647	0.035294	0	0	0	0	0	0	0	0	0	0	0	0	0	0	0	0	0	0	0	0.17647	0	0	
0	0.17647	0	0	0	0	0	0.14118	0.17647	0.17647	0.17647	0.17647	0.17647	0.17647	0.17647	0.17647	0.17647	0.17647	0.17647	0.17647	0.17647	0.17647	0.17647	0.17647	0.17647	0.17647	0.17647	0.32549	0.035294	0	
0	0.17647	0	0	0	0	0	0	0	0	0	0	0	0	0	0	0	0	0	0	0	0	0	0	0	0	0	0.17647	0	0	
0.070588	0.10588	0	0	0	0	0	0	0	0	0	0	0	0	0	0	0	0	0	0	0	0	0	0	0	0	0	0.17647	0	0	
0.17255	0	0	0	0	0	0	0	0	0	0	0	0	0	0	0	0	0	0	0	0	0	0	0	0	0	0	0.17647	0	0	
0.17647	0	0	0	0	0	0	0	0	0	0	0	0	0	0	0	0	0	0	0	0	0	0	0	0	0	0.027451	0.1451	0	0	
0.17647	0	0	0	0	0	0	0	0	0	0	0	0	0	0	0	0	0	0	0	0	0	0	0	0	0	0.12157	0.05098	0	0	
0.17647	0	0	0	0	0	0	0	0	0	0	0	0	0	0	0	0	0	0	0	0	0	0	0	0	0	0.17647	0	0	0	
0.17647	0	0	0	0	0	0	0	0	0	0	0	0	0	0	0	0	0	0	0	0	0	0	0	0	0	0.17647	0	0	0	
0.16078	0.011765	0	0	0	0	0	0	0	0	0	0	0	0	0	0	0	0	0	0	0	0	0	0	0	0	0.17647	0	0	0	
0.05098	0.12157	0	0	0	0	0	0	0	0	0	0	0	0	0	0	0	0	0	0	0	0	0	0	0	0.07451	0.10196	0	0	0	
0	0.17647	0	0	0	0	0	0	0	0	0	0	0	0	0	0	0	0	0	0	0	0	0	0	0	0.070588	0	0	0	0	
0	0.090196	0.17255	0.031373	0	0	0	0	0	0	0	0	0	0	0	0	0	0	0	0	0	0	0	0	0	0	0	0	0	0	
0	0	0	0.1451	0.17647	0.17647	0.17647	0.17647	0.11765	0.047059	0	0	0	0	0	0	0	0	0	0	0	0	0	0	0	0	0	0	0	0	
0	0	0	0	0	0	0	0	0.058824	0.12941	0.17647	0.17647	0.17647	0.17647	0.17647	0.17647	0.17647	0.17647	0.17647	0.17647	0.17647	0.17647	0.17647	0.16471	0	0	0	0	0	0	

1
1
30		30
2
463	734
324	591
485	751
1
454	751
79
463	734
465	732
467	729
467	723
469	718
470	712
472	706
473	699
473	690
473	679
473	669
473	659
473	648
475	637
476	626
479	616
481	607
482	601
484	595
484	594
484	592
485	591
485	593
485	594
479	597
469	597
457	597
446	598
432	598
418	598
404	598
393	598
384	599
376	600
368	600
361	600
355	600
350	600
346	600
344	600
343	600
341	600
340	601
340	606
340	614
339	624
336	638
334	652
331	665
328	679
327	689
325	698
325	706
324	711
324	717
325	722
325	725
326	726
326	729
328	731
328	732
328	734
328	735
328	737
329	738
331	740
334	742
339	744
347	747
360	748
375	750
390	751
404	751
418	751
430	751
439	751
447	751
451	751
454	751

	478	678
338	674
478	678
1
338	674
37
478	678
476	678
475	678
473	678
472	678
467	678
461	678
454	678
445	678
437	678
428	678
418	678
409	678
401	678
392	678
385	678
379	678
375	678
371	678
370	678
368	678
367	678
365	677
362	677
361	677
359	675
358	675
356	675
355	675
353	675
352	675
350	675
347	675
346	675
343	675
340	675
338	674



7
3
30	30
0	0	0	0.054902	0.2	0.2	0.2	0.2	0.2	0.2	0.2	0.2	0.2	0.2	0.2	0.2	0.2	0.2	0.2	0.2	0.2	0.2	0.2	0.2	0.2	0.2	0.2	0.17647	0	0	
0	0	0	0.26275	0.058824	0.058824	0.058824	0.058824	0.058824	0.058824	0.058824	0.058824	0.058824	0.058824	0.058824	0.058824	0.058824	0.058824	0.058824	0.058824	0.058824	0.058824	0.058824	0.058824	0.058824	0.058824	0.058824	0.16863	0.12941	0	
0	0	0	0.26275	0	0	0	0	0	0	0	0	0	0	0	0	0	0	0	0	0	0	0	0	0	0	0	0.12157	0.14118	0	
0	0	0.019608	0.23922	0	0	0	0	0	0	0	0	0	0	0	0	0	0	0	0	0	0	0	0	0	0	0	0.12157	0.14118	0	
0	0	0.078431	0.18431	0	0	0	0	0	0	0	0	0	0	0	0	0	0	0	0	0	0	0	0	0	0	0	0.12157	0.14118	0	
0	0	0.2549	0.0078431	0	0	0	0	0	0	0	0	0	0	0	0	0	0	0	0	0	0	0	0	0	0	0	0.12157	0.14118	0	
0	0	0.26275	0	0	0	0	0	0	0	0	0	0	0	0	0	0	0	0	0	0	0	0	0	0	0	0	0.078431	0.18431	0	
0	0	0.26275	0	0	0	0	0	0	0	0	0	0	0	0	0	0	0	0	0	0	0	0	0	0	0	0	0	0.26275	0	
0	0.10588	0.15294	0	0	0	0	0	0	0	0	0	0	0	0	0	0	0	0	0	0	0	0	0	0	0	0	0	0.26275	0	
0	0.25882	0	0	0	0	0	0	0	0	0	0	0	0	0	0	0	0	0	0	0	0	0	0	0	0	0	0	0.26275	0	
0	0.30196	0.21176	0.11373	0.11373	0.11373	0.11373	0.11373	0.11373	0.25882	0.26275	0.26275	0.26275	0.26275	0.26275	0.26275	0.26275	0.26275	0.26275	0.058824	0	0	0	0	0	0	0	0	0.078431	0.18431	
0	0.26275	0.05098	0.14902	0.14902	0.14902	0.14902	0.14902	0.14902	0.0039216	0	0	0	0	0	0	0	0	0	0.20392	0.26275	0.26275	0.26275	0.26275	0.26275	0.26275	0.26275	0.23137	0.058824	0.2	
0	0.26275	0	0	0	0	0	0	0	0	0	0	0	0	0	0	0	0	0	0	0	0	0	0	0	0	0	0	0.058824	0.2	
0.090196	0.16863	0	0	0	0	0	0	0	0	0	0	0	0	0	0	0	0	0	0	0	0	0	0	0	0	0	0	0.058824	0.2	
0.2	0.058824	0	0	0	0	0	0	0	0	0	0	0	0	0	0	0	0	0	0	0	0	0	0	0	0	0	0	0.058824	0.2	
0.2	0.058824	0	0	0	0	0	0	0	0	0	0	0	0	0	0	0	0	0	0	0	0	0	0	0	0	0	0	0.058824	0.2	
0.2	0.058824	0	0	0	0	0	0	0	0	0	0	0	0	0	0	0	0	0	0	0	0	0	0	0	0	0	0	0.11765	0.1451	
0.2	0.058824	0	0	0	0	0	0	0	0	0	0	0	0	0	0	0	0	0	0	0	0	0	0	0	0	0	0	0.26275	0	
0.2	0.058824	0	0	0	0	0	0	0	0	0	0	0	0	0	0	0	0	0	0	0	0	0	0	0	0	0	0	0.26275	0	
0.2	0.058824	0	0	0	0	0	0	0	0	0	0	0	0	0	0	0	0	0	0	0	0	0	0	0	0	0	0	0.26275	0	
0.2	0.058824	0	0	0	0	0	0	0	0	0	0	0	0	0	0	0	0	0	0	0	0	0	0	0	0	0	0	0.26275	0	
0.2	0.058824	0	0	0	0	0	0	0	0	0	0	0	0	0	0	0	0	0	0	0	0	0	0	0	0	0	0	0.26275	0	
0.2	0.058824	0	0	0	0	0	0	0	0	0	0	0	0	0	0	0	0	0	0	0	0	0	0	0	0	0	0	0.26275	0	
0.2	0.058824	0	0	0	0	0	0	0	0	0	0	0	0	0	0	0	0	0	0	0	0	0	0	0	0	0	0.043137	0.21569	0	
0.2	0.058824	0	0	0	0	0	0	0	0	0	0	0	0	0	0	0	0	0	0	0	0	0	0	0	0	0	0.16471	0.094118	0	
0.2	0.058824	0	0	0	0	0	0	0	0	0	0	0	0	0	0	0	0	0	0	0	0	0	0	0	0	0	0.26275	0	0	
0.2	0.058824	0	0	0	0	0	0	0	0	0	0	0	0	0	0	0	0	0	0	0	0	0	0	0	0	0	0.26275	0	0	
0.066667	0.26667	0.16863	0	0	0	0	0	0	0	0	0	0	0	0	0	0	0	0	0	0	0	0	0	0	0	0	0.26275	0	0	
0	0	0.094118	0.26275	0.26275	0.26275	0.26275	0.26275	0.26275	0.26275	0.26275	0.26275	0.26275	0.26275	0.26275	0.26275	0.26275	0.26275	0.26275	0.26275	0.26275	0.26275	0.26275	0.26275	0.2	0.058824	0.098039	0.35686	0	0	
0	0	0	0	0	0	0	0	0	0	0	0	0	0	0	0	0	0	0	0	0	0	0	0	0.062745	0.2	0.16471	0.05098	0	0	

1
1
30		30
2
726	236
627	131
733	237
1
725	236
59
726	236
727	237
728	232
728	225
730	216
731	208
731	199
733	190
733	182
733	174
733	166
732	159
730	153
729	147
729	142
729	139
729	136
729	133
729	132
727	131
720	131
709	131
695	131
680	131
667	131
655	131
645	131
640	131
638	131
637	132
636	141
634	152
630	164
628	178
627	191
627	203
627	212
627	219
627	225
627	228
627	230
628	231
629	232
630	232
631	232
635	234
640	234
647	234
655	234
664	234
673	234
682	234
692	234
701	234
709	235
717	237
721	237
724	237
725	236

	728	171
631	167
728	171
1
631	168
43
728	171
724	171
719	171
713	171
709	171
704	171
701	170
699	170
697	170
694	168
691	167
688	167
685	167
683	167
680	167
679	167
677	167
676	167
674	167
673	167
671	167
670	167
667	167
665	168
664	168
662	168
661	168
659	168
657	169
655	169
652	169
650	169
647	169
645	169
643	169
641	169
640	169
639	169
638	169
637	169
635	169
634	169
631	168



7
3
30	30
0	0	0.078431	0.16471	0.16471	0.16471	0.16471	0.16471	0.16471	0.16471	0.16471	0.10196	0	0	0	0	0	0	0	0	0	0	0	0	0	0	0	0	0	0	
0	0	0.16471	0	0	0	0	0	0	0	0	0.058824	0.16471	0.16471	0.16471	0.16471	0.16471	0.16471	0.16471	0.16471	0.16471	0.16471	0.16471	0.16471	0.16471	0.16471	0.16471	0.16471	0.16471	0.13725	
0	0	0.16471	0	0	0	0	0	0	0	0	0	0	0	0	0	0	0	0	0	0	0	0	0	0	0	0	0	0	0.16471	
0	0	0.16471	0	0	0	0	0	0	0	0	0	0	0	0	0	0	0	0	0	0	0	0	0	0	0	0	0	0.031373	0.13333	
0	0	0.16471	0	0	0	0	0	0	0	0	0	0	0	0	0	0	0	0	0	0	0	0	0	0	0	0	0	0.16471	0	
0	0	0.16471	0	0	0	0	0	0	0	0	0	0	0	0	0	0	0	0	0	0	0	0	0	0	0	0	0	0.16471	0	
0	0	0.16471	0	0	0	0	0	0	0	0	0	0	0	0	0	0	0	0	0	0	0	0	0	0	0	0	0	0.16471	0	
0	0	0.16471	0	0	0	0	0	0	0	0	0	0	0	0	0	0	0	0	0	0	0	0	0	0	0	0	0	0.16471	0	
0	0	0.16471	0	0	0	0	0	0	0	0	0	0	0	0	0	0	0	0	0	0	0	0	0	0	0	0	0	0.16471	0	
0	0	0.16471	0	0	0	0	0	0	0	0	0	0	0	0	0	0	0	0	0	0	0	0	0	0	0	0	0	0.16471	0	
0	0	0.16471	0	0	0	0	0	0	0	0	0	0	0	0	0	0	0	0	0	0	0	0	0	0	0	0	0	0.16471	0	
0	0	0.16471	0	0	0	0	0	0	0	0	0	0	0	0	0	0	0	0	0	0	0	0	0	0	0	0	0	0.16471	0	
0	0	0.16471	0	0	0	0	0	0	0	0	0	0	0	0	0	0	0	0	0	0	0	0	0	0	0	0	0	0.16471	0	
0	0	0.16471	0	0.07451	0.16471	0.16471	0.16471	0.16471	0.16471	0.16471	0.16471	0.16471	0.16471	0.16471	0.16471	0.16471	0.16471	0.16471	0.16471	0.16471	0.16471	0.16471	0.16471	0.16471	0.16471	0.16471	0.047059	0.16471	0	
0	0	0.16471	0	0	0	0	0	0	0	0	0	0	0	0	0	0	0	0	0	0	0	0	0	0	0	0	0.058824	0.10588	0	
0	0	0.16471	0	0	0	0	0	0	0	0	0	0	0	0	0	0	0	0	0	0	0	0	0	0	0	0	0.16471	0	0	
0	0	0.16078	0.0039216	0	0	0	0	0	0	0	0	0	0	0	0	0	0	0	0	0	0	0	0	0	0	0.043137	0.12157	0	0	
0	0	0.086275	0.078431	0	0	0	0	0	0	0	0	0	0	0	0	0	0	0	0	0	0	0	0	0	0	0.16471	0	0	0	
0	0	0	0.16471	0	0	0	0	0	0	0	0	0	0	0	0	0	0	0	0	0	0	0	0	0	0.0039216	0.16078	0	0	0	
0	0	0.086275	0.078431	0	0	0	0	0	0	0	0	0	0	0	0	0	0	0	0	0	0	0	0	0	0.1451	0.019608	0	0	0	
0	0	0.15686	0.0078431	0	0	0	0	0	0	0	0	0	0	0	0	0	0	0	0	0	0	0	0	0	0.16471	0	0	0	0	
0	0	0.054902	0	0	0	0	0	0	0	0	0	0	0	0	0	0	0	0	0	0	0	0	0	0	0.16471	0	0	0	0	
0	0	0	0	0	0	0	0	0	0	0	0	0	0	0	0	0	0	0	0	0	0	0	0	0	0.16471	0	0	0	0	
0	0	0	0	0	0	0	0	0	0	0	0	0	0	0	0	0	0	0	0	0	0	0	0	0	0.16471	0	0	0	0	
0	0	0	0	0	0	0	0	0	0	0	0	0	0	0	0	0	0	0	0	0	0	0	0	0	0.16471	0	0	0	0	
0.082353	0.16471	0.058824	0	0	0	0	0	0	0	0	0	0	0	0	0	0	0	0	0	0	0.039216	0.16471	0.16471	0.16471	0.27843	0.10196	0	0	0	
0	0	0.10588	0.16471	0.16471	0.16471	0.16471	0.16471	0.16471	0.16471	0.16471	0.16471	0.16471	0.16471	0.16471	0.16471	0.16471	0.16471	0.16471	0.16471	0.16471	0.12157	0	0	0	0	0	0	0	0	
0	0	0	0	0	0	0	0	0	0	0	0	0	0	0	0	0	0	0	0	0	0	0	0	0	0	0	0	0	0	
0	0	0	0	0	0	0	0	0	0	0	0	0	0	0	0	0	0	0	0	0	0	0	0	0	0	0	0	0	0	
0	0	0	0	0	0	0	0	0	0	0	0	0	0	0	0	0	0	0	0	0	0	0	0	0	0	0	0	0	0	

1
1
30		30
2
182	273
182	122
353	277
1
194	246
100
182	273
188	274
197	276
208	276
223	277
238	277
253	277
267	277
280	277
294	276
307	275
320	273
328	272
334	270
336	270
335	270
334	270
331	270
329	270
328	268
328	265
328	261
328	255
328	249
331	241
333	233
337	225
341	214
346	205
347	196
349	186
350	178
350	172
350	168
350	163
350	162
350	157
350	154
350	150
350	147
350	143
352	139
352	138
352	135
352	133
352	132
352	130
352	129
353	128
349	128
338	126
326	126
310	126
295	126
281	126
268	126
257	126
248	125
241	123
234	122
232	122
230	122
229	122
226	122
223	122
220	122
217	122
214	122
209	122
205	122
200	122
199	122
196	122
195	123
195	128
195	134
195	143
195	152
195	161
193	170
193	179
193	187
193	195
193	202
193	209
194	215
196	220
197	225
197	228
197	230
197	233
197	234
196	236
196	237
196	239
196	240
195	241
195	242
195	243
194	246

	206	198
206	198
340	198
1
340	198
19
206	198
210	198
217	198
228	198
243	198
258	198
274	198
286	198
299	198
309	198
316	198
322	198
327	198
330	198
334	198
336	198
337	198
339	198
340	198



7
3
30	30
0	0	0.15294	0.22745	0.22745	0.22745	0.22745	0.11765	0.054902	0	0	0	0	0	0	0	0	0	0	0	0	0	0	0	0	0	0	0	0	0	
0	0	0.23922	0	0	0	0	0.1098	0.16863	0.22745	0.22745	0.22745	0.22745	0.21176	0.16078	0.16078	0.16078	0.16078	0.16078	0.16078	0.16078	0.16078	0.16078	0.16078	0.16078	0.16078	0.16078	0.16078	0.16078	0.0039216	
0	0	0.23922	0	0	0	0	0	0	0	0	0	0	0.011765	0.066667	0.066667	0.066667	0.066667	0.066667	0.066667	0.066667	0.066667	0.066667	0.066667	0.066667	0.066667	0.066667	0.066667	0.11373	0.17647	
0	0	0.23922	0	0	0	0	0	0	0	0	0	0	0	0	0	0	0	0	0	0	0	0	0	0	0	0	0	0.019608	0.21961	
0	0	0.23922	0	0	0	0	0	0	0	0	0	0	0	0	0	0	0	0	0	0	0	0	0	0	0	0	0	0.20784	0.031373	
0	0	0.23922	0	0	0	0	0	0	0	0	0	0	0	0	0	0	0	0	0	0	0	0	0	0	0	0	0	0.20784	0.031373	
0	0	0.23922	0	0	0	0	0	0	0	0	0	0	0	0	0	0	0	0	0	0	0	0	0	0	0	0	0	0.20784	0.031373	
0	0	0.23922	0	0	0	0	0	0	0	0	0	0	0	0	0	0	0	0	0	0	0	0	0	0	0	0	0	0.22745	0.0078431	
0	0	0.23922	0	0.090196	0.22745	0.22745	0.22745	0.22745	0.22745	0.22745	0.22745	0.22745	0.22745	0.22745	0.22745	0.22745	0.22745	0.22745	0.22745	0.22745	0.22745	0.22745	0.22745	0.22745	0.22745	0.22745	0.22745	0.36471	0	
0	0	0.22353	0.015686	0	0	0	0	0	0	0	0	0	0	0	0	0	0	0	0	0	0	0	0	0	0	0	0	0.23922	0	
0	0	0.094118	0.1451	0	0	0	0	0	0	0	0	0	0	0	0	0	0	0	0	0	0	0	0	0	0	0	0	0.23922	0	
0	0	0.094118	0.1451	0	0	0	0	0	0	0	0	0	0	0	0	0	0	0	0	0	0	0	0	0	0	0	0	0.23922	0	
0	0	0.094118	0.1451	0	0	0	0	0	0	0	0	0	0	0	0	0	0	0	0	0	0	0	0	0	0	0	0	0.23922	0	
0	0	0.0078431	0.011765	0	0	0	0	0	0	0	0	0	0	0	0	0	0	0	0	0	0	0	0	0	0	0	0	0.23922	0	
0	0	0	0	0	0	0	0	0	0	0	0	0	0	0	0	0	0	0	0	0	0	0	0	0	0	0	0	0.23922	0	
0.090196	0.0078431	0.21176	0.22745	0.22745	0.22745	0.22745	0.22745	0.22745	0.22745	0.22745	0.22745	0.22745	0.19216	0.07451	0	0	0	0	0	0	0	0	0	0	0	0	0.023529	0.27059	0	
0.023529	0.21961	0.011765	0	0	0	0	0	0	0	0	0	0	0.035294	0.15294	0.22745	0.22745	0.22745	0.22745	0.22745	0.22745	0.22745	0.22745	0.22745	0.22745	0.22745	0.22745	0.2	0.0039216	0	
0	0	0	0	0	0	0	0	0	0	0	0	0	0	0	0	0	0	0	0	0	0	0	0	0	0	0	0	0	0	
0	0	0	0	0	0	0	0	0	0	0	0	0	0	0	0	0	0	0	0	0	0	0	0	0	0	0	0	0	0	
0	0	0	0	0	0	0	0	0	0	0	0	0	0	0	0	0	0	0	0	0	0	0	0	0	0	0	0	0	0	
0	0	0	0	0	0	0	0	0	0	0	0	0	0	0	0	0	0	0	0	0	0	0	0	0	0	0	0	0	0	
0	0	0	0	0	0	0	0	0	0	0	0	0	0	0	0	0	0	0	0	0	0	0	0	0	0	0	0	0	0	
0	0	0	0	0	0	0	0	0	0	0	0	0	0	0	0	0	0	0	0	0	0	0	0	0	0	0	0	0	0	
0	0	0	0	0	0	0	0	0	0	0	0	0	0	0	0	0	0	0	0	0	0	0	0	0	0	0	0	0	0	
0	0	0	0	0	0	0	0	0	0	0	0	0	0	0	0	0	0	0	0	0	0	0	0	0	0	0	0	0	0	
0	0	0	0	0	0	0	0	0	0	0	0	0	0	0	0	0	0	0	0	0	0	0	0	0	0	0	0	0	0	
0	0	0	0	0	0	0	0	0	0	0	0	0	0	0	0	0	0	0	0	0	0	0	0	0	0	0	0	0	0	
0	0	0	0	0	0	0	0	0	0	0	0	0	0	0	0	0	0	0	0	0	0	0	0	0	0	0	0	0	0	
0	0	0	0	0	0	0	0	0	0	0	0	0	0	0	0	0	0	0	0	0	0	0	0	0	0	0	0	0	0	
0	0	0	0	0	0	0	0	0	0	0	0	0	0	0	0	0	0	0	0	0	0	0	0	0	0	0	0	0	0	

1
1
30		30
2
562	484
553	431
670	498
1
553	496
57
562	484
562	481
562	477
562	471
561	466
561	459
561	453
561	447
559	442
559	438
559	435
559	432
562	431
568	431
580	432
592	434
607	436
624	436
640	436
651	436
660	436
666	436
667	436
669	436
670	438
670	441
670	444
669	450
669	459
667	466
667	473
666	480
666	485
666	489
666	492
666	494
666	495
667	496
664	498
658	498
650	498
641	498
631	498
620	498
610	498
599	495
590	495
580	494
572	494
566	495
562	496
559	496
557	498
556	498
554	498
553	497
553	496

	668	465
569	465
668	466
1
569	465
28
668	465
667	466
662	466
658	466
653	466
646	466
640	466
634	466
626	466
620	466
616	466
612	466
610	466
605	466
604	466
601	466
598	466
593	466
589	466
585	466
581	466
580	466
579	465
578	465
577	465
574	465
572	465
569	465



7
3
30	30
0.12157	0.12157	0.12157	0.12157	0.066667	0	0	0	0	0	0	0	0	0	0	0	0	0	0	0	0	0	0	0	0	0	0	0	0	0	
0.11765	0	0	0	0.054902	0.12157	0.12157	0.12157	0.12157	0.12157	0.12157	0.12157	0.12157	0.12157	0.12157	0.12157	0.12157	0.12157	0.12157	0.12157	0.12157	0.098039	0	0	0	0	0	0	0	0	
0.10196	0.011765	0	0	0	0	0	0	0	0	0	0	0	0	0	0	0	0	0	0	0	0.11765	0	0	0	0	0	0	0	0	
0.0039216	0.11373	0	0	0	0	0	0	0	0	0	0	0	0	0	0	0	0	0	0	0	0.11765	0	0	0	0	0	0	0	0	
0	0.11765	0	0	0	0	0	0	0	0	0	0	0	0	0	0	0	0	0	0	0	0.11765	0	0	0	0	0	0	0	0	
0	0.11765	0	0	0	0	0	0	0	0	0	0	0	0	0	0	0	0	0	0	0.047059	0.070588	0	0	0	0	0	0	0	0	
0	0.070588	0.047059	0	0	0	0	0	0	0	0	0	0	0	0	0	0	0	0	0	0.054902	0.062745	0	0	0	0	0	0	0	0	
0	0	0.11765	0	0	0	0	0	0	0	0	0	0	0	0	0	0	0	0	0	0.054902	0.062745	0	0	0	0	0	0	0	0	
0	0	0.11765	0	0	0	0	0	0	0	0	0	0	0	0	0	0	0	0	0	0.054902	0.062745	0	0	0	0	0	0	0	0	
0	0	0.1098	0.0078431	0	0	0	0	0	0	0	0	0	0	0	0	0	0	0	0	0.054902	0.062745	0	0	0	0	0	0	0	0	
0	0	0.027451	0.086275	0	0	0	0	0	0	0	0	0	0	0	0	0	0	0	0	0.054902	0.062745	0	0	0	0	0	0	0	0	
0	0	0	0.11765	0	0	0	0	0	0	0	0	0	0	0	0	0	0	0	0	0.054902	0.062745	0	0	0	0	0	0	0	0	
0	0	0	0.11765	0	0	0	0	0	0	0	0	0	0	0	0	0	0	0	0	0.027451	0.086275	0	0	0	0	0	0	0	0	
0	0	0	0.11765	0	0	0	0	0	0	0	0	0	0	0	0	0	0	0	0	0	0.11765	0	0	0	0	0	0	0	0	
0	0	0	0.11765	0	0	0	0	0	0	0	0	0	0	0	0	0	0	0	0	0	0.11765	0	0	0	0	0	0	0	0	
0	0	0	0.11765	0.062745	0.12157	0.12157	0.12157	0.12157	0.12157	0.12157	0.12157	0.12157	0.12157	0.098039	0.043137	0.12157	0.12157	0.12157	0.12157	0.12941	0.11765	0	0	0	0	0	0	0	0	
0	0	0	0.11765	0	0	0	0	0	0	0	0	0	0	0.023529	0.078431	0	0	0	0	0.027451	0.11765	0	0	0	0	0	0	0	0	
0	0	0	0.11765	0	0	0	0	0	0	0	0	0	0	0	0	0	0	0	0	0	0.11765	0	0	0	0	0	0	0	0	
0	0	0	0.11765	0	0	0	0	0	0	0	0	0	0	0	0	0	0	0	0	0	0.11765	0	0	0	0	0	0	0	0	
0	0	0	0.11765	0	0	0	0	0	0	0	0	0	0	0	0	0	0	0	0	0	0.11765	0	0	0	0	0	0	0	0	
0	0	0	0.11765	0	0	0	0	0	0	0	0	0	0	0	0	0	0	0	0	0	0.11765	0	0	0	0	0	0	0	0	
0	0	0	0.11765	0	0	0	0	0	0	0	0	0	0	0	0	0	0	0	0	0	0.11765	0	0	0	0	0	0	0	0	
0	0	0	0.11765	0	0	0	0	0	0	0	0	0	0	0	0	0	0	0	0	0	0.11765	0	0	0	0	0	0	0	0	
0	0	0	0.11765	0	0	0	0	0	0	0	0	0	0	0	0	0	0	0	0	0	0.1098	0.0078431	0	0	0	0	0	0	0	
0	0	0.047059	0.070588	0	0	0	0	0	0	0	0	0	0	0	0	0	0	0	0	0	0.082353	0.031373	0	0	0	0	0	0	0	
0	0	0.094118	0.023529	0	0	0	0	0	0	0	0	0	0	0	0	0	0	0	0	0	0	0.11765	0	0	0	0	0	0	0	
0	0	0.10588	0.0078431	0	0	0	0	0	0	0	0	0	0	0	0	0	0	0	0	0	0	0.11765	0	0	0	0	0	0	0	
0	0	0.11765	0	0	0	0	0	0	0	0	0	0	0	0	0	0	0	0	0	0	0	0.11765	0	0	0	0	0	0	0	
0	0	0.015686	0	0.10196	0	0	0	0	0	0	0	0	0	0	0	0	0	0	0	0	0	0.11765	0	0	0	0	0	0	0	
0	0	0	0	0.078431	0.12157	0.12157	0.12157	0.12157	0.12157	0.12157	0.12157	0.12157	0.12157	0.12157	0.12157	0.12157	0.12157	0.12157	0.12157	0.12157	0.12157	0.12157	0	0	0	0	0	0	0	

1
1
30		30
2
171	687
154	462
337	699
1
187	688
108
171	687
172	685
173	679
175	673
175	666
176	657
178	643
179	630
179	613
179	597
179	580
179	564
177	548
174	532
170	519
166	508
163	496
161	488
159	482
157	476
157	474
156	471
156	469
154	467
154	466
154	465
154	463
157	462
169	464
182	466
199	469
219	471
238	472
260	472
277	472
292	472
303	472
311	472
316	472
319	472
321	472
322	472
325	471
327	471
328	472
328	474
328	480
328	486
327	493
325	500
324	509
324	518
324	528
324	539
324	550
325	561
326	572
328	581
329	590
329	599
329	608
329	615
329	621
329	627
329	633
329	639
331	645
332	652
332	659
334	665
335	671
335	676
335	681
335	686
335	689
335	692
336	696
337	697
337	698
335	699
327	699
316	699
304	699
290	699
277	699
265	699
253	699
242	699
234	699
226	699
220	699
215	699
212	699
211	699
209	698
208	698
206	698
205	698
203	698
200	698
197	698
194	698
191	698
190	698
187	695
187	694
187	691
187	688

	188	581
188	581
322	590
1
322	590
41
188	581
190	582
195	583
201	583
208	585
216	585
223	585
231	585
238	585
246	585
252	585
256	585
261	585
264	586
265	586
267	588
270	588
273	589
276	589
280	589
283	588
287	587
289	587
292	586
293	585
294	585
295	585
297	585
298	585
300	585
303	585
306	585
310	585
313	585
316	585
319	585
321	585
322	586
322	587
322	588
322	590



7
3
30	30
0	0.058824	0.18431	0.17647	0.17647	0.17647	0.17647	0.17647	0.14118	0.054902	0	0	0	0	0	0	0	0	0	0	0	0	0	0	0	0	0	0	0	0	
0	0.0039216	0.16471	0	0	0	0	0	0.031373	0.11765	0.17647	0.17647	0.17647	0.17647	0.17647	0.17647	0.17647	0.17647	0.17647	0.17647	0.17647	0.17647	0.17647	0.17647	0.17647	0.17647	0.17647	0.062745	0	0	
0	0	0.17255	0	0	0	0	0	0	0	0	0	0	0	0	0	0	0	0	0	0	0	0	0	0	0	0	0.17255	0	0	
0	0	0.17255	0	0	0	0	0	0	0	0	0	0	0	0	0	0	0	0	0	0	0	0	0	0	0	0	0.17255	0	0	
0	0	0.10588	0.062745	0	0	0	0	0	0	0	0	0	0	0	0	0	0	0	0	0	0	0	0	0	0	0	0.17255	0	0	
0	0	0	0.17255	0	0	0	0	0	0	0	0	0	0	0	0	0	0	0	0	0	0	0	0	0	0	0	0.17255	0	0	
0	0	0	0.17255	0	0	0	0	0	0	0	0	0	0	0	0	0	0	0	0	0	0	0	0	0	0	0.027451	0.14118	0	0	
0	0	0	0.17255	0	0	0	0	0	0	0	0	0	0	0	0	0	0	0	0	0	0	0	0	0	0	0.035294	0.13333	0	0	
0	0	0	0.17255	0	0	0	0	0	0	0	0	0	0	0	0	0	0	0	0	0	0	0	0	0	0	0.035294	0.13333	0	0	
0	0	0	0.17255	0	0	0	0	0	0	0	0	0	0	0	0	0	0	0	0	0	0	0	0	0	0	0.090196	0.078431	0	0	
0	0	0	0.17255	0	0	0	0	0	0	0	0	0	0	0	0	0	0	0	0	0	0	0	0	0	0	0.17255	0	0	0	
0	0	0	0.17255	0	0	0	0	0	0	0	0	0	0	0	0	0	0	0	0	0	0	0	0	0	0	0.17255	0	0	0	
0	0	0	0.17255	0	0	0	0	0	0	0	0	0	0	0	0	0	0	0	0	0	0	0	0	0	0	0.17255	0	0	0	
0	0	0	0.17255	0	0	0	0	0	0	0	0	0	0	0	0	0	0	0	0	0	0	0	0	0	0	0.17255	0	0	0	
0	0	0.0039216	0.16471	0	0	0	0	0	0	0	0	0	0	0	0	0	0	0	0	0	0	0.043137	0.086275	0.086275	0.078431	0.17255	0	0	0	
0	0	0.082353	0.086275	0	0	0	0	0	0	0	0	0	0	0	0	0.058824	0.17647	0.17647	0.17647	0.17647	0.17647	0.12941	0.086275	0.086275	0.078431	0.17255	0	0	0	
0	0	0.17255	0	0	0.019608	0.17647	0.17647	0.17647	0.17647	0.17647	0.17647	0.17647	0.17647	0.17647	0.17255	0.11765	0	0	0	0	0	0	0	0	0	0.17255	0	0	0	
0	0	0.17255	0	0	0	0	0	0	0	0	0	0	0	0	0	0	0	0	0	0	0	0	0	0	0	0.17255	0	0	0	
0	0	0.17255	0	0	0	0	0	0	0	0	0	0	0	0	0	0	0	0	0	0	0	0	0	0	0	0.17255	0	0	0	
0	0	0.17255	0	0	0	0	0	0	0	0	0	0	0	0	0	0	0	0	0	0	0	0	0	0	0	0.17255	0	0	0	
0	0	0.17255	0	0	0	0	0	0	0	0	0	0	0	0	0	0	0	0	0	0	0	0	0	0	0	0.17255	0	0	0	
0	0	0.17255	0	0	0	0	0	0	0	0	0	0	0	0	0	0	0	0	0	0	0	0	0	0	0	0.17255	0	0	0	
0	0.078431	0.090196	0	0	0	0	0	0	0	0	0	0	0	0	0	0	0	0	0	0	0	0	0	0	0	0.17255	0	0	0	
0	0.16471	0.0039216	0	0	0	0	0	0	0	0	0	0	0	0	0	0	0	0	0	0	0	0	0	0	0	0.17255	0	0	0	
0	0.17255	0	0	0	0	0	0	0	0	0	0	0	0	0	0	0	0	0	0	0	0	0	0	0	0	0.17255	0	0	0	
0	0.17255	0	0	0	0	0	0	0	0	0	0	0	0	0	0	0	0	0	0	0	0	0	0	0	0	0.17255	0	0	0	
0	0.13725	0	0	0	0	0	0	0	0	0	0	0	0	0	0	0	0	0	0	0	0	0	0	0	0	0.17255	0	0	0	
0.05098	0	0	0	0	0	0	0	0	0	0	0	0	0	0	0.035294	0.12941	0.17647	0.17647	0.17647	0.17647	0.17647	0.17647	0.17647	0.17647	0.17647	0.10588	0	0	0	
0.031373	0.13725	0	0	0	0	0	0	0	0.05098	0.094118	0.17647	0.17647	0.17647	0.17647	0.14118	0.043137	0	0	0	0	0	0	0	0	0	0	0	0	0	
0	0.066667	0.17647	0.17647	0.17647	0.17647	0.17647	0.17647	0.17647	0.12157	0.078431	0	0	0	0	0	0	0	0	0	0	0	0	0	0	0	0	0	0	0	

1
1
30		30
2
612	390
606	243
761	405
1
606	396
80
612	390
613	389
613	387
613	383
613	376
614	369
616	359
617	349
619	339
620	328
622	318
623	309
623	299
623	291
623	282
623	275
621	268
619	262
618	257
618	252
616	249
616	247
615	246
613	244
615	243
621	243
628	243
636	243
646	244
658	246
671	249
685	250
700	250
713	250
727	250
738	250
746	250
753	250
759	250
760	250
761	254
761	258
761	265
760	274
759	283
759	293
757	303
756	314
756	324
756	333
756	341
756	348
756	354
756	360
756	365
756	369
756	375
756	378
756	383
756	386
756	389
756	392
755	393
747	393
734	394
718	396
700	397
681	400
664	403
647	405
633	405
623	405
617	405
614	405
612	403
611	401
609	399
608	398
607	397
606	396

	752	324
637	324
752	334
1
637	333
17
752	324
746	324
737	324
724	327
709	328
694	331
680	333
670	334
661	334
655	334
649	334
646	334
644	334
641	333
640	333
638	333
637	333



7
3
30	30
0.14118	0.1451	0.1451	0.1451	0.1451	0.1451	0.1451	0.1451	0.1451	0.1451	0.1451	0.1451	0.1451	0.1451	0.1451	0.1451	0.1451	0.1451	0.1451	0.1451	0.1451	0.1451	0.1451	0.1451	0.1451	0.1451	0.1451	0.1451	0.1451	0.094118	
0.1451	0.0039216	0	0	0	0	0	0	0	0	0	0	0	0	0	0	0	0	0	0	0	0	0	0	0	0	0	0	0	0.14902	
0.027451	0.12157	0	0	0	0	0	0	0	0	0	0	0	0	0	0	0	0	0	0	0	0	0	0	0	0	0	0	0	0.14902	
0	0.14902	0	0	0	0	0	0	0	0	0	0	0	0	0	0	0	0	0	0	0	0	0	0	0	0	0	0	0	0.14902	
0	0.14902	0	0	0	0	0	0	0	0	0	0	0	0	0	0	0	0	0	0	0	0	0	0	0	0	0	0	0	0.14902	
0	0.0078431	0.14118	0	0	0	0	0	0	0	0	0	0	0	0	0	0	0	0	0	0	0	0	0	0	0	0	0	0.027451	0.12157	
0	0	0.14902	0	0	0	0	0	0	0	0	0	0	0	0	0	0	0	0	0	0	0	0	0	0	0	0	0	0.14902	0	
0	0	0.035294	0.11373	0	0	0	0	0	0	0	0	0	0	0	0	0	0	0	0	0	0	0	0	0	0	0	0	0.14902	0	
0	0	0	0.14902	0	0	0	0	0	0	0	0	0	0	0	0	0	0	0	0	0	0	0	0	0	0	0	0	0.14902	0	
0	0	0	0.070588	0.078431	0	0	0	0	0	0	0	0	0	0	0	0	0	0	0	0	0	0	0	0	0	0	0	0.14902	0	
0	0	0	0	0.14902	0	0	0	0	0	0	0	0	0	0	0	0	0	0	0	0	0	0	0	0	0	0	0	0.14902	0	
0	0	0	0	0.12549	0.023529	0	0	0	0	0	0	0	0	0	0	0	0	0	0	0	0	0	0	0	0	0	0	0.14902	0	
0	0	0	0	0	0.14902	0	0	0	0	0	0	0	0	0	0	0	0	0	0	0	0	0	0	0	0	0	0	0.14902	0	
0	0	0	0.094118	0.1451	0.27451	0.1451	0.1451	0.1451	0.1451	0.1451	0.1451	0.1451	0.1451	0.1451	0.1451	0.1451	0.1451	0.1451	0.1451	0.1451	0.1451	0.1451	0.1098	0	0	0	0	0.14902	0	
0	0	0	0	0	0.058824	0.090196	0	0	0	0	0	0	0	0	0	0	0	0	0	0	0	0	0	0	0	0	0	0.14902	0	
0	0	0	0	0	0	0.14902	0	0	0	0	0	0	0	0	0	0	0	0	0	0	0	0	0	0	0	0	0	0.14902	0	
0	0	0	0	0	0	0.10588	0.043137	0	0	0	0	0	0	0	0	0	0	0	0	0	0	0	0	0	0	0	0	0.14902	0	
0	0	0	0	0	0	0	0.14902	0	0	0	0	0	0	0	0	0	0	0	0	0	0	0	0	0	0	0	0	0.14902	0	
0	0	0	0	0	0	0	0.12549	0.023529	0	0	0	0	0	0	0	0	0	0	0	0	0	0	0	0	0	0	0	0.14902	0	
0	0	0	0	0	0	0	0.0039216	0.1451	0	0	0	0	0	0	0	0	0	0	0	0	0	0	0	0	0	0	0	0.14902	0	
0	0	0	0	0	0	0	0	0.14902	0	0	0	0	0	0	0	0	0	0	0	0	0	0	0	0	0	0	0	0.14902	0	
0	0	0	0	0.062745	0.1451	0.1451	0.1451	0.20784	0.1451	0.1451	0.1451	0.1451	0.1451	0.1451	0.1451	0.1451	0.1451	0.1451	0.1451	0.1451	0.1451	0.1451	0.1451	0.1451	0.1451	0.1451	0.1451	0.12941	0	
0	0	0	0	0	0	0	0	0	0	0	0	0	0	0	0	0	0	0	0	0	0	0	0	0	0	0	0	0	0	
0	0	0	0	0	0	0	0	0	0	0	0	0	0	0	0	0	0	0	0	0	0	0	0	0	0	0	0	0	0	
0	0	0	0	0	0	0	0	0	0	0	0	0	0	0	0	0	0	0	0	0	0	0	0	0	0	0	0	0	0	
0	0	0	0	0	0	0	0	0	0	0	0	0	0	0	0	0	0	0	0	0	0	0	0	0	0	0	0	0	0	
0	0	0	0	0	0	0	0	0	0	0	0	0	0	0	0	0	0	0	0	0	0	0	0	0	0	0	0	0	0	
0	0	0	0	0	0	0	0	0	0	0	0	0	0	0	0	0	0	0	0	0	0	0	0	0	0	0	0	0	0	
0	0	0	0	0	0	0	0	0	0	0	0	0	0	0	0	0	0	0	0	0	0	0	0	0	0	0	0	0	0	
0	0	0	0	0	0	0	0	0	0	0	0	0	0	0	0	0	0	0	0	0	0	0	0	0	0	0	0	0	0	

1
1
30		30
2
614	599
560	457
750	600
1
587	600
75
614	599
614	598
613	593
611	586
608	579
604	570
599	560
596	551
592	540
587	528
582	515
577	504
572	493
568	483
565	473
563	467
562	461
562	459
560	457
563	457
566	457
572	457
581	457
592	457
607	457
622	458
640	458
658	458
673	458
688	458
701	458
713	458
724	458
732	458
738	458
743	458
745	458
746	458
748	458
749	458
750	463
750	472
749	481
748	491
745	500
745	511
745	521
745	533
745	545
745	556
745	567
745	576
745	584
745	589
745	593
745	596
745	598
744	599
738	599
731	599
720	600
707	600
692	600
677	600
661	600
647	600
632	600
619	600
608	600
600	600
594	600
591	600
590	600
588	600
587	600

	579	547
579	544
712	547
1
712	544
13
579	547
581	547
589	547
600	547
614	547
629	547
644	547
661	547
677	547
692	547
704	545
711	544
712	544



7
3
30	30
0.078431	0.2	0.2	0.2	0.19608	0.19608	0.15686	0	0	0	0	0	0	0	0	0	0	0	0	0	0	0	0	0	0	0	0	0.15686	0	0	
0.19608	0	0	0	0	0	0.039216	0.2	0.2	0.2	0.2	0.2	0.2	0.2	0.2	0.2	0.2	0.2	0.2	0.2	0.2	0.2	0.2	0.2	0.2	0.2	0.2	0.11765	0.15686	0	
0.078431	0.11765	0	0	0	0	0	0	0	0	0	0	0	0	0	0	0	0	0	0	0	0	0	0	0	0	0	0	0.2	0	
0	0.2	0	0	0	0	0	0	0	0	0	0	0	0	0	0	0	0	0	0	0	0	0	0	0	0	0	0	0.2	0	
0	0.19608	0	0	0	0	0	0	0	0	0	0	0	0	0	0	0	0	0	0	0	0	0	0	0	0	0	0.11765	0.078431	0	
0	0.078431	0.11765	0	0	0	0	0	0	0	0	0	0	0	0	0	0	0	0	0	0	0	0	0	0	0	0	0.19608	0	0	
0	0	0.2	0	0	0	0	0	0	0	0	0	0	0	0	0	0	0	0	0	0	0	0	0	0	0	0	0.2	0	0	
0	0	0.15686	0.039216	0	0	0	0	0	0	0	0	0	0	0	0	0	0	0	0	0	0	0	0	0	0	0	0.2	0	0	
0	0	0	0.2	0	0	0	0	0	0	0	0	0	0	0	0	0	0	0	0	0	0	0	0	0	0	0	0.2	0	0	
0	0	0	0.19608	0	0	0	0	0	0	0	0	0.039216	0.19608	0.19608	0.19608	0.19608	0.19608	0.19608	0.19608	0.19608	0.19608	0.19608	0.19608	0.19608	0.19608	0.19608	0.35686	0.19608	0.078431	
0	0	0	0.039216	0.15686	0	0.078431	0.19608	0.2	0.2	0.2	0.2	0.15686	0	0	0	0	0	0	0	0	0	0	0	0	0	0.15686	0.039216	0	0	
0	0	0	0	0.27843	0.2	0.11765	0	0	0	0	0	0	0	0	0	0	0	0	0	0	0	0	0	0	0	0.2	0	0	0	
0	0	0	0	0.039216	0.15686	0	0	0	0	0	0	0	0	0	0	0	0	0	0	0	0	0	0	0	0	0.2	0	0	0	
0	0	0	0	0	0.2	0	0	0	0	0	0	0	0	0	0	0	0	0	0	0	0	0	0	0	0.078431	0.11765	0	0	0	
0	0	0	0	0	0.19608	0	0	0	0	0	0	0	0	0	0	0	0	0	0	0	0	0	0	0	0.19608	0	0	0	0	
0	0	0	0	0	0	0.2	0	0	0	0	0	0	0	0	0	0	0	0	0	0	0	0	0	0	0.2	0	0	0	0	
0	0	0	0	0	0	0.2	0	0	0	0	0	0	0	0	0	0	0	0	0	0	0	0	0	0	0.2	0	0	0	0	
0	0	0	0	0	0	0.19608	0	0	0	0	0	0	0	0	0	0	0	0	0	0	0	0	0	0	0.2	0	0	0	0	
0	0	0	0	0.11765	0.039216	0	0.2	0	0	0	0	0	0	0	0	0	0	0	0	0.15686	0.19608	0.19608	0.2	0.2	0.15686	0	0	0	0	
0	0	0	0	0	0.2	0.2	0.35686	0.2	0.2	0.2	0.2	0.2	0.2	0.2	0.2	0.2	0.2	0.2	0.2	0.039216	0	0	0	0	0	0	0	0	0	
0	0	0	0	0	0	0	0.19608	0	0	0	0	0	0	0	0	0	0	0	0	0	0	0	0	0	0	0	0	0	0	
0	0	0	0	0	0	0	0.039216	0.039216	0	0	0	0	0	0	0	0	0	0	0	0	0	0	0	0	0	0	0	0	0	
0	0	0	0	0	0	0	0	0	0	0	0	0	0	0	0	0	0	0	0	0	0	0	0	0	0	0	0	0	0	
0	0	0	0	0	0	0	0	0	0	0	0	0	0	0	0	0	0	0	0	0	0	0	0	0	0	0	0	0	0	
0	0	0	0	0	0	0	0	0	0	0	0	0	0	0	0	0	0	0	0	0	0	0	0	0	0	0	0	0	0	
0	0	0	0	0	0	0	0	0	0	0	0	0	0	0	0	0	0	0	0	0	0	0	0	0	0	0	0	0	0	
0	0	0	0	0	0	0	0	0	0	0	0	0	0	0	0	0	0	0	0	0	0	0	0	0	0	0	0	0	0	
0	0	0	0	0	0	0	0	0	0	0	0	0	0	0	0	0	0	0	0	0	0	0	0	0	0	0	0	0	0	
0	0	0	0	0	0	0	0	0	0	0	0	0	0	0	0	0	0	0	0	0	0	0	0	0	0	0	0	0	0	
0	0	0	0	0	0	0	0	0	0	0	0	0	0	0	0	0	0	0	0	0	0	0	0	0	0	0	0	0	0	

1
1
30		30
2
183	480
146	377
283	480
1
168	465
63
183	480
182	478
182	474
179	468
177	460
174	452
171	442
166	431
161	421
156	408
152	398
149	390
147	382
146	379
146	378
147	377
155	377
164	378
177	379
189	379
204	379
219	379
232	379
243	379
252	379
261	379
267	379
273	379
277	379
278	379
279	379
280	378
281	378
282	377
283	380
283	387
283	395
281	405
279	414
278	424
275	432
273	441
272	447
270	453
270	459
270	462
270	464
270	465
268	466
266	466
261	466
253	468
243	469
231	469
216	469
202	469
191	469
180	469
172	469
169	469
168	469
167	468
168	465

	289	423
166	423
289	429
1
166	429
19
289	423
288	423
285	423
281	423
276	423
268	423
258	423
248	423
239	423
230	423
220	423
210	423
200	426
190	427
183	427
175	429
169	429
168	429
166	429



7
3
30	30
0	0	0	0	0	0	0	0	0	0	0	0	0	0	0	0	0	0	0	0	0	0	0	0	0	0	0	0	0	0	
0	0	0	0	0	0	0	0	0	0	0	0	0	0	0	0	0	0	0	0	0	0	0	0	0	0	0	0	0	0	
0	0	0	0	0	0.21961	0.66667	0.66667	0.66667	0.66667	0.55294	0.32941	0.21961	0	0	0	0	0	0	0	0	0	0	0	0	0	0	0	0	0	
0	0	0	0	0	0.66667	0	0	0	0	0.1098	0.32941	0.44314	0.66667	0	0	0	0	0	0	0	0	0	0	0	0	0	0	0	0	
0	0	0	0	0	0.66667	0	0	0	0	0	0	0	0	0.55294	0.32941	0.32941	0.32941	0.32941	0.32941	0	0	0	0	0	0	0	0	0	0	
0	0	0	0	0	0.66667	0	0	0	0	0	0	0	0	0.1098	0.32941	0.32941	0.32941	0.32941	0.32941	0.66667	0.66667	0.66667	0.66667	0.66667	0.66667	0.66667	0.21961	0	0	
0	0	0	0	0.32941	0.32941	0	0	0	0	0	0	0	0	0	0	0	0	0	0	0	0	0	0	0	0	0.21961	0.44314	0	0	
0	0	0	0	0.32941	0.32941	0	0	0	0	0	0	0	0	0	0	0	0	0	0	0	0	0	0	0	0	0	0.66667	0	0	
0	0	0	0	0.32941	0.32941	0	0	0	0	0	0	0	0	0	0	0	0	0	0	0	0	0	0	0	0	0	0.66667	0	0	
0	0	0	0	0.32941	0.32941	0	0	0	0	0	0	0	0	0	0	0	0	0	0	0	0	0	0	0	0	0	0.66667	0	0	
0	0	0	0	0.32941	0.32941	0	0	0	0	0	0	0	0	0	0	0	0	0	0	0	0	0	0	0	0	0	0.66667	0	0	
0	0	0	0	0.55294	0.1098	0	0	0	0	0	0	0	0	0	0	0	0	0	0	0	0	0	0	0	0	0	0.66667	0	0	
0	0	0	0.21961	0.44314	0	0	0	0	0	0	0	0	0	0	0	0	0	0	0	0	0	0	0	0	0	0	0.66667	0	0	
0	0	0	0.66667	0	0	0	0	0	0	0	0	0	0	0	0	0	0	0	0	0	0	0	0	0	0	0	0.66667	0	0	
0	0	0	0.66667	0	0	0	0	0.1098	0.32941	0.32941	0.32941	0.32941	0.32941	0.32941	0.32941	0.32941	0.32941	0	0	0	0	0	0	0	0	0	0.66667	0	0	
0	0	0	0.66667	0	0	0	0	0.1098	0.32941	0.32941	0.32941	0.32941	0.32941	0.32941	0.32941	0.32941	0.32941	0.44314	0	0	0	0	0	0	0	0	0.66667	0	0	
0	0	0	0.66667	0	0	0	0	0	0	0	0	0	0	0	0	0	0	0.21961	0.66667	0.66667	0.21961	0	0	0	0	0	0.66667	0	0	
0	0	0	0.66667	0	0	0	0	0	0	0	0	0	0	0	0	0	0	0	0	0	0	0	0	0	0	0.21961	0.44314	0	0	
0	0	0	0.66667	0	0	0	0	0	0	0	0	0	0	0	0	0	0	0	0	0	0	0	0	0	0	0.32941	0.32941	0	0	
0	0	0.21961	0.44314	0	0	0	0	0	0	0	0	0	0	0	0	0	0	0	0	0	0	0	0	0	0	0.55294	0.1098	0	0	
0	0	0.77647	0.55294	0.21961	0	0	0	0	0	0	0	0	0	0	0	0	0	0	0	0	0	0	0	0	0	0.66667	0	0	0	
0	0	0.32941	0.55294	0.44314	0.21961	0	0	0	0	0	0	0	0	0	0	0	0	0	0	0	0	0	0	0	0	0.66667	0	0	0	
0	0	0.66667	0	0	0.44314	0.21961	0	0	0	0	0	0	0	0	0	0	0	0	0	0	0	0	0	0	0.21961	0.44314	0	0	0	
0	0	0.21961	0	0	0	0.44314	0.66667	0.66667	0.66667	0.66667	0.66667	0.66667	0.66667	0.66667	0.66667	0.66667	0.66667	0.66667	0.66667	0.66667	0.66667	0.66667	0.66667	0.66667	0.44314	0	0	0	0	
0	0	0	0	0	0	0	0	0	0	0	0	0	0	0	0	0	0	0	0	0	0	0	0	0	0	0	0	0	0	
0	0	0	0	0	0	0	0	0	0	0	0	0	0	0	0	0	0	0	0	0	0	0	0	0	0	0	0	0	0	
0	0	0	0	0	0	0	0	0	0	0	0	0	0	0	0	0	0	0	0	0	0	0	0	0	0	0	0	0	0	
0	0	0	0	0	0	0	0	0	0	0	0	0	0	0	0	0	0	0	0	0	0	0	0	0	0	0	0	0	0	
0	0	0	0	0	0	0	0	0	0	0	0	0	0	0	0	0	0	0	0	0	0	0	0	0	0	0	0	0	0	
0	0	0	0	0	0	0	0	0	0	0	0	0	0	0	0	0	0	0	0	0	0	0	0	0	0	0	0	0	0	

1
1
30		30
2
575	423
575	392
613	424
1
575	419
45
575	423
576	421
577	417
577	414
577	409
579	405
579	401
580	397
580	394
580	393
582	392
585	392
588	393
591	394
594	396
598	396
602	397
606	397
609	397
611	397
612	397
613	399
613	402
613	405
613	410
613	413
613	414
612	417
611	420
611	422
610	423
609	424
607	424
606	424
603	424
600	424
597	424
594	424
591	424
588	424
585	424
582	424
580	422
577	420
575	419

	603	413
585	411
603	413
1
585	411
10
603	413
600	413
598	411
595	411
592	411
591	411
589	411
588	411
586	411
585	411



7
3
30	30
0	0	0	0	0	0	0	0	0	0	0	0	0	0	0	0	0	0	0	0	0	0	0	0	0	0	0	0	0	0	
0	0	0	0	0.070588	0.41176	0.41176	0.41176	0.41176	0.26667	0	0	0	0	0	0	0	0	0	0	0	0	0	0	0	0	0	0	0	0	
0	0	0	0	0.49412	0.1098	0.1098	0.1098	0.1098	0.25882	0.52549	0.4902	0.35686	0.32941	0	0	0	0	0	0	0	0	0	0	0	0	0	0	0	0	
0	0	0	0	0.53333	0	0	0	0	0	0	0.035294	0.16863	0.19216	0.52549	0.52549	0.31765	0.043137	0	0	0	0	0	0	0	0	0	0	0	0	
0	0	0	0	0.53333	0	0	0	0	0	0	0	0	0	0	0	0.20784	0.48235	0.30588	0.24314	0.21569	0	0	0	0	0	0	0.16471	0.094118	0	
0	0	0	0	0.53333	0	0	0	0	0	0	0	0	0	0	0	0	0	0.21961	0.28235	0.30588	0.52549	0.52549	0.52549	0.52549	0.52549	0.52549	0.46275	0.39216	0	
0	0	0	0	0.48627	0.047059	0	0	0	0	0	0	0	0	0	0	0	0	0	0	0	0	0	0	0	0	0	0.4	0.13333	0	
0	0	0	0	0.17647	0.35686	0	0	0	0	0	0	0	0	0	0	0	0	0	0	0	0	0	0	0	0	0.015686	0.51765	0	0	
0	0	0	0	0.17647	0.35686	0	0	0	0	0	0	0	0	0	0	0	0	0	0	0	0	0	0	0	0	0.21961	0.31373	0	0	
0	0	0	0	0.17647	0.35686	0	0	0	0	0	0	0	0	0	0	0	0	0	0	0	0	0	0	0	0	0.53333	0	0	0	
0	0	0	0	0.17647	0.35686	0	0	0	0	0	0	0	0	0	0	0	0	0	0	0	0	0	0	0	0.27451	0.25882	0	0	0	
0	0	0	0	0.17647	0.35686	0	0	0	0	0	0	0	0	0	0	0	0	0	0	0	0	0	0	0.13333	0.37647	0.023529	0	0	0	
0	0.20392	0.52549	0.52549	0.61176	0.69412	0.52549	0.52549	0.52549	0.52549	0.52549	0.52549	0.52549	0.52549	0.52549	0.52549	0.52549	0.52549	0.52549	0.52549	0.52549	0.22353	0	0	0.41176	0.11765	0	0	0	0	
0	0	0	0	0.17647	0.35686	0	0	0	0	0	0	0	0	0	0	0	0	0	0	0	0	0	0.1098	0.41961	0	0	0	0	0	
0	0	0	0	0.17647	0.35686	0	0	0	0	0	0	0	0	0	0	0	0	0	0	0	0	0.10196	0.4	0.027451	0	0	0	0	0	
0	0	0	0	0.17647	0.35686	0	0	0	0	0	0	0	0	0	0	0	0	0	0	0	0.0039216	0.49804	0.027451	0	0	0	0	0	0	
0	0	0	0	0.17647	0.35686	0	0	0	0	0	0	0	0	0	0	0	0	0	0	0	0.035294	0.49804	0	0	0	0	0	0	0	
0	0	0	0	0.17647	0.35686	0	0	0	0	0	0	0	0	0	0	0	0	0	0	0.0039216	0.31373	0.21569	0	0	0	0	0	0	0	
0	0	0	0	0.17647	0.35686	0	0	0	0	0	0	0	0	0	0	0	0	0	0	0.10588	0.42745	0	0	0	0	0	0	0	0	
0	0	0	0	0.17647	0.35686	0	0	0	0	0	0	0	0	0	0	0	0	0	0	0.10588	0.42745	0	0	0	0	0	0	0	0	
0	0	0	0	0.45882	0.61176	0.39608	0.39608	0.39608	0.39608	0.39608	0.39608	0.39608	0.39608	0.39608	0.39608	0.39608	0.39608	0.39608	0.39608	0.41569	0.25882	0	0	0	0	0	0	0	0	
0	0	0	0	0.17647	0.43922	0.12941	0.12941	0.12941	0.12941	0.12941	0.12941	0.12941	0.12941	0.12941	0.12941	0.12941	0.12941	0.12941	0.12941	0.11765	0	0	0	0	0	0	0	0	0	
0	0	0	0	0.17647	0.35686	0	0	0	0	0	0	0	0	0	0	0	0	0	0	0	0	0	0	0	0	0	0	0	0	
0	0	0	0	0.17647	0.35686	0	0	0	0	0	0	0	0	0	0	0	0	0	0	0	0	0	0	0	0	0	0	0	0	
0	0	0	0	0.17647	0.35686	0	0	0	0	0	0	0	0	0	0	0	0	0	0	0	0	0	0	0	0	0	0	0	0	
0	0	0	0	0.17647	0.35686	0	0	0	0	0	0	0	0	0	0	0	0	0	0	0	0	0	0	0	0	0	0	0	0	
0	0	0	0	0.070588	0.1451	0	0	0	0	0	0	0	0	0	0	0	0	0	0	0	0	0	0	0	0	0	0	0	0	
0	0	0	0	0	0	0	0	0	0	0	0	0	0	0	0	0	0	0	0	0	0	0	0	0	0	0	0	0	0	
0	0	0	0	0	0	0	0	0	0	0	0	0	0	0	0	0	0	0	0	0	0	0	0	0	0	0	0	0	0	
0	0	0	0	0	0	0	0	0	0	0	0	0	0	0	0	0	0	0	0	0	0	0	0	0	0	0	0	0	0	

1
1
30		30
2
501	565
500	519
544	565
1
500	554
47
501	565
501	564
501	562
501	559
501	555
501	550
501	546
501	540
501	534
501	529
500	525
500	522
500	520
501	519
503	519
506	519
510	520
514	521
518	522
522	523
526	525
528	525
531	526
534	526
536	526
539	526
540	526
542	526
544	525
544	527
543	530
540	536
537	541
534	545
533	548
531	551
531	552
531	554
530	555
526	555
523	555
519	555
513	555
508	555
504	555
501	555
500	554

	531	539
495	539
531	539
1
495	539
12
531	539
529	539
525	539
520	539
516	539
510	539
505	539
501	539
499	539
498	539
496	539
495	539



7
3
30	30
0	0	0	0	0	0	0	0	0	0	0	0	0	0	0	0	0	0	0	0	0	0	0	0	0	0	0	0	0	0	
0	0	0	0	0	0	0	0	0	0	0	0	0.015686	0.023529	0.023529	0.023529	0.023529	0.023529	0.023529	0	0	0	0	0	0	0	0	0	0	0	
0	0	0	0	0	0	0	0	0	0	0	0.14902	0.56078	0.63137	0.63137	0.63137	0.63137	0.63137	0.63137	0.38824	0.36471	0.047059	0	0	0	0	0	0	0	0	
0	0	0	0	0	0	0	0	0	0	0	0.40784	0.27059	0	0	0	0	0	0	0.26275	0.2902	0.60784	0.6549	0.6549	0.6549	0.6	0.027451	0	0	0	
0	0	0	0	0	0	0	0	0	0	0.035294	0.47843	0.16471	0	0	0	0	0	0	0	0	0	0	0	0	0.090196	0.58824	0	0	0	
0	0	0	0	0	0	0	0	0	0	0.090196	0.58824	0	0	0	0	0	0	0	0	0	0	0	0	0	0.090196	0.58824	0	0	0	
0	0	0	0	0	0	0	0	0	0	0.090196	0.58824	0	0	0	0	0	0	0	0	0	0	0	0	0	0.090196	0.58824	0	0	0	
0	0	0	0	0	0	0	0	0	0	0.090196	0.58824	0	0	0	0	0	0	0	0	0	0	0	0	0	0.019608	0.41176	0.24314	0	0	
0	0	0	0	0	0	0	0	0	0	0.090196	0.58824	0	0	0	0	0	0	0	0	0	0	0	0	0	0	0	0.67843	0	0	
0	0	0	0	0	0	0	0	0	0	0.16078	0.51765	0	0	0	0	0	0	0	0	0	0	0	0	0	0	0	0.67843	0	0	
0	0	0	0	0	0	0	0	0	0	0.67843	0	0	0	0	0	0	0	0	0	0	0	0	0	0	0	0	0.67843	0	0	
0	0	0	0	0	0	0	0	0	0.36471	0.31373	0	0	0	0	0	0	0	0	0	0	0	0	0	0	0	0	0.67843	0	0	
0	0	0	0	0	0	0	0	0	0.45098	0.22353	0	0	0	0	0	0	0	0	0	0	0	0	0	0	0	0	0.67843	0	0	
0	0	0	0	0	0	0	0	0.1098	0.52941	0.035294	0	0	0	0	0	0	0	0	0	0	0	0	0	0	0	0	0.67843	0	0	
0	0	0	0	0	0	0	0	0.13333	0.77647	0.5098	0.5098	0.5098	0.5098	0.5098	0.5098	0.5098	0.5098	0.5098	0.5098	0.5098	0.5098	0.5098	0.090196	0	0	0	0.67843	0	0	
0	0	0	0	0	0	0	0	0.13333	0.61176	0.1451	0.1451	0.1451	0.1451	0.1451	0.1451	0.1451	0.1451	0.1451	0.1451	0.1451	0.1451	0.1451	0.47451	0	0	0	0.67843	0	0	
0	0	0	0	0	0	0	0	0.13333	0.5451	0	0	0	0	0	0	0	0	0	0	0	0	0	0	0	0	0	0.67843	0	0	
0	0	0	0	0	0	0	0	0.2549	0.42353	0	0	0	0	0	0	0	0	0	0	0	0	0	0	0	0	0	0.67843	0	0	
0	0	0	0	0	0	0	0	0.67843	0	0	0	0	0	0	0	0	0	0	0	0	0	0	0	0	0	0	0.67843	0	0	
0	0	0	0	0	0	0	0.45098	0.22745	0	0	0	0	0	0	0	0	0	0	0	0	0	0	0	0	0	0	0.67843	0	0	
0	0	0	0	0	0	0.10588	0.49804	0.07451	0	0	0	0	0	0	0	0	0	0	0	0	0	0	0	0	0	0	0.67843	0	0	
0	0	0.18039	0	0	0	0.18039	0.49804	0	0	0	0	0	0	0	0	0	0	0	0	0	0	0	0	0	0	0	0.67843	0	0	
0	0	0.43137	0.60784	0.60784	0.60784	0.67843	0.49804	0	0	0	0	0	0	0	0	0	0	0	0	0	0	0	0	0	0	0.24706	0.84706	0	0	
0	0	0.011765	0.047059	0.047059	0.047059	0.21961	0.82745	0.6549	0.6549	0.6549	0.6549	0.6549	0.6549	0.6549	0.6549	0.6549	0.6549	0.6549	0.6549	0.6549	0.6549	0.6549	0.6549	0.6549	0.6549	0.40784	0.043137	0	0	
0	0	0	0	0	0	0.18039	0.49804	0	0	0	0	0	0	0	0	0	0	0	0	0	0	0	0	0	0	0	0	0	0	
0	0	0	0	0	0	0.0039216	0.011765	0	0	0	0	0	0	0	0	0	0	0	0	0	0	0	0	0	0	0	0	0	0	
0	0	0	0	0	0	0	0	0	0	0	0	0	0	0	0	0	0	0	0	0	0	0	0	0	0	0	0	0	0	
0	0	0	0	0	0	0	0	0	0	0	0	0	0	0	0	0	0	0	0	0	0	0	0	0	0	0	0	0	0	
0	0	0	0	0	0	0	0	0	0	0	0	0	0	0	0	0	0	0	0	0	0	0	0	0	0	0	0	0	0	
0	0	0	0	0	0	0	0	0	0	0	0	0	0	0	0	0	0	0	0	0	0	0	0	0	0	0	0	0	0	

1
1
30		30
2
279	534
272	500
309	534
1
272	530
45
279	534
279	532
279	530
280	527
282	523
282	519
283	516
285	511
285	508
285	506
286	503
286	502
286	501
287	500
290	500
293	500
297	501
300	502
303	502
305	502
307	503
307	506
309	509
309	514
309	518
309	521
309	522
309	524
309	525
309	528
309	530
309	531
307	532
303	532
300	532
295	532
291	532
286	532
283	532
280	532
279	532
276	531
274	531
273	531
272	530

	303	520
282	519
303	520
1
282	519
9
303	520
302	519
300	519
295	519
291	519
287	519
285	519
283	519
282	519



