4
CE
3
Identifiable
1
CanvasElementBase
3
0
77
376
259
189

0
0
77
376

1
UMLClassComponent
shared_nonnull
2
3131961357

shared_nonnull
3
2
206
470
-1163005939
4
-129
-94
	130
-94
	130
-66
	-129
-66


0

shared_nonnull
4
2
206
470
-1163005939
4
-129
-67
	130
-67
	130
15
	-129
15


0

shared_nonnull
5
2
206
470
-1163005939
4
-129
14
	130
14
	130
96
	-129
96


0

17
shared_nonnull
6
1
206
470
-1163005939
4
-129
-94
	-124
-94
	-124
95
	-129
95


0

shared_nonnull
7
1
206
470
-1163005939
4
118
-94
	130
-94
	130
95
	118
95


0

shared_nonnull
8
1
206
470
-1163005939
4
-129
-94
	130
-94
	130
-89
	-129
-89


0

shared_nonnull
9
1
206
470
-1163005939
4
-129
88
	130
88
	130
95
	-129
95


0

CE
4
2
Identifiable
10
CanvasElementBase
4
0
875
711
240
182

0
0
875
711

0
CE
3
Identifiable
12
CanvasElementBase
3
0
648
385
274
196

0
0
0
0

0
UMLClassComponent
shared_nonnull
13
3131961357

shared_nonnull
14
2
784
482
-1163005939
4
-137
-98
	138
-98
	138
-69
	-137
-69


0

shared_nonnull
15
2
784
482
-1163005939
4
-137
-70
	138
-70
	138
15
	-137
15


0

shared_nonnull
16
2
784
482
-1163005939
4
-137
14
	138
14
	138
99
	-137
99


0

17
shared_nonnull
17
1
784
482
-1163005939
4
-136
-97
	-131
-97
	-131
99
	-136
99


0

shared_nonnull
18
1
784
482
-1163005939
4
126
-97
	138
-97
	138
99
	126
99


0

shared_nonnull
19
1
784
482
-1163005939
4
-136
-97
	138
-97
	138
-92
	-136
-92


0

shared_nonnull
20
1
784
482
-1163005939
4
-136
92
	138
92
	138
99
	-136
99


0

CE
1
Identifiable
21
CanvasElementBase
1
0
324
369
336
85

0
0
0
0

0
3
335
380
608
380

1
shared_nonnull
26
4
393
380
-1163005939
4
0
0
	216
0
	216
34
	0
34


0

shared_nonnull
27
2
393
380
-1163005939
4
0
0
	216
0
	216
34
	0
34


0

	608
380
608
442

0
shared_nonnull
28
4
608
409
-1163005939
4
0
0
	1
0
	1
34
	0
34


0

shared_nonnull
29
2
608
409
-1163005939
4
0
0
	1
0
	1
34
	0
34


0

	608
442
648
442

1
shared_nonnull
30
4
608
442
-1163005939
4
0
0
	41
0
	41
1
	0
1


0

shared_nonnull
31
2
608
442
-1163005939
4
0
0
	41
0
	41
1
	0
1


0


Iter
3
1
10
233
4
327
409
4
57
652
442
0x2b5baf00x2b5c158CE
CE
CE
CE
