7
3
30	30
0	0	0	0	0	0	0	0	0.07451	0	0	0	0	0	0	0	0	0	0	0	0	0	0	0	0	0	0	0	0	0	
0	0	0	0	0	0	0	0	0.19608	0.19608	0	0	0	0	0	0	0	0	0	0	0	0	0	0	0	0	0	0	0	0	
0	0	0	0	0	0	0	0	0.2	0.2	0	0	0	0	0	0	0	0	0	0	0	0	0	0	0	0	0	0	0	0	
0	0	0	0	0	0	0	0	0.2	0.16863	0.027451	0	0	0	0	0	0	0	0	0	0	0	0	0	0	0	0	0	0	0	
0	0	0	0	0	0	0	0.10588	0.090196	0	0.2	0	0	0	0	0	0	0	0	0	0	0	0	0	0	0	0	0	0	0	
0	0	0	0	0	0	0.10196	0.094118	0	0	0.2	0	0	0	0	0	0	0	0	0	0	0	0	0	0	0	0	0	0	0	
0	0	0	0	0	0.019608	0.17647	0	0	0	0.17647	0.019608	0	0	0	0	0	0	0	0	0	0	0	0	0	0	0	0	0	0	
0	0	0	0	0	0.19608	0	0	0	0	0	0.2	0	0	0	0	0	0	0	0	0	0	0	0	0	0	0	0	0	0	
0	0	0	0	0.054902	0.14118	0	0	0	0	0	0.2	0	0	0	0	0	0	0	0	0	0	0	0	0	0	0	0	0	0	
0	0	0	0.05098	0.1451	0	0.094118	0	0	0	0	0.1451	0.05098	0	0	0	0	0	0	0	0	0	0	0	0	0	0	0	0	0	
0	0	0.0078431	0.18824	0	0	0.2	0	0	0	0	0	0.2	0	0	0	0	0	0	0	0	0	0	0	0	0	0	0	0	0	
0	0	0.2	0	0.086275	0	0.20784	0	0	0	0	0	0.14902	0.047059	0	0	0	0	0	0	0	0	0	0	0	0	0	0	0	0	
0	0.16471	0.031373	0	0.2	0	0.4	0	0	0	0	0	0	0.2	0	0	0	0	0	0	0	0	0	0	0	0	0	0	0	0	
0.12157	0.15686	0	0	0.2	0	0.31373	0.082353	0	0	0	0	0	0.07451	0.12157	0	0	0	0	0	0	0	0	0	0	0	0	0	0	0	
0.15686	0.15686	0.039216	0	0.2	0	0.2	0.2	0	0	0	0	0	0	0.19608	0	0	0	0	0	0	0	0	0	0	0	0	0	0	0	
0	0	0.2	0	0.2	0	0.2	0.19608	0	0	0	0	0	0	0	0.19608	0	0	0	0	0	0	0	0	0	0	0	0	0	0	
0	0	0.043137	0.15294	0.2	0	0.2	0.043137	0.15294	0	0.15294	0	0	0	0	0	0.2	0.1098	0	0	0	0	0	0	0	0	0	0	0	0	
0	0	0	0.19608	0.2	0	0.2	0	0.2	0	0.2	0	0	0	0	0	0	0.090196	0.19216	0	0	0	0	0	0	0	0	0	0	0	
0	0	0	0.0078431	0.38824	0	0.2	0	0.086275	0.1098	0.2	0	0	0	0	0	0	0	0.2	0	0	0	0	0	0	0	0	0	0	0	
0	0	0	0	0.26275	0.066667	0.2	0	0	0.2	0.2	0	0	0	0	0	0	0.18824	0.0078431	0	0	0	0	0	0	0	0	0	0	0	
0	0	0	0	0	0.3451	0.2	0	0	0.094118	0.27843	0	0	0	0	0	0.062745	0.13333	0	0	0	0	0	0	0	0	0	0	0	0	
0	0	0	0	0	0.41569	0.015686	0	0	0	0.25882	0	0	0	0	0.019608	0.17647	0	0	0	0	0	0	0	0	0	0	0	0	0	
0	0	0	0	0	0.18039	0.015686	0	0	0	0.4	0	0	0	0	0.2	0	0	0	0	0	0	0	0	0	0	0	0	0	0	
0	0	0	0	0	0	0.2	0	0	0	0.4	0	0	0	0.13725	0.058824	0	0	0	0	0	0	0	0	0	0	0	0	0	0	
0	0	0	0	0	0	0.2	0	0	0	0.32941	0	0	0.094118	0.10196	0	0	0	0	0	0	0	0	0	0	0	0	0	0	0	
0	0	0	0	0	0	0.2	0	0	0	0	0	0.05098	0.1451	0	0	0	0	0	0	0	0	0	0	0	0	0	0	0	0	
0	0	0	0	0	0	0.066667	0.12941	0	0	0	0.047059	0.14902	0	0	0	0	0	0	0	0	0	0	0	0	0	0	0	0	0	
0	0	0	0	0	0	0	0.19216	0.0039216	0	0	0.19608	0	0	0	0	0	0	0	0	0	0	0	0	0	0	0	0	0	0	
0	0	0	0	0	0	0	0	0.2	0.0039216	0.12157	0.07451	0	0	0	0	0	0	0	0	0	0	0	0	0	0	0	0	0	0	
0	0	0	0	0	0	0	0	0.07451	0.19608	0.07451	0	0	0	0	0	0	0	0	0	0	0	0	0	0	0	0	0	0	0	

1
1
30		30
2
175	316
174	247
262	388
1
174	310
72
175	316
175	313
177	308
180	305
185	298
190	293
197	285
200	279
205	272
211	265
212	260
214	255
215	252
215	249
215	247
217	250
218	256
221	263
223	270
227	280
230	290
233	297
238	305
242	312
245	317
250	322
253	325
259	328
261	328
262	329
262	332
262	336
258	341
255	347
251	351
249	353
247	356
245	360
242	363
238	367
236	370
234	372
231	375
230	378
229	379
229	380
228	381
226	383
225	384
224	385
222	387
221	388
218	388
214	387
213	385
210	381
206	374
204	369
202	363
201	357
199	351
198	345
195	340
193	336
190	331
188	327
185	323
182	318
180	316
177	313
175	311
174	310

	191	301
191	291
224	366
1
224	351
48
191	301
191	306
193	315
193	324
194	335
197	344
198	348
199	350
200	351
200	349
202	345
202	337
202	329
202	321
202	313
202	306
202	300
202	295
202	291
202	294
203	303
207	313
210	322
214	331
217	337
219	342
221	345
222	346
223	345
223	339
223	334
223	330
223	325
223	324
223	331
223	340
223	348
223	356
223	362
223	363
224	366
224	364
224	361
224	360
224	357
224	354
224	352
224	351



7
3
30	30
0	0	0	0	0	0	0	0	0	0	0	0	0	0	0	0	0	0.07451	0.1098	0	0	0	0	0	0	0	0	0	0	0	
0	0	0	0	0	0	0	0	0	0	0	0	0	0	0.0078431	0.11765	0.13725	0.058824	0.027451	0.1098	0	0	0	0	0	0	0	0	0	0	
0	0	0	0	0	0	0	0	0	0	0	0	0.05098	0.13725	0.12941	0.019608	0.094118	0.13725	0.13725	0.16471	0.23922	0.14118	0.13725	0.14902	0	0	0	0	0	0	
0	0	0	0	0	0	0	0	0	0.039216	0.13725	0.13725	0.090196	0.12549	0.13725	0.13725	0.043137	0	0	0	0.015686	0.13725	0.13725	0.20784	0	0	0	0	0	0	
0	0	0	0	0	0	0.031373	0.13333	0.13725	0.098039	0	0.078431	0.13333	0.011765	0	0	0	0	0	0	0	0	0.12157	0.082353	0.13725	0.13725	0.13725	0.094118	0	0	
0	0	0.05098	0.19216	0.27843	0.27843	0.24706	0.14118	0.1098	0.043137	0.13725	0.25882	0.13725	0.13725	0.10588	0	0	0	0	0	0.011765	0.13725	0.015686	0	0	0	0	0.043137	0.13725	0.054902	
0.098039	0.13725	0.20784	0.082353	0	0	0	0	0.05098	0.23529	0.031373	0.1098	0.13725	0.13725	0.30196	0.21961	0.13725	0.12549	0.05098	0.13725	0.12549	0	0	0	0	0	0	0.035294	0.13725	0.12157	
0.039216	0.13725	0.23922	0.18039	0.13725	0.058824	0	0	0.14118	0	0.10588	0.11373	0.0039216	0.12941	0.011765	0.27843	0.13725	0.25882	0.086275	0	0	0	0	0	0	0.10196	0.13725	0.098039	0	0	
0	0	0	0.094118	0.13725	0.10196	0	0	0.12157	0.13725	0.13725	0.16078	0.22353	0.35686	0.28627	0.2902	0	0.14118	0	0	0	0	0.070588	0.13725	0.13725	0.035294	0	0	0	0	
0	0	0	0	0	0.05098	0.13725	0.070588	0	0	0	0	0	0.015686	0.1451	0.18039	0	0.14118	0	0	0.058824	0.13725	0.066667	0	0	0	0	0	0	0	
0	0	0	0	0	0	0	0.066667	0.13725	0.023529	0	0	0	0	0	0	0	0.027451	0.086275	0.13725	0.07451	0	0	0	0	0	0	0	0	0	
0	0	0	0	0	0	0	0	0	0.11373	0.10588	0	0	0	0	0.058824	0.13725	0.13725	0.05098	0	0	0	0	0	0	0	0	0	0	0	
0	0	0	0	0	0	0	0	0	0	0.031373	0.13725	0.027451	0.027451	0.13725	0.078431	0	0	0	0	0	0	0	0	0	0	0	0	0	0	
0	0	0	0	0	0	0	0	0	0	0	0	0.1098	0.070588	0	0	0	0	0	0	0	0	0	0	0	0	0	0	0	0	
0	0	0	0	0	0	0	0	0	0	0	0	0	0	0	0	0	0	0	0	0	0	0	0	0	0	0	0	0	0	
0	0	0	0	0	0	0	0	0	0	0	0	0	0	0	0	0	0	0	0	0	0	0	0	0	0	0	0	0	0	
0	0	0	0	0	0	0	0	0	0	0	0	0	0	0	0	0	0	0	0	0	0	0	0	0	0	0	0	0	0	
0	0	0	0	0	0	0	0	0	0	0	0	0	0	0	0	0	0	0	0	0	0	0	0	0	0	0	0	0	0	
0	0	0	0	0	0	0	0	0	0	0	0	0	0	0	0	0	0	0	0	0	0	0	0	0	0	0	0	0	0	
0	0	0	0	0	0	0	0	0	0	0	0	0	0	0	0	0	0	0	0	0	0	0	0	0	0	0	0	0	0	
0	0	0	0	0	0	0	0	0	0	0	0	0	0	0	0	0	0	0	0	0	0	0	0	0	0	0	0	0	0	
0	0	0	0	0	0	0	0	0	0	0	0	0	0	0	0	0	0	0	0	0	0	0	0	0	0	0	0	0	0	
0	0	0	0	0	0	0	0	0	0	0	0	0	0	0	0	0	0	0	0	0	0	0	0	0	0	0	0	0	0	
0	0	0	0	0	0	0	0	0	0	0	0	0	0	0	0	0	0	0	0	0	0	0	0	0	0	0	0	0	0	
0	0	0	0	0	0	0	0	0	0	0	0	0	0	0	0	0	0	0	0	0	0	0	0	0	0	0	0	0	0	
0	0	0	0	0	0	0	0	0	0	0	0	0	0	0	0	0	0	0	0	0	0	0	0	0	0	0	0	0	0	
0	0	0	0	0	0	0	0	0	0	0	0	0	0	0	0	0	0	0	0	0	0	0	0	0	0	0	0	0	0	
0	0	0	0	0	0	0	0	0	0	0	0	0	0	0	0	0	0	0	0	0	0	0	0	0	0	0	0	0	0	
0	0	0	0	0	0	0	0	0	0	0	0	0	0	0	0	0	0	0	0	0	0	0	0	0	0	0	0	0	0	
0	0	0	0	0	0	0	0	0	0	0	0	0	0	0	0	0	0	0	0	0	0	0	0	0	0	0	0	0	0	

1
1
30		30
2
361	855
270	762
474	855
1
364	850
71
361	855
359	855
356	855
352	851
347	848
343	845
336	840
329	836
321	831
313	827
303	821
292	817
284	813
276	810
272	809
270	807
274	806
279	804
287	801
297	798
307	797
319	793
330	789
343	785
356	780
370	774
382	770
389	766
393	764
394	763
395	762
399	766
403	770
407	774
411	778
418	784
426	786
432	787
439	790
444	792
448	792
453	793
459	793
462	795
465	796
466	796
469	797
471	799
473	801
474	802
474	804
472	805
468	807
464	808
457	811
449	814
442	817
433	819
425	823
418	826
410	831
403	834
397	837
389	840
383	843
377	844
373	846
370	847
368	849
367	849
364	850

	305	816
285	776
433	831
1
387	831
98
305	816
302	815
297	813
293	813
289	813
286	812
285	811
285	810
285	808
285	805
289	803
294	801
300	800
307	798
312	798
318	798
324	798
332	804
340	810
350	816
359	819
368	819
373	819
376	818
377	817
377	816
377	813
375	810
373	809
369	806
364	804
358	804
352	803
349	803
347	803
345	801
345	798
349	792
355	789
364	785
376	782
391	777
405	776
420	776
429	776
433	777
433	780
430	787
423	794
413	802
400	808
386	813
370	817
355	819
342	820
334	820
329	820
328	820
327	819
327	817
327	813
328	810
332	805
335	801
340	798
348	797
354	797
361	797
367	798
373	805
376	812
376	819
376	823
376	825
376	828
374	829
373	829
371	829
369	828
366	825
365	822
364	819
364	816
364	813
365	809
370	806
376	806
381	804
385	804
387	804
389	805
389	809
389	813
389	819
389	824
388	828
388	830
387	831



7
3
30	30
0	0	0	0	0	0	0	0	0	0	0.11373	0.12157	0	0	0	0	0	0	0	0	0	0	0	0	0	0	0	0	0	0	
0	0	0	0	0	0	0	0	0	0	0.18039	0.062745	0.14118	0	0	0	0	0	0	0	0	0	0	0	0	0	0	0	0	0	
0	0	0	0	0	0	0	0	0	0	0.18039	0	0.078431	0.10196	0	0	0	0	0	0	0	0	0	0	0	0	0	0	0	0	
0	0	0	0	0	0	0	0	0	0.098039	0.082353	0	0	0.15294	0.027451	0	0	0	0	0	0	0	0	0	0	0	0	0	0	0	
0	0	0	0	0	0	0	0	0	0.18039	0	0	0	0	0.17647	0	0	0	0	0	0	0	0	0	0	0	0	0	0	0	
0	0	0	0	0	0	0	0	0.027451	0.14902	0	0	0.027451	0	0.039216	0.13725	0	0	0	0	0	0	0	0	0	0	0	0	0	0	
0	0	0	0	0	0	0	0	0.18039	0	0	0.078431	0.27843	0.0039216	0	0.058824	0.12157	0	0	0	0	0	0	0	0	0	0	0	0	0	
0	0	0	0	0	0	0	0	0.18039	0	0	0.043137	0.40784	0.22745	0	0	0.090196	0.090196	0	0	0	0	0	0	0	0	0	0	0	0	
0	0	0	0	0	0	0	0.078431	0.10196	0	0	0	0.21961	0.2	0	0	0	0.12941	0.05098	0	0	0	0	0	0	0	0	0	0	0	
0	0	0	0	0	0	0.07451	0.10588	0	0	0	0	0.16471	0.33725	0	0	0	0	0.16863	0.011765	0	0	0	0	0	0	0	0	0	0	
0	0	0	0	0	0.058824	0.12157	0	0	0	0	0	0.16471	0.37255	0	0	0	0	0	0.18039	0	0	0	0	0	0	0	0	0	0	
0	0	0	0	0.011765	0.16471	0	0	0	0	0	0	0.16471	0.039216	0	0	0	0	0	0.023529	0.15294	0	0	0	0	0	0	0	0	0	
0	0	0	0	0.17255	0.0078431	0	0	0	0	0	0	0.16471	0.015686	0.054902	0.18431	0.18824	0.18824	0.18824	0.18824	0.26667	0.14902	0	0	0	0	0	0	0	0	
0.12157	0.16471	0.035294	0.19608	0.015686	0	0	0	0	0	0	0	0.21176	0.2	0.12941	0	0	0	0	0	0.18039	0.18039	0	0	0	0	0	0	0	0	
0.027451	0.17647	0.14902	0.015686	0	0	0	0	0.05098	0.090196	0.16078	0.18824	0.27451	0.015686	0	0	0	0	0	0	0.2	0.1451	0	0	0	0	0	0	0	0	
0	0.14902	0.031373	0	0	0	0	0.11765	0.13333	0.17255	0.17647	0.2	0.16471	0.015686	0	0	0	0	0	0	0.31373	0	0	0	0	0	0	0	0	0	
0	0	0.18039	0	0	0	0	0.18039	0.07451	0.10588	0	0.18039	0.10196	0.082353	0	0	0	0	0	0.14118	0.21961	0	0	0	0	0	0	0	0	0	
0	0	0.090196	0.090196	0	0	0	0.23922	0.1098	0	0	0.058824	0.12157	0.18039	0	0	0	0	0.13725	0.062745	0.16078	0	0	0	0	0	0	0	0	0	
0	0	0	0.18039	0	0	0.0078431	0.33333	0	0	0	0	0.18039	0.18039	0	0	0	0.13333	0.094118	0.16863	0	0	0	0	0	0	0	0	0	0	
0	0	0	0.066667	0.11373	0	0.17255	0.062745	0.12549	0	0	0	0.18039	0.18039	0	0	0.094118	0.26667	0.14118	0	0	0	0	0	0	0	0	0	0	0	
0	0	0	0	0.18039	0	0.18039	0	0.18039	0	0	0.023529	0.15686	0.11373	0.18824	0.23922	0.28235	0.0078431	0	0	0	0	0	0	0	0	0	0	0	0	
0	0	0	0	0.1098	0.070588	0.22745	0.1098	0.27451	0.1451	0.18824	0.16078	0	0	0.015686	0.16471	0	0	0	0	0	0	0	0	0	0	0	0	0	0	
0	0	0	0	0	0.18039	0.043137	0.07451	0.12157	0.16078	0	0	0	0	0.17255	0.0078431	0	0	0	0	0	0	0	0	0	0	0	0	0	0	
0	0	0	0	0	0.086275	0.094118	0	0	0.18039	0	0	0	0.086275	0.094118	0	0	0	0	0	0	0	0	0	0	0	0	0	0	0	
0	0	0	0	0	0	0.18039	0	0	0.094118	0	0	0.047059	0.13333	0	0	0	0	0	0	0	0	0	0	0	0	0	0	0	0	
0	0	0	0	0	0	0.027451	0.15294	0	0	0	0	0.18039	0	0	0	0	0	0	0	0	0	0	0	0	0	0	0	0	0	
0	0	0	0	0	0	0	0.16863	0.011765	0	0	0.15686	0.023529	0	0	0	0	0	0	0	0	0	0	0	0	0	0	0	0	0	
0	0	0	0	0	0	0	0.019608	0.16078	0	0	0.18039	0	0	0	0	0	0	0	0	0	0	0	0	0	0	0	0	0	0	
0	0	0	0	0	0	0	0	0.090196	0.13725	0.0078431	0.18039	0	0	0	0	0	0	0	0	0	0	0	0	0	0	0	0	0	0	
0	0	0	0	0	0	0	0	0	0.047059	0.0039216	0.078431	0	0	0	0	0	0	0	0	0	0	0	0	0	0	0	0	0	0	

1
1
30		30
2
329	209
278	59
391	211
1
335	211
77
329	209
328	210
324	207
319	200
315	193
310	184
304	174
299	164
295	155
290	146
285	138
282	133
279	129
278	128
279	128
280	128
283	129
285	130
286	130
288	130
291	130
296	126
302	119
307	113
312	107
317	102
320	99
322	95
323	93
323	91
323	88
326	84
328	79
329	75
331	70
332	63
332	61
333	59
334	59
340	62
343	65
348	72
354	80
359	86
367	95
374	103
380	110
385	116
389	120
390	121
391	122
391	123
391	125
391	126
391	129
391	132
388	136
385	140
380	145
375	150
370	156
364	163
358	170
354	177
349	182
345	188
342	192
339	196
339	197
339	198
337	200
337	203
337	205
336	207
336	209
336	210
335	211

	325	185
309	87
388	185
1
341	96
83
325	185
326	181
324	174
321	168
319	159
316	152
316	147
316	142
316	139
320	136
326	135
331	135
333	135
337	137
338	141
340	146
341	150
341	156
341	159
341	162
341	165
338	168
333	170
326	172
319	172
314	172
311	172
310	172
309	171
309	166
311	159
317	150
324	143
334	134
346	129
359	123
371	120
381	120
385	120
388	122
388	128
388	135
388	143
384	150
379	155
374	159
367	162
359	163
355	165
353	165
352	165
349	163
348	158
348	153
346	144
345	136
345	127
345	118
345	111
345	104
345	99
345	96
345	94
346	93
348	94
349	98
350	102
350	107
350	110
350	111
350	114
347	110
346	105
345	100
343	94
342	91
342	88
341	87
340	89
340	92
340	93
340	95
341	96



7
3
30	30
0	0	0	0	0	0	0	0	0	0	0.027451	0.1098	0	0	0	0	0	0	0	0	0	0	0	0	0	0	0	0	0	0	
0	0	0	0	0	0	0	0	0	0.027451	0.1451	0.15294	0	0	0	0	0	0	0	0	0	0	0	0	0	0	0	0	0	0	
0	0	0	0	0	0	0	0	0.062745	0.12157	0	0.078431	0.1451	0.011765	0	0	0	0	0	0	0	0	0	0	0	0	0	0	0	0	
0	0	0	0	0	0	0	0.10196	0.086275	0	0	0	0.0078431	0.14118	0.15294	0.098039	0	0	0	0	0	0	0	0	0	0	0	0	0	0	
0	0	0	0	0	0.094118	0.15294	0.047059	0	0	0	0	0	0	0	0.05098	0.15294	0.12549	0	0	0	0	0	0	0	0	0	0	0	0	
0	0	0	0	0.14118	0.058824	0	0	0.015686	0.14118	0.15294	0.27059	0.27451	0.18039	0.15294	0.15294	0.15294	0.18039	0.21176	0.15294	0.043137	0	0	0	0	0	0	0	0	0	
0	0	0.035294	0.15294	0.0078431	0	0.10588	0.2902	0.20392	0.070588	0.15294	0.035294	0.027451	0.15686	0	0	0	0.16863	0.27059	0.15294	0.16863	0.15294	0.094118	0	0	0	0	0	0	0	
0	0.10196	0.11373	0	0.066667	0.15294	0.043137	0.15294	0.15294	0.15686	0	0	0.0078431	0.07451	0.082353	0	0	0.15294	0.15294	0	0.13725	0.015686	0.054902	0.15294	0.12157	0	0	0	0	0	
0.082353	0.047059	0	0	0.15294	0	0	0.027451	0.21569	0.30196	0	0	0.031373	0.12549	0.14902	0	0	0.13725	0.16863	0	0	0.14902	0	0	0.031373	0.15294	0.15294	0.094118	0.019608	0	
0	0	0	0	0.11373	0	0	0	0	0.3098	0.15294	0.15294	0.14118	0.17647	0.15294	0	0	0	0.27451	0.15294	0.15294	0.015686	0	0	0	0	0	0.15686	0.28235	0.13725	
0.031373	0.15294	0.15294	0.13725	0.0039216	0	0	0	0	0.054902	0	0	0.011765	0.23922	0.28235	0.15294	0.15294	0.15294	0.15686	0	0	0	0	0.0039216	0.11765	0.15294	0.15294	0.054902	0	0	
0	0	0	0.011765	0.14902	0.13725	0.019608	0	0	0	0	0	0	0.047059	0.21961	0	0	0	0	0	0.015686	0.13333	0.15294	0.14902	0.031373	0	0	0	0	0	
0	0	0	0	0	0.011765	0.13333	0.15294	0.1098	0	0	0	0	0	0.0078431	0	0.0039216	0.13725	0.15294	0.15294	0.13725	0.015686	0	0	0	0	0	0	0	0	
0	0	0	0	0	0	0	0	0.043137	0.15294	0.11373	0	0	0.086275	0.15294	0.15294	0.14902	0.011765	0	0	0	0	0	0	0	0	0	0	0	0	
0	0	0	0	0	0	0	0	0	0	0.039216	0.15294	0.15294	0.062745	0	0	0	0	0	0	0	0	0	0	0	0	0	0	0	0	
0	0	0	0	0	0	0	0	0	0	0	0	0	0	0	0	0	0	0	0	0	0	0	0	0	0	0	0	0	0	
0	0	0	0	0	0	0	0	0	0	0	0	0	0	0	0	0	0	0	0	0	0	0	0	0	0	0	0	0	0	
0	0	0	0	0	0	0	0	0	0	0	0	0	0	0	0	0	0	0	0	0	0	0	0	0	0	0	0	0	0	
0	0	0	0	0	0	0	0	0	0	0	0	0	0	0	0	0	0	0	0	0	0	0	0	0	0	0	0	0	0	
0	0	0	0	0	0	0	0	0	0	0	0	0	0	0	0	0	0	0	0	0	0	0	0	0	0	0	0	0	0	
0	0	0	0	0	0	0	0	0	0	0	0	0	0	0	0	0	0	0	0	0	0	0	0	0	0	0	0	0	0	
0	0	0	0	0	0	0	0	0	0	0	0	0	0	0	0	0	0	0	0	0	0	0	0	0	0	0	0	0	0	
0	0	0	0	0	0	0	0	0	0	0	0	0	0	0	0	0	0	0	0	0	0	0	0	0	0	0	0	0	0	
0	0	0	0	0	0	0	0	0	0	0	0	0	0	0	0	0	0	0	0	0	0	0	0	0	0	0	0	0	0	
0	0	0	0	0	0	0	0	0	0	0	0	0	0	0	0	0	0	0	0	0	0	0	0	0	0	0	0	0	0	
0	0	0	0	0	0	0	0	0	0	0	0	0	0	0	0	0	0	0	0	0	0	0	0	0	0	0	0	0	0	
0	0	0	0	0	0	0	0	0	0	0	0	0	0	0	0	0	0	0	0	0	0	0	0	0	0	0	0	0	0	
0	0	0	0	0	0	0	0	0	0	0	0	0	0	0	0	0	0	0	0	0	0	0	0	0	0	0	0	0	0	
0	0	0	0	0	0	0	0	0	0	0	0	0	0	0	0	0	0	0	0	0	0	0	0	0	0	0	0	0	0	
0	0	0	0	0	0	0	0	0	0	0	0	0	0	0	0	0	0	0	0	0	0	0	0	0	0	0	0	0	0	

1
1
30		30
2
772	135
772	84
958	174
1
774	146
55
772	135
775	134
784	128
792	122
802	114
815	107
824	100
833	93
838	88
840	85
841	84
841	87
841	89
842	91
843	93
844	95
847	97
850	99
858	103
868	106
880	112
895	118
910	124
922	130
934	135
946	139
954	140
958	141
957	142
954	143
949	144
940	147
931	150
918	154
902	159
887	163
874	166
862	169
853	172
848	174
847	174
845	174
842	174
837	171
830	168
823	164
814	161
806	158
800	155
794	152
787	150
782	147
778	147
775	147
774	146

	797	142
795	117
905	158
1
852	132
84
797	142
796	142
795	141
795	138
798	132
805	128
816	123
828	119
842	118
857	117
871	117
882	118
893	122
900	126
903	130
905	134
905	137
905	138
904	139
902	141
898	141
893	141
892	141
890	141
887	141
886	140
883	136
882	130
880	127
880	124
880	123
882	122
883	122
888	122
890	126
890	132
890	138
890	143
889	147
885	148
878	148
869	148
860	148
848	144
836	141
827	138
822	136
819	132
817	130
816	127
816	126
816	124
816	123
820	123
823	127
826	132
828	138
829	143
829	146
829	147
829	145
829	142
829	138
829	133
829	129
831	125
836	121
843	119
847	119
852	119
853	119
857	123
859	129
860	136
860	144
860	150
860	156
860	158
860	157
858	150
856	144
855	139
853	135
852	132



7
3
30	30
0	0	0	0	0	0	0	0	0	0	0	0.11373	0.054902	0	0	0	0	0	0	0	0	0	0	0	0	0	0	0	0	0	
0	0	0	0	0	0	0	0	0	0	0.11765	0.0039216	0.078431	0.07451	0	0	0	0	0	0	0	0	0	0	0	0	0	0	0	0	
0	0	0	0	0	0	0	0	0	0.1098	0.011765	0	0	0.043137	0.11765	0.10196	0	0	0	0	0	0	0	0	0	0	0	0	0	0	
0	0	0	0	0	0	0	0	0.11373	0.0078431	0	0	0	0	0	0.015686	0.11765	0.11765	0.11765	0.11765	0.10588	0	0	0	0	0	0	0	0	0	
0	0	0	0	0	0	0.027451	0.11765	0.0039216	0	0	0	0	0	0	0	0	0	0	0	0.011765	0.11765	0.11765	0.11765	0.11765	0.11765	0.11765	0.11765	0.035294	0	
0	0	0	0	0	0.047059	0.090196	0	0.066667	0.11765	0.11765	0.18431	0.23922	0.31373	0	0	0	0	0	0	0	0	0	0	0	0	0	0	0.18431	0.14902	
0	0	0	0	0.082353	0.19216	0.11765	0.11765	0.05098	0.058824	0.11765	0.05098	0.047059	0.2	0	0	0.07451	0.11765	0.11765	0.13725	0.043137	0	0	0	0	0	0.078431	0.11765	0.015686	0	
0	0	0.0078431	0.22353	0.12549	0	0	0	0.082353	0.058824	0	0.031373	0.17255	0.14902	0.11765	0.11765	0.043137	0	0	0.13725	0	0	0	0	0.054902	0.11765	0.039216	0	0	0	
0	0	0.12549	0	0	0	0	0	0.15294	0.11765	0.13333	0.20784	0.11765	0.027451	0	0	0	0.023529	0.11765	0.039216	0	0	0	0.078431	0.058824	0	0	0	0	0	
0	0	0.070588	0.11765	0.11765	0.11765	0.11765	0.11765	0.25882	0.11765	0.10588	0	0	0	0	0.094118	0.11765	0.094118	0	0	0	0	0.11373	0.039216	0	0	0	0	0	0	
0.058824	0	0	0	0	0	0.054902	0.11765	0.12549	0.11765	0.11765	0.11765	0.11765	0.11765	0.11765	0.023529	0	0	0	0	0.05098	0.11765	0.0039216	0	0	0	0	0	0	0	
0.011765	0.11765	0.11765	0.11765	0.11765	0.11765	0.11765	0.11765	0.11765	0.11765	0.11765	0.11765	0.10588	0.015686	0	0	0	0	0.015686	0.11765	0.066667	0	0	0	0	0	0	0	0	0	
0	0	0	0	0	0	0	0	0	0	0	0	0.011765	0.10196	0.11765	0.11765	0.11765	0.11765	0.10196	0	0	0	0	0	0	0	0	0	0	0	
0	0	0	0	0	0	0	0	0	0	0	0	0	0	0	0	0	0	0	0	0	0	0	0	0	0	0	0	0	0	
0	0	0	0	0	0	0	0	0	0	0	0	0	0	0	0	0	0	0	0	0	0	0	0	0	0	0	0	0	0	
0	0	0	0	0	0	0	0	0	0	0	0	0	0	0	0	0	0	0	0	0	0	0	0	0	0	0	0	0	0	
0	0	0	0	0	0	0	0	0	0	0	0	0	0	0	0	0	0	0	0	0	0	0	0	0	0	0	0	0	0	
0	0	0	0	0	0	0	0	0	0	0	0	0	0	0	0	0	0	0	0	0	0	0	0	0	0	0	0	0	0	
0	0	0	0	0	0	0	0	0	0	0	0	0	0	0	0	0	0	0	0	0	0	0	0	0	0	0	0	0	0	
0	0	0	0	0	0	0	0	0	0	0	0	0	0	0	0	0	0	0	0	0	0	0	0	0	0	0	0	0	0	
0	0	0	0	0	0	0	0	0	0	0	0	0	0	0	0	0	0	0	0	0	0	0	0	0	0	0	0	0	0	
0	0	0	0	0	0	0	0	0	0	0	0	0	0	0	0	0	0	0	0	0	0	0	0	0	0	0	0	0	0	
0	0	0	0	0	0	0	0	0	0	0	0	0	0	0	0	0	0	0	0	0	0	0	0	0	0	0	0	0	0	
0	0	0	0	0	0	0	0	0	0	0	0	0	0	0	0	0	0	0	0	0	0	0	0	0	0	0	0	0	0	
0	0	0	0	0	0	0	0	0	0	0	0	0	0	0	0	0	0	0	0	0	0	0	0	0	0	0	0	0	0	
0	0	0	0	0	0	0	0	0	0	0	0	0	0	0	0	0	0	0	0	0	0	0	0	0	0	0	0	0	0	
0	0	0	0	0	0	0	0	0	0	0	0	0	0	0	0	0	0	0	0	0	0	0	0	0	0	0	0	0	0	
0	0	0	0	0	0	0	0	0	0	0	0	0	0	0	0	0	0	0	0	0	0	0	0	0	0	0	0	0	0	
0	0	0	0	0	0	0	0	0	0	0	0	0	0	0	0	0	0	0	0	0	0	0	0	0	0	0	0	0	0	
0	0	0	0	0	0	0	0	0	0	0	0	0	0	0	0	0	0	0	0	0	0	0	0	0	0	0	0	0	0	

1
1
30		30
2
286	332
264	270
496	370
1
264	355
57
286	332
290	330
295	325
301	320
310	312
316	307
323	301
330	294
336	288
342	282
348	275
350	273
352	271
353	270
356	271
359	275
364	280
373	286
388	292
406	297
428	300
449	303
468	306
481	307
490	309
495	309
496	310
495	312
492	314
485	316
477	321
467	326
457	332
448	340
438	348
428	355
419	361
410	366
406	367
401	369
400	369
398	369
397	370
395	370
389	370
376	368
361	365
344	363
327	361
311	360
298	360
287	360
278	359
271	359
267	357
265	356
264	355

	313	355
280	309
421	355
1
360	327
58
313	355
320	354
330	348
345	342
361	335
380	327
398	323
412	320
418	320
420	320
421	321
417	331
408	338
395	345
382	349
367	354
355	355
343	355
334	354
328	350
327	346
327	341
327	334
330	329
337	324
346	319
356	314
364	312
369	312
370	312
371	313
371	318
367	325
358	331
347	336
335	340
320	343
305	343
292	343
283	343
280	341
280	340
280	336
287	330
296	326
308	321
324	317
340	314
355	311
366	309
369	309
370	311
369	316
366	319
363	322
362	324
361	326
360	327



7
3
30	30
0	0	0	0	0	0	0	0	0	0	0	0	0.12941	0	0	0	0	0	0	0	0	0	0	0	0	0	0	0	0	0	
0	0	0	0	0	0	0	0	0	0	0	0	0.36078	0	0	0	0	0	0	0	0	0	0	0	0	0	0	0	0	0	
0	0	0	0	0	0	0	0	0	0	0	0.18039	0.18039	0	0	0	0	0	0	0	0	0	0	0	0	0	0	0	0	0	
0	0	0	0	0	0	0	0	0	0	0	0.18039	0.062745	0.11373	0	0	0	0	0	0	0	0	0	0	0	0	0	0	0	0	
0	0	0	0	0	0	0	0	0	0	0.16471	0.015686	0	0.18039	0	0	0	0	0	0	0	0	0	0	0	0	0	0	0	0	
0	0	0	0	0	0	0	0	0	0.098039	0.082353	0	0	0.18039	0	0	0	0	0	0	0	0	0	0	0	0	0	0	0	0	
0	0	0	0	0	0	0	0	0.039216	0.15686	0	0	0	0.062745	0.11373	0	0	0	0	0	0	0	0	0	0	0	0	0	0	0	
0	0	0	0	0	0	0	0.031373	0.15686	0.0078431	0	0	0.047059	0.11373	0.18039	0	0	0	0	0	0	0	0	0	0	0	0	0	0	0	
0	0	0	0	0	0	0.062745	0.1451	0	0	0	0.015686	0.16471	0.18039	0.15686	0.023529	0	0	0	0	0	0	0	0	0	0	0	0	0	0	
0	0	0	0	0	0.098039	0.11373	0	0	0	0	0.18039	0	0.18039	0.0078431	0.17255	0	0	0	0	0	0	0	0	0	0	0	0	0	0	
0	0	0	0	0.098039	0.082353	0	0	0	0	0.023529	0.15686	0	0.18039	0	0.12941	0.047059	0	0	0	0	0	0	0	0	0	0	0	0	0	
0	0	0	0.098039	0.082353	0	0	0	0	0	0.090196	0.090196	0	0.18039	0	0	0.18039	0	0	0	0	0	0	0	0	0	0	0	0	0	
0	0	0.098039	0.082353	0.039216	0.070588	0	0	0	0	0.090196	0.090196	0.21176	0.047059	0	0	0.047059	0.12941	0	0	0	0	0	0	0	0	0	0	0	0	
0	0.098039	0.082353	0.062745	0.13725	0.13725	0.098039	0	0	0	0.090196	0.2549	0.19608	0	0	0	0	0.047059	0.12941	0	0	0	0	0	0	0	0	0	0	0	
0.098039	0.082353	0	0.18039	0	0	0.18039	0	0	0.047059	0.2549	0.41961	0.21176	0.18039	0.18039	0.18039	0.18039	0.18039	0.30196	0.023529	0	0	0	0	0	0	0	0	0	0	
0.18039	0	0	0.18039	0	0	0.082353	0.098039	0.047059	0.12941	0.039216	0.13725	0	0	0	0	0	0	0.070588	0.21961	0	0	0	0	0	0	0	0	0	0	
0.031373	0.1451	0	0.18039	0	0	0	0.19608	0.16471	0	0	0.18039	0	0	0	0	0	0	0.16471	0.19608	0	0	0	0	0	0	0	0	0	0	
0	0.18039	0	0.082353	0.098039	0	0	0.19608	0	0	0	0.18039	0	0	0	0	0	0.062745	0.11373	0.18039	0	0	0	0	0	0	0	0	0	0	
0	0.031373	0.1451	0	0.18039	0	0	0.18039	0.082353	0	0	0.18039	0	0	0	0	0.0078431	0.17255	0	0.18039	0	0	0	0	0	0	0	0	0	0	
0	0	0.16471	0.015686	0.18039	0	0	0.18039	0.18039	0	0	0.1451	0.031373	0	0	0	0.20392	0.0078431	0.11373	0.062745	0	0	0	0	0	0	0	0	0	0	
0	0	0.015686	0.16471	0.15686	0.023529	0	0.031373	0.26275	0	0	0	0.18039	0	0.062745	0.18039	0	0.015686	0.16471	0	0	0	0	0	0	0	0	0	0	0	
0	0	0	0.18039	0.023529	0.15686	0	0	0	0	0	0	0.18039	0	0.18039	0	0	0.18039	0	0	0	0	0	0	0	0	0	0	0	0	
0	0	0	0	0.18039	0.12941	0.047059	0	0	0	0	0	0.062745	0.27843	0	0	0.1451	0.031373	0	0	0	0	0	0	0	0	0	0	0	0	
0	0	0	0	0.12941	0.047059	0.18039	0	0	0	0	0	0.082353	0.23137	0.18039	0.18039	0.047059	0	0	0	0	0	0	0	0	0	0	0	0	0	
0	0	0	0	0	0.18039	0	0	0	0	0	0.082353	0.098039	0	0	0	0	0	0	0	0	0	0	0	0	0	0	0	0	0	
0	0	0	0	0	0.18039	0	0	0	0	0.082353	0.098039	0	0	0	0	0	0	0	0	0	0	0	0	0	0	0	0	0	0	
0	0	0	0	0	0.18039	0	0	0	0.047059	0.12941	0	0	0	0	0	0	0	0	0	0	0	0	0	0	0	0	0	0	0	
0	0	0	0	0	0.015686	0	0	0.11373	0.12941	0	0	0	0	0	0	0	0	0	0	0	0	0	0	0	0	0	0	0	0	
0	0	0	0	0	0	0	0.18039	0.062745	0	0	0	0	0	0	0	0	0	0	0	0	0	0	0	0	0	0	0	0	0	
0	0	0	0	0	0	0	0.082353	0	0	0	0	0	0	0	0	0	0	0	0	0	0	0	0	0	0	0	0	0	0	

1
1
30		30
2
366	634
339	489
442	647
1
375	646
73
366	634
367	633
367	629
366	623
363	615
358	607
353	597
348	588
344	581
342	576
340	571
339	570
339	568
340	567
343	563
347	559
356	550
364	542
374	534
385	524
392	514
398	506
401	499
403	493
403	490
403	489
406	493
406	500
410	511
413	521
416	530
419	536
422	541
424	545
425	548
427	551
429	553
432	556
434	558
437	561
439	565
440	567
442	571
441	573
439	576
436	581
433	586
429	590
426	594
423	596
419	598
417	600
414	603
413	606
412	607
409	611
408	614
403	619
399	623
394	629
390	633
387	636
384	639
383	639
382	639
381	640
380	640
379	640
378	642
376	644
376	645
375	647
375	646

	369	615
357	527
442	615
1
404	555
72
369	615
370	614
372	614
369	611
366	607
364	603
361	595
360	588
357	579
357	571
357	565
357	561
361	557
364	557
367	557
371	562
374	570
379	580
380	588
382	594
382	597
382	599
381	600
380	597
379	594
379	588
379	580
384	573
391	566
402	563
415	563
427	563
436	565
440	569
442	575
442	581
441	591
435	600
429	608
424	613
419	615
416	615
413	615
409	613
405	602
400	591
399	582
397	571
396	559
396	549
398	540
403	533
407	528
408	527
409	530
409	535
409	540
409	545
409	548
409	549
408	552
406	555
405	557
402	562
402	564
400	567
400	565
400	562
401	558
402	557
403	556
404	555



7
3
30	30
0	0	0	0	0	0	0	0	0	0	0	0.11373	0.027451	0	0	0	0	0	0	0	0	0	0	0	0	0	0	0	0	0	
0	0	0	0	0	0	0	0	0	0	0.13333	0.05098	0.16078	0	0	0	0	0	0	0	0	0	0	0	0	0	0	0	0	0	
0	0	0	0	0	0	0	0	0.011765	0.15294	0.019608	0	0.019608	0.15294	0.035294	0	0	0	0	0	0	0	0	0	0	0	0	0	0	0	
0	0	0	0	0	0	0	0.094118	0.14118	0	0	0	0	0	0.11765	0.11765	0	0	0	0	0	0	0	0	0	0	0	0	0	0	
0	0	0	0	0	0	0.14902	0.058824	0	0	0	0	0	0	0	0.035294	0.15294	0.15294	0.019608	0	0	0	0	0	0	0	0	0	0	0	
0	0	0	0	0.043137	0.14902	0.0039216	0.011765	0.1451	0.15294	0.15294	0.16863	0.18431	0.058824	0	0	0	0	0.12941	0.11373	0	0	0	0	0	0	0	0	0	0	
0	0	0.035294	0.15294	0.10588	0	0	0.16078	0.0078431	0	0	0.16078	0.16471	0.20784	0.16863	0.023529	0	0	0	0.035294	0.15294	0.054902	0	0	0	0	0	0	0	0	
0.11373	0.19608	0.11765	0	0	0	0.019608	0.17255	0	0	0	0.062745	0.19216	0.29412	0.10588	0.12941	0.066667	0	0	0	0	0.098039	0.15294	0.043137	0	0	0	0	0	0	
0.015686	0.1098	0.15294	0.10588	0	0.16863	0.13333	0.18431	0.16471	0	0	0	0	0.21961	0.39608	0	0.086275	0.15294	0.031373	0.039216	0.15294	0.17647	0	0.1098	0.15294	0.14902	0.054902	0	0	0	
0	0	0	0.043137	0.15294	0.24706	0.15686	0.15686	0.38824	0.15294	0.15294	0.15294	0.062745	0	0.18431	0	0	0	0.11765	0.15294	0.15294	0.13333	0	0	0	0.015686	0.24314	0.3098	0.16078	0.078431	
0	0	0	0	0	0.031373	0.15294	0.10588	0	0	0	0	0.090196	0.24706	0.05098	0	0	0	0	0	0	0.05098	0.12941	0.15294	0.15294	0.14118	0.0078431	0	0	0	
0	0	0	0	0	0	0	0.047059	0.15294	0.15294	0.019608	0	0	0.12941	0.15294	0.05098	0.0039216	0.094118	0.15294	0.15294	0.15294	0.10196	0.019608	0	0	0	0	0	0	0	
0	0	0	0	0	0	0	0	0	0	0.13333	0.019608	0.13725	0.15294	0.18431	0.22745	0.14902	0.058824	0	0	0	0	0	0	0	0	0	0	0	0	
0	0	0	0	0	0	0	0	0	0	0	0.047059	0.16863	0.15294	0.12549	0	0	0	0	0	0	0	0	0	0	0	0	0	0	0	
0	0	0	0	0	0	0	0	0	0	0	0	0	0	0	0	0	0	0	0	0	0	0	0	0	0	0	0	0	0	
0	0	0	0	0	0	0	0	0	0	0	0	0	0	0	0	0	0	0	0	0	0	0	0	0	0	0	0	0	0	
0	0	0	0	0	0	0	0	0	0	0	0	0	0	0	0	0	0	0	0	0	0	0	0	0	0	0	0	0	0	
0	0	0	0	0	0	0	0	0	0	0	0	0	0	0	0	0	0	0	0	0	0	0	0	0	0	0	0	0	0	
0	0	0	0	0	0	0	0	0	0	0	0	0	0	0	0	0	0	0	0	0	0	0	0	0	0	0	0	0	0	
0	0	0	0	0	0	0	0	0	0	0	0	0	0	0	0	0	0	0	0	0	0	0	0	0	0	0	0	0	0	
0	0	0	0	0	0	0	0	0	0	0	0	0	0	0	0	0	0	0	0	0	0	0	0	0	0	0	0	0	0	
0	0	0	0	0	0	0	0	0	0	0	0	0	0	0	0	0	0	0	0	0	0	0	0	0	0	0	0	0	0	
0	0	0	0	0	0	0	0	0	0	0	0	0	0	0	0	0	0	0	0	0	0	0	0	0	0	0	0	0	0	
0	0	0	0	0	0	0	0	0	0	0	0	0	0	0	0	0	0	0	0	0	0	0	0	0	0	0	0	0	0	
0	0	0	0	0	0	0	0	0	0	0	0	0	0	0	0	0	0	0	0	0	0	0	0	0	0	0	0	0	0	
0	0	0	0	0	0	0	0	0	0	0	0	0	0	0	0	0	0	0	0	0	0	0	0	0	0	0	0	0	0	
0	0	0	0	0	0	0	0	0	0	0	0	0	0	0	0	0	0	0	0	0	0	0	0	0	0	0	0	0	0	
0	0	0	0	0	0	0	0	0	0	0	0	0	0	0	0	0	0	0	0	0	0	0	0	0	0	0	0	0	0	
0	0	0	0	0	0	0	0	0	0	0	0	0	0	0	0	0	0	0	0	0	0	0	0	0	0	0	0	0	0	
0	0	0	0	0	0	0	0	0	0	0	0	0	0	0	0	0	0	0	0	0	0	0	0	0	0	0	0	0	0	

1
1
30		30
1
349	819
285	740
462	823
1
403	791
196
349	819
348	818
345	815
342	813
337	812
332	809
325	806
317	801
308	797
300	792
292	789
287	788
285	787
286	786
288	786
293	784
298	782
304	779
311	775
317	770
324	765
329	761
334	758
335	757
336	756
337	755
339	753
343	750
347	747
350	744
353	741
354	740
355	741
357	744
358	746
360	748
362	751
366	754
373	759
379	763
388	767
395	770
405	777
413	782
422	787
431	792
440	794
448	796
456	796
460	796
462	796
458	796
453	797
446	799
439	802
431	804
425	805
419	807
413	808
407	810
400	811
392	813
388	814
384	815
382	816
379	817
377	817
375	819
373	820
369	822
367	823
364	823
362	823
361	823
360	823
359	823
358	823
357	823
355	822
354	821
358	819
364	819
370	817
372	816
375	815
376	814
374	813
372	813
370	812
366	810
365	810
364	809
364	808
363	807
363	805
364	804
366	803
367	803
369	803
368	803
364	803
357	801
349	800
338	800
329	798
320	797
315	796
314	795
313	794
313	793
315	791
319	789
322	789
325	788
326	789
328	790
329	792
331	794
332	796
333	799
334	799
335	800
335	799
334	795
333	792
330	788
330	786
328	783
328	781
328	780
328	778
328	777
333	774
339	774
343	774
346	774
351	774
354	774
358	776
359	779
361	781
363	786
367	790
368	792
371	795
370	794
369	792
367	788
367	786
367	783
367	780
367	777
367	779
368	785
370	791
371	795
372	798
373	796
371	792
368	791
364	789
359	786
356	785
353	782
351	780
351	777
351	775
352	774
355	774
360	774
365	776
370	778
374	781
378	784
381	787
385	790
387	792
391	793
395	796
399	796
403	796
408	798
409	798
412	798
413	797
413	796
413	795
413	793
413	792
414	791
413	791
410	791
407	791
406	791
404	791
403	791



7
3
30	30
0	0	0	0	0	0	0	0	0	0	0	0.11765	0	0	0	0	0	0	0	0	0	0	0	0	0	0	0	0	0	0	
0	0	0	0	0	0	0	0	0	0	0	0.37255	0	0	0	0	0	0	0	0	0	0	0	0	0	0	0	0	0	0	
0	0	0	0	0	0	0	0	0	0	0	0.22745	0.1451	0	0	0	0	0	0	0	0	0	0	0	0	0	0	0	0	0	
0	0	0	0	0	0	0	0	0	0	0.10196	0.082353	0.18824	0	0	0	0	0	0	0	0	0	0	0	0	0	0	0	0	0	
0	0	0	0	0	0	0	0	0	0	0.18824	0	0.082353	0.10196	0	0	0	0	0	0	0	0	0	0	0	0	0	0	0	0	
0	0	0	0	0	0	0	0	0	0.0039216	0.18039	0	0	0.18824	0	0	0	0	0	0	0	0	0	0	0	0	0	0	0	0	
0	0	0	0	0	0	0	0	0	0.18824	0	0	0	0.094118	0.090196	0	0	0	0	0	0	0	0	0	0	0	0	0	0	0	
0	0	0	0	0	0	0	0	0.066667	0.11765	0	0	0	0	0.18039	0.0039216	0	0	0	0	0	0	0	0	0	0	0	0	0	0	
0	0	0	0	0	0	0	0.0078431	0.17647	0	0	0	0	0	0.035294	0.14902	0	0	0	0	0	0	0	0	0	0	0	0	0	0	
0	0	0	0	0	0	0	0.21961	0.2	0.19216	0.19216	0.19216	0.19216	0.19216	0.19216	0.28235	0.062745	0	0	0	0	0	0	0	0	0	0	0	0	0	
0	0	0	0	0	0	0.039216	0.29804	0.035294	0	0	0	0	0	0	0.035294	0.31765	0.1451	0	0	0	0	0	0	0	0	0	0	0	0	
0	0	0	0	0	0.027451	0.15686	0.035294	0.14902	0	0	0	0	0.18039	0	0	0	0.2549	0.19216	0.078431	0	0	0	0	0	0	0	0	0	0	
0.015686	0.19216	0.19216	0.19216	0.21569	0.31765	0.19216	0.19216	0.21961	0.38431	0.20392	0.19216	0.16078	0.27843	0	0	0	0.019608	0.19216	0.12941	0.1451	0	0	0	0	0	0	0	0	0	
0.18824	0	0	0	0.18824	0	0	0	0	0	0.18039	0.17647	0.043137	0.38431	0.2902	0.035294	0	0	0	0.17255	0.19608	0.17255	0	0	0	0	0	0	0	0	
0.18824	0	0	0	0.18824	0	0	0	0	0	0	0.015686	0.17647	0.13725	0.32941	0.15294	0.054902	0	0	0	0.039216	0.21176	0.32549	0.16471	0.027451	0	0	0	0	0	
0.16863	0.015686	0	0	0.18824	0	0	0	0	0	0	0	0.058824	0.27059	0.33333	0.12549	0.16863	0.015686	0	0	0.11765	0.011765	0.054902	0.15294	0.16078	0.18039	0	0	0	0	
0.011765	0.17255	0	0	0.031373	0.15294	0	0	0	0	0	0	0.18824	0.070588	0.22353	0.38039	0.0039216	0.18431	0	0	0.086275	0.098039	0	0.18824	0	0.18824	0	0	0	0	
0	0.027451	0.15686	0	0	0.035294	0.18431	0	0	0	0	0	0.14902	0.035294	0.18824	0.15686	0.29412	0.18824	0	0	0.035294	0.14902	0	0.082353	0.15294	0.13725	0	0	0	0	
0	0	0.031373	0.19216	0.039216	0	0.0039216	0.19216	0.058824	0	0	0	0	0.18824	0.18431	0	0.30588	0.16078	0.086275	0	0	0.19216	0.0039216	0.015686	0.34902	0.0078431	0	0	0	0	
0	0	0	0	0.15294	0.19216	0.062745	0	0.12941	0.12941	0	0	0	0.039216	0.23922	0.12941	0	0.25098	0.062745	0	0	0.05098	0.18431	0.20784	0.22353	0	0	0	0	0	
0	0	0	0	0	0	0.12549	0.19216	0.12549	0.062745	0.19216	0.054902	0	0	0.011765	0.33725	0.019608	0	0	0	0	0	0	0.12549	0.058824	0	0	0	0	0	
0	0	0	0	0	0	0	0	0.062745	0.19216	0.16078	0.14902	0.18039	0.023529	0	0.12157	0.23529	0.05098	0	0	0	0	0	0.18824	0	0	0	0	0	0	
0	0	0	0	0	0	0	0	0	0	0.027451	0.17647	0.20392	0.25882	0.12157	0	0.18824	0.14118	0.047059	0	0	0	0	0.18824	0	0	0	0	0	0	
0	0	0	0	0	0	0	0	0	0	0	0	0	0.10196	0.26275	0.38431	0.30196	0	0.1451	0.039216	0	0	0.11373	0.070588	0	0	0	0	0	0	
0	0	0	0	0	0	0	0	0	0	0	0	0	0	0	0	0.15294	0.066667	0	0.18039	0.0078431	0	0.18824	0	0	0	0	0	0	0	
0	0	0	0	0	0	0	0	0	0	0	0	0	0	0	0	0	0.12157	0.062745	0.0039216	0.18039	0.019608	0.18824	0	0	0	0	0	0	0	
0	0	0	0	0	0	0	0	0	0	0	0	0	0	0	0	0	0	0.16078	0.023529	0	0	0.18824	0	0	0	0	0	0	0	
0	0	0	0	0	0	0	0	0	0	0	0	0	0	0	0	0	0	0	0.18824	0	0.11373	0.070588	0	0	0	0	0	0	0	
0	0	0	0	0	0	0	0	0	0	0	0	0	0	0	0	0	0	0	0.011765	0	0.18824	0	0	0	0	0	0	0	0	
0	0	0	0	0	0	0	0	0	0	0	0	0	0	0	0	0	0	0	0	0	0.078431	0	0	0	0	0	0	0	0	

1
1
30		30
2
446	222
367	81
479	229
1
459	229
61
446	222
446	217
442	212
435	205
426	199
415	192
404	186
394	180
386	174
380	170
377	167
372	162
370	160
369	158
367	155
367	152
369	146
375	140
382	133
386	126
392	118
397	110
400	105
402	99
403	96
404	93
404	92
404	88
404	87
404	84
404	82
405	81
406	83
409	90
413	99
419	111
427	124
434	133
443	143
451	148
460	153
468	154
474	156
477	156
478	156
479	159
479	164
478	168
476	174
474	178
472	183
471	189
469	194
466	200
465	206
463	212
462	218
460	222
460	225
460	228
459	229

	456	210
348	126
473	210
1
454	159
114
456	210
455	209
454	209
450	206
447	202
442	197
436	191
430	186
425	182
418	176
415	172
413	168
412	166
412	163
412	162
412	160
414	158
415	158
418	160
421	166
422	171
425	179
428	186
431	192
433	197
433	200
428	201
419	198
409	194
396	189
383	183
372	179
362	173
356	167
351	162
348	156
348	151
348	148
350	144
358	141
368	140
379	140
391	140
403	141
413	145
420	147
427	151
430	154
434	158
437	163
439	167
440	171
440	174
440	177
440	179
439	180
437	177
434	173
431	168
428	164
423	158
420	153
417	147
415	142
415	138
415	136
415	135
415	141
421	150
424	157
428	164
432	171
433	173
434	174
433	173
429	168
424	163
417	156
408	150
400	146
392	141
388	137
387	133
385	131
385	130
388	128
393	126
400	126
409	126
418	126
430	130
441	136
450	141
459	148
466	155
470	162
472	167
473	170
473	173
473	174
472	177
470	177
469	177
466	177
464	177
463	177
460	176
459	174
457	170
457	168
456	163
456	160
454	158
454	159



7
3
30	30
0	0	0	0	0	0	0	0	0	0	0	0	0	0	0.054902	0.10588	0.10196	0	0	0	0	0	0	0	0	0	0	0	0	0	
0	0	0	0	0	0	0	0	0	0	0	0.027451	0.10588	0.10588	0.047059	0	0.0039216	0.10588	0.090196	0	0	0	0	0	0	0	0	0	0	0	
0	0	0	0	0	0	0	0.0078431	0.098039	0.10588	0.10588	0.078431	0	0	0	0	0	0	0.011765	0.10588	0.10588	0.10588	0.098039	0.0078431	0	0	0	0	0	0	
0	0	0	0	0.094118	0.10588	0.18431	0.20392	0.11373	0.10588	0.10588	0.10588	0.10588	0.082353	0.10196	0.13333	0.0078431	0	0	0	0	0	0.0039216	0.098039	0.10588	0.10588	0.05098	0	0	0	
0.12157	0.1451	0.10588	0.10588	0.011765	0	0.11765	0	0	0	0	0	0.027451	0.21569	0.22745	0.1098	0.10588	0.10588	0.11373	0.082353	0	0	0	0	0	0	0.054902	0.090196	0	0	
0	0.066667	0.10588	0.10588	0.10588	0.031373	0.058824	0.10588	0.18824	0.16078	0.16078	0.17647	0.38824	0.22745	0.22353	0.23529	0.19608	0.10588	0.12941	0	0	0	0	0	0.043137	0.090196	0.10588	0.16078	0.16078	0.058824	
0	0	0	0	0	0.070588	0.10588	0.10588	0.23529	0.10196	0.05098	0.05098	0.011765	0.023529	0.10196	0.10588	0.10588	0.10588	0.10588	0.10588	0.10588	0.10588	0.10588	0.10588	0.062745	0.011765	0	0	0.066667	0.058824	
0	0	0	0	0	0	0	0	0.019608	0.17647	0.18824	0.10588	0.10588	0.078431	0.0039216	0	0	0	0	0	0	0	0	0	0	0	0	0	0	0	
0	0	0	0	0	0	0	0	0	0	0	0	0	0	0	0	0	0	0	0	0	0	0	0	0	0	0	0	0	0	
0	0	0	0	0	0	0	0	0	0	0	0	0	0	0	0	0	0	0	0	0	0	0	0	0	0	0	0	0	0	
0	0	0	0	0	0	0	0	0	0	0	0	0	0	0	0	0	0	0	0	0	0	0	0	0	0	0	0	0	0	
0	0	0	0	0	0	0	0	0	0	0	0	0	0	0	0	0	0	0	0	0	0	0	0	0	0	0	0	0	0	
0	0	0	0	0	0	0	0	0	0	0	0	0	0	0	0	0	0	0	0	0	0	0	0	0	0	0	0	0	0	
0	0	0	0	0	0	0	0	0	0	0	0	0	0	0	0	0	0	0	0	0	0	0	0	0	0	0	0	0	0	
0	0	0	0	0	0	0	0	0	0	0	0	0	0	0	0	0	0	0	0	0	0	0	0	0	0	0	0	0	0	
0	0	0	0	0	0	0	0	0	0	0	0	0	0	0	0	0	0	0	0	0	0	0	0	0	0	0	0	0	0	
0	0	0	0	0	0	0	0	0	0	0	0	0	0	0	0	0	0	0	0	0	0	0	0	0	0	0	0	0	0	
0	0	0	0	0	0	0	0	0	0	0	0	0	0	0	0	0	0	0	0	0	0	0	0	0	0	0	0	0	0	
0	0	0	0	0	0	0	0	0	0	0	0	0	0	0	0	0	0	0	0	0	0	0	0	0	0	0	0	0	0	
0	0	0	0	0	0	0	0	0	0	0	0	0	0	0	0	0	0	0	0	0	0	0	0	0	0	0	0	0	0	
0	0	0	0	0	0	0	0	0	0	0	0	0	0	0	0	0	0	0	0	0	0	0	0	0	0	0	0	0	0	
0	0	0	0	0	0	0	0	0	0	0	0	0	0	0	0	0	0	0	0	0	0	0	0	0	0	0	0	0	0	
0	0	0	0	0	0	0	0	0	0	0	0	0	0	0	0	0	0	0	0	0	0	0	0	0	0	0	0	0	0	
0	0	0	0	0	0	0	0	0	0	0	0	0	0	0	0	0	0	0	0	0	0	0	0	0	0	0	0	0	0	
0	0	0	0	0	0	0	0	0	0	0	0	0	0	0	0	0	0	0	0	0	0	0	0	0	0	0	0	0	0	
0	0	0	0	0	0	0	0	0	0	0	0	0	0	0	0	0	0	0	0	0	0	0	0	0	0	0	0	0	0	
0	0	0	0	0	0	0	0	0	0	0	0	0	0	0	0	0	0	0	0	0	0	0	0	0	0	0	0	0	0	
0	0	0	0	0	0	0	0	0	0	0	0	0	0	0	0	0	0	0	0	0	0	0	0	0	0	0	0	0	0	
0	0	0	0	0	0	0	0	0	0	0	0	0	0	0	0	0	0	0	0	0	0	0	0	0	0	0	0	0	0	
0	0	0	0	0	0	0	0	0	0	0	0	0	0	0	0	0	0	0	0	0	0	0	0	0	0	0	0	0	0	

1
1
30		30
1
749	210
663	143
904	210
1
792	172
157
749	210
748	209
742	206
733	203
725	201
716	198
706	196
697	194
688	191
679	188
670	186
665	185
663	183
667	183
681	180
697	176
717	170
738	164
755	159
772	153
783	147
791	144
792	143
797	146
801	150
808	154
817	159
829	162
841	165
854	169
863	172
872	175
879	177
883	179
885	181
888	185
890	188
892	191
893	194
895	196
897	196
898	196
900	196
903	196
904	195
902	194
899	194
893	194
885	194
877	194
868	195
859	196
847	198
836	199
826	199
817	201
808	201
800	201
793	201
785	201
779	202
776	204
774	204
772	205
771	206
769	208
767	210
766	210
761	210
755	210
749	210
743	210
739	210
737	210
735	207
733	204
732	201
730	196
730	193
730	192
730	190
734	189
741	189
751	190
762	190
775	190
787	190
795	190
798	189
797	189
794	189
788	190
778	193
770	193
760	195
749	195
739	195
730	195
722	192
715	188
712	185
711	183
711	181
711	178
711	177
714	174
721	174
729	174
738	174
745	174
754	174
763	174
768	174
771	174
772	175
773	177
773	179
772	182
771	183
768	186
766	187
764	189
763	189
760	189
758	189
765	186
775	183
787	181
799	179
808	177
813	177
814	177
817	179
817	182
817	185
816	188
815	189
813	190
809	190
804	190
797	190
792	190
787	188
781	185
780	184
778	182
778	181
778	178
778	175
778	174
783	171
787	170
789	170
790	170
791	171
790	172
792	172



7
3
30	30
0	0	0	0	0	0	0	0	0	0	0.015686	0.082353	0	0	0	0	0	0	0	0	0	0	0	0	0	0	0	0	0	0	
0	0	0	0	0	0	0	0	0	0	0.24706	0.24314	0.023529	0	0	0	0	0	0	0	0	0	0	0	0	0	0	0	0	0	
0	0	0	0	0	0	0	0	0	0.082353	0.17255	0.0078431	0.23529	0.011765	0	0	0	0	0	0	0	0	0	0	0	0	0	0	0	0	
0	0	0	0	0	0	0	0	0	0.25882	0	0	0.0039216	0.24706	0.0039216	0	0	0	0	0	0	0	0	0	0	0	0	0	0	0	
0	0	0	0	0	0	0	0	0.20784	0.05098	0	0	0	0.066667	0.18824	0	0	0	0	0	0	0	0	0	0	0	0	0	0	0	
0	0	0	0	0	0	0	0.15294	0.10196	0	0	0	0	0	0.07451	0.18039	0	0	0	0	0	0	0	0	0	0	0	0	0	0	
0	0	0	0	0	0	0.16078	0.37647	0.27059	0.023529	0	0	0	0	0	0.082353	0.17255	0	0	0	0	0	0	0	0	0	0	0	0	0	
0	0	0	0	0	0.27059	0.30196	0	0.039216	0.21569	0	0	0.062745	0.25882	0.26667	0.26667	0.32549	0.39608	0.26275	0.047059	0	0	0	0	0	0	0	0	0	0	
0	0	0	0	0.086275	0.36078	0	0	0	0.18431	0.07451	0.12549	0.2	0.0078431	0	0	0	0.031373	0.27451	0.31765	0	0	0	0	0	0	0	0	0	0	
0	0	0	0.0078431	0.31373	0.19216	0	0	0	0	0.28235	0.14118	0	0	0	0	0	0	0.0039216	0.38039	0.15686	0	0	0	0	0	0	0	0	0	
0	0	0	0.23137	0.094118	0.19216	0	0	0	0	0.25882	0	0	0	0	0	0	0	0	0.25882	0.10588	0.21961	0.0039216	0	0	0	0	0	0	0	
0	0	0.16078	0.094118	0.066667	0.19216	0	0	0	0	0.062745	0	0	0	0	0	0	0	0	0.25882	0	0.047059	0.25882	0.13725	0	0	0	0	0	0	
0	0.082353	0.17255	0	0.066667	0.19216	0	0	0	0	0	0	0.24706	0.16863	0	0	0	0	0	0.019608	0.23529	0	0	0.12549	0.2549	0.023529	0	0	0	0	
0.07451	0.18431	0	0	0.0078431	0.25098	0	0	0	0	0	0	0.25882	0.094118	0.16078	0	0	0	0	0	0.2549	0	0	0	0.0078431	0.32941	0.058824	0	0	0	
0.043137	0.21569	0	0	0	0.054902	0.26667	0	0	0	0	0	0.25882	0	0.24314	0.011765	0	0	0	0	0.25882	0	0	0	0	0.25882	0	0	0	0	
0	0.047059	0.20784	0	0	0	0	0.26275	0.23529	0.015686	0	0	0.25882	0	0	0.25882	0	0	0	0	0.25882	0	0	0	0.16078	0.094118	0	0	0	0	
0	0	0.054902	0.2	0	0	0	0	0.027451	0.24706	0.26667	0.26667	0.38824	0.18824	0.12157	0.18431	0.17647	0	0	0	0.24706	0.0078431	0	0.011765	0.24314	0	0	0	0	0	
0	0	0	0.062745	0.19608	0.0078431	0	0	0	0	0	0	0.039216	0.36471	0.14118	0.14118	0.011765	0	0	0	0.031373	0.0039216	0	0.23529	0.019608	0	0	0	0	0	
0	0	0	0	0.066667	0.24314	0	0	0	0	0	0	0	0.25882	0	0	0	0	0	0	0	0	0.035294	0.21961	0	0	0	0	0	0	
0	0	0	0	0	0.011765	0.24314	0	0	0	0	0	0	0.25098	0.0078431	0	0	0	0	0	0	0	0.2549	0	0	0	0	0	0	0	
0	0	0	0	0	0	0.019608	0.26275	0.039216	0	0	0	0	0.019608	0.23137	0.0039216	0	0	0	0	0	0.2	0.058824	0	0	0	0	0	0	0	
0	0	0	0	0	0	0	0	0.22353	0.10196	0	0	0	0	0.031373	0.078431	0	0	0	0	0.070588	0.18824	0	0	0	0	0	0	0	0	
0	0	0	0	0	0	0	0	0	0.16471	0.22353	0	0	0	0	0	0	0	0	0	0.2549	0	0	0	0	0	0	0	0	0	
0	0	0	0	0	0	0	0	0	0	0.043137	0.25882	0.031373	0	0	0	0	0	0	0.24706	0.0078431	0	0	0	0	0	0	0	0	0	
0	0	0	0	0	0	0	0	0	0	0	0.019608	0.23529	0	0	0	0	0	0.17255	0.082353	0	0	0	0	0	0	0	0	0	0	
0	0	0	0	0	0	0	0	0	0	0	0	0.11765	0.13725	0	0	0	0.094118	0.16078	0	0	0	0	0	0	0	0	0	0	0	
0	0	0	0	0	0	0	0	0	0	0	0	0	0.19608	0.058824	0	0	0.25882	0	0	0	0	0	0	0	0	0	0	0	0	
0	0	0	0	0	0	0	0	0	0	0	0	0	0	0.25098	0.0078431	0	0.25882	0	0	0	0	0	0	0	0	0	0	0	0	
0	0	0	0	0	0	0	0	0	0	0	0	0	0	0.1451	0.1098	0.10196	0.066667	0	0	0	0	0	0	0	0	0	0	0	0	
0	0	0	0	0	0	0	0	0	0	0	0	0	0	0.039216	0.0078431	0	0	0	0	0	0	0	0	0	0	0	0	0	0	

1
1
30		30
2
258	510
204	405
301	510
1
265	507
59
258	510
259	508
256	503
252	498
246	490
238	485
229	478
223	472
217	467
212	462
208	458
205	455
204	454
205	452
211	446
215	441
220	434
226	428
230	423
235	418
239	412
242	408
242	406
243	405
245	406
248	410
253	415
257	420
264	427
271	433
280	439
288	445
294	448
298	451
300	451
301	452
300	453
299	456
297	459
295	462
294	464
292	467
291	470
288	474
286	476
285	478
282	482
279	486
276	490
273	494
270	497
269	498
268	499
267	500
267	501
267	504
267	506
266	507
265	507

	259	481
220	426
281	481
1
281	465
56
259	481
258	480
255	477
253	472
252	466
250	461
249	456
249	451
249	448
250	447
254	451
257	455
260	460
263	463
263	464
262	465
257	465
250	465
242	464
236	462
230	459
225	456
222	453
220	449
220	444
220	438
220	434
222	430
225	428
228	426
229	426
231	426
234	426
237	430
239	434
242	437
242	438
242	440
242	441
242	443
242	441
243	437
246	434
251	431
257	429
262	429
267	429
271	429
274	431
277	436
277	441
278	447
280	455
280	460
281	464
281	465



7
3
30	30
0	0	0	0	0	0	0	0	0	0	0	0	0	0	0	0	0	0	0	0	0	0	0	0	0	0	0	0	0	0	
0	0	0	0	0	0	0	0	0	0	0.15294	0.26275	0	0	0	0	0	0	0	0	0	0	0	0	0	0	0	0	0	0	
0	0	0	0	0	0	0	0	0	0.13725	0.26667	0.40392	0	0	0	0	0	0	0	0	0	0	0	0	0	0	0	0	0	0	
0	0	0	0	0	0	0	0	0.11765	0.28235	0	0.37647	0.027451	0	0	0	0	0	0	0	0	0	0	0	0	0	0	0	0	0	
0	0	0	0	0	0	0	0.10588	0.29412	0	0	0.058824	0.3451	0	0	0	0	0	0	0	0	0	0	0	0	0	0	0	0	0	
0	0	0	0	0	0	0	0.35686	0.043137	0	0	0	0.37255	0.027451	0	0	0	0	0	0	0	0	0	0	0	0	0	0	0	0	
0	0	0	0	0	0	0.078431	0.32549	0	0	0	0	0.035294	0.36471	0	0	0	0	0	0	0	0	0	0	0	0	0	0	0	0	
0	0	0	0	0	0	0.34902	0.05098	0	0	0.15686	0	0	0.17255	0.22745	0	0	0	0	0	0	0	0	0	0	0	0	0	0	0	
0	0	0	0	0.015686	0.34118	0.039216	0	0.011765	0.32941	0.26275	0.18824	0	0	0.35294	0.047059	0	0	0	0	0	0	0	0	0	0	0	0	0	0	
0	0	0	0	0.43922	0.07451	0	0	0.20784	0.30588	0	0.40392	0	0	0.015686	0.38431	0	0	0	0	0	0	0	0	0	0	0	0	0	0	
0	0	0	0.15294	0.77255	0.22353	0	0.0039216	0.67059	0.30588	0	0.40392	0	0	0	0.40392	0	0	0	0	0	0	0	0	0	0	0	0	0	0	
0	0	0.13725	0.26275	0.40392	0.16471	0.019608	0.37255	0.57647	0.30588	0	0.40392	0	0	0.0039216	0.4	0	0	0	0	0	0	0	0	0	0	0	0	0	0	
0	0.12157	0.27843	0	0.40392	0	0.32941	0.17255	0.49804	0.30588	0	0.40392	0	0	0.43922	0.094118	0	0	0	0	0	0	0	0	0	0	0	0	0	0	
0	0.4	0	0.32157	0.082353	0	0.40392	0	0.49804	0.30588	0	0.40392	0.039216	0.41961	0.14902	0	0	0	0	0	0	0	0	0	0	0	0	0	0	0	
0	0.40392	0	0.35686	0.047059	0.15294	0.33333	0	0.49804	0.30588	0.2	0.34118	0.34902	0	0	0	0	0	0	0	0	0	0	0	0	0	0	0	0	0	
0	0.40392	0	0.35686	0.2549	0.26275	0.011765	0	0.34902	0.57647	0.24706	0.49412	0.027451	0	0	0	0	0	0	0	0	0	0	0	0	0	0	0	0	0	
0	0.4	0	0.019608	0.19608	0	0	0	0.12549	0.32941	0.35686	0.039216	0	0	0	0	0	0	0	0	0	0	0	0	0	0	0	0	0	0	
0	0.38039	0.023529	0	0	0	0	0	0.42745	0.34118	0.035294	0	0	0	0	0	0	0	0	0	0	0	0	0	0	0	0	0	0	0	
0	0.062745	0.33725	0	0	0	0	0	0.58824	0.05098	0	0	0	0	0	0	0	0	0	0	0	0	0	0	0	0	0	0	0	0	
0	0	0.40392	0	0	0	0.015686	0.51373	0.27059	0	0	0	0	0	0	0	0	0	0	0	0	0	0	0	0	0	0	0	0	0	
0	0	0.33333	0.066667	0	0	0.32157	0.38824	0.094118	0	0	0	0	0	0	0	0	0	0	0	0	0	0	0	0	0	0	0	0	0	
0	0	0.16078	0.23922	0	0.14902	0.2549	0.38824	0.011765	0	0	0	0	0	0	0	0	0	0	0	0	0	0	0	0	0	0	0	0	0	
0	0	0	0.39216	0.0078431	0.40392	0.11765	0.28235	0	0	0	0	0	0	0	0	0	0	0	0	0	0	0	0	0	0	0	0	0	0	
0	0	0	0.23529	0.27451	0.29412	0.21176	0.18824	0	0	0	0	0	0	0	0	0	0	0	0	0	0	0	0	0	0	0	0	0	0	
0	0	0	0	0.67451	0.15294	0.38039	0	0	0	0	0	0	0	0	0	0	0	0	0	0	0	0	0	0	0	0	0	0	0	
0	0	0	0.22745	0.51765	0.40784	0.054902	0	0	0	0	0	0	0	0	0	0	0	0	0	0	0	0	0	0	0	0	0	0	0	
0	0	0.062745	0.32941	0.14902	0.63922	0.023529	0	0	0	0	0	0	0	0	0	0	0	0	0	0	0	0	0	0	0	0	0	0	0	
0	0	0.39216	0.094118	0.39608	0.19608	0	0	0	0	0	0	0	0	0	0	0	0	0	0	0	0	0	0	0	0	0	0	0	0	
0	0	0.53725	0.33333	0.13725	0	0	0	0	0	0	0	0	0	0	0	0	0	0	0	0	0	0	0	0	0	0	0	0	0	
0	0	0	0	0	0	0	0	0	0	0	0	0	0	0	0	0	0	0	0	0	0	0	0	0	0	0	0	0	0	

1
1
30		30
1
587	509
576	449
611	513
1
586	472
104
587	509
586	510
585	507
583	502
581	498
580	495
579	490
577	487
577	486
576	484
576	483
576	478
579	474
583	470
586	466
590	462
592	458
595	454
597	452
599	450
600	449
601	450
601	453
604	458
606	462
608	464
610	467
610	468
611	469
611	470
611	471
611	473
610	474
609	476
605	478
601	483
597	486
593	490
589	494
588	496
586	499
586	500
585	501
585	503
583	505
582	507
580	509
579	511
579	512
578	513
579	513
580	513
583	512
584	510
586	508
587	506
587	505
589	503
589	502
590	501
591	497
592	495
593	491
593	489
595	485
595	484
595	481
595	480
595	477
595	472
595	468
596	466
598	464
601	467
601	471
601	474
601	477
601	479
600	480
599	481
597	482
596	483
595	483
594	480
594	477
594	472
594	469
594	470
592	473
591	474
590	474
589	475
589	477
588	480
587	481
584	483
583	484
582	483
582	480
583	476
584	472
584	471
584	468
586	472



7
3
30	30
0	0	0	0	0	0	0	0	0	0	0	0	0	0	0	0	0.011765	0	0	0	0	0	0	0	0	0	0	0	0	0	
0	0	0	0	0	0	0	0	0	0	0	0	0	0.0039216	0.27451	0.32157	0.3098	0.26667	0.0039216	0	0	0	0	0	0	0	0	0	0	0	
0	0	0	0	0	0	0	0	0.066667	0.39608	0	0.039216	0.090196	0.32157	0.05098	0	0	0.054902	0.26275	0.0039216	0	0	0	0	0	0	0	0	0	0	
0	0	0	0	0	0	0	0.0039216	0.26275	0.58824	0.61176	0.42353	0.30588	0.035294	0	0	0	0	0.054902	0.26275	0.054902	0	0	0	0	0	0	0	0	0	
0	0	0	0	0	0.078431	0.32549	0.31765	0.47451	0	0	0.11373	0.25098	0.28627	0.32549	0.12941	0.011765	0	0	0.054902	0.27059	0.26667	0.090196	0.035294	0	0	0	0	0	0	
0	0	0	0.082353	0.32549	0.24314	0	0	0.32941	0	0	0	0	0	0.015686	0.52157	0.50588	0.082353	0	0	0	0.054902	0.23529	0.2902	0.26667	0.10588	0.0039216	0	0	0	
0	0.32941	0.40784	0.23922	0	0	0	0	0.32941	0	0	0.015686	0.21961	0.32549	0.47843	0.12549	0.32941	0.24314	0.29804	0	0	0	0	0	0.058824	0.21569	0.26275	0.12549	0	0	
0	0.0039216	0.24314	0.25882	0.039216	0	0	0	0.20392	0.32549	0.32549	0.3098	0.10196	0	0.14902	0.54118	0.23137	0	0.32941	0	0	0	0	0	0	0	0.058824	0.2902	0.54118	0	
0	0	0	0.066667	0.28235	0.25882	0.039216	0	0	0	0	0	0	0	0	0.36078	0.31373	0.043137	0.34118	0.18039	0.16078	0.2549	0.28235	0.011765	0	0.043137	0.31765	0.23137	0.0039216	0	
0	0	0	0	0	0.062745	0.28235	0.26275	0.043137	0	0	0	0	0	0	0.32941	0.2	0.023529	0	0.14118	0.16078	0.066667	0.20392	0.26667	0.32549	0.27843	0.0039216	0	0	0	
0	0	0	0	0	0	0	0.058824	0.28235	0.20392	0	0	0	0	0	0.47843	0.45882	0.11373	0	0	0	0.14118	0.32549	0.33333	0	0	0	0	0	0	
0	0	0	0	0	0	0	0	0	0.11765	0.31373	0.043137	0	0	0	0.17647	0.20392	0	0	0.047059	0.24314	0.18039	0	0	0	0	0	0	0	0	
0	0	0	0	0	0	0	0	0	0	0.011765	0.26667	0.043137	0	0	0	0	0	0.12549	0.26667	0.082353	0	0	0	0	0	0	0	0	0	
0	0	0	0	0	0	0	0	0	0	0	0.011765	0.26667	0.047059	0	0	0.14118	0.32549	0.2	0.0078431	0	0	0	0	0	0	0	0	0	0	
0	0	0	0	0	0	0	0	0	0	0	0	0.054902	0.27059	0	0.27059	0.18039	0	0	0	0	0	0	0	0	0	0	0	0	0	
0	0	0	0	0	0	0	0	0	0	0	0	0	0.17255	0.15294	0	0	0	0	0	0	0	0	0	0	0	0	0	0	0	
0	0	0	0	0	0	0	0	0	0	0	0	0	0	0.27843	0.047059	0	0	0	0	0	0	0	0	0	0	0	0	0	0	
0	0	0	0	0	0	0	0	0	0	0	0	0	0	0	0	0	0	0	0	0	0	0	0	0	0	0	0	0	0	
0	0	0	0	0	0	0	0	0	0	0	0	0	0	0	0	0	0	0	0	0	0	0	0	0	0	0	0	0	0	
0	0	0	0	0	0	0	0	0	0	0	0	0	0	0	0	0	0	0	0	0	0	0	0	0	0	0	0	0	0	
0	0	0	0	0	0	0	0	0	0	0	0	0	0	0	0	0	0	0	0	0	0	0	0	0	0	0	0	0	0	
0	0	0	0	0	0	0	0	0	0	0	0	0	0	0	0	0	0	0	0	0	0	0	0	0	0	0	0	0	0	
0	0	0	0	0	0	0	0	0	0	0	0	0	0	0	0	0	0	0	0	0	0	0	0	0	0	0	0	0	0	
0	0	0	0	0	0	0	0	0	0	0	0	0	0	0	0	0	0	0	0	0	0	0	0	0	0	0	0	0	0	
0	0	0	0	0	0	0	0	0	0	0	0	0	0	0	0	0	0	0	0	0	0	0	0	0	0	0	0	0	0	
0	0	0	0	0	0	0	0	0	0	0	0	0	0	0	0	0	0	0	0	0	0	0	0	0	0	0	0	0	0	
0	0	0	0	0	0	0	0	0	0	0	0	0	0	0	0	0	0	0	0	0	0	0	0	0	0	0	0	0	0	
0	0	0	0	0	0	0	0	0	0	0	0	0	0	0	0	0	0	0	0	0	0	0	0	0	0	0	0	0	0	
0	0	0	0	0	0	0	0	0	0	0	0	0	0	0	0	0	0	0	0	0	0	0	0	0	0	0	0	0	0	
0	0	0	0	0	0	0	0	0	0	0	0	0	0	0	0	0	0	0	0	0	0	0	0	0	0	0	0	0	0	

1
1
30		30
2
626	357
584	309
668	357
1
627	350
63
626	357
624	354
622	352
621	350
620	348
618	346
616	344
615	343
613	341
609	339
606	337
602	335
598	333
594	331
590	329
587	327
584	326
588	326
594	323
601	320
607	318
613	317
616	315
619	315
620	314
621	314
623	312
625	311
627	311
629	309
630	309
631	309
635	312
637	314
639	316
641	318
644	319
647	321
649	321
652	322
656	324
657	324
660	325
662	327
664	327
666	328
667	328
668	329
665	330
661	332
658	334
654	335
651	337
648	338
643	342
640	343
638	345
636	346
633	347
630	349
629	349
628	349
627	350

	629	339
606	313
652	341
1
652	337
85
629	339
629	341
629	340
629	339
629	337
630	336
631	335
632	336
632	338
631	339
629	339
628	339
627	338
627	336
627	334
627	333
628	331
629	330
630	330
631	330
632	331
631	331
628	330
627	329
627	328
625	326
625	325
627	324
628	323
631	322
631	323
631	324
631	326
630	327
629	328
628	328
626	328
625	327
625	326
626	324
627	324
628	323
625	325
622	325
616	328
611	328
608	328
607	328
606	327
606	325
606	324
606	321
607	318
608	316
608	315
608	313
610	314
611	316
612	316
613	316
616	318
618	318
619	318
621	318
622	319
625	320
627	321
630	322
633	324
634	325
636	325
637	326
637	327
637	329
637	330
637	332
639	333
642	333
645	333
647	332
648	332
649	332
650	333
650	335
652	337



7
3
30	30
0	0	0	0	0	0	0	0	0	0	0	0	0	0	0	0.094118	0.15294	0	0	0	0	0	0	0	0	0	0	0	0	0	
0	0	0	0	0	0	0	0	0	0	0	0	0.019608	0.16078	0.21176	0.11765	0.058824	0.21176	0.18824	0.015686	0	0	0	0	0	0	0	0	0	0	
0	0	0	0	0	0	0	0	0	0	0.054902	0.21176	0.19216	0.05098	0	0	0	0	0.023529	0.19216	0.21176	0.21176	0.21176	0	0	0	0	0	0	0	
0	0	0	0	0	0	0	0	0.16078	0.21176	0.15294	0	0.047059	0.21176	0.31373	0	0	0	0	0	0	0	0	0.21176	0.21176	0.21176	0.19216	0.019608	0	0	
0	0	0	0	0	0.019608	0.16078	0.21176	0.05098	0	0	0.05098	0.16471	0	0.21569	0	0	0	0	0	0	0	0	0	0	0	0.019608	0.23922	0.019608	0	
0	0	0	0.10588	0.21176	0.19216	0.047059	0	0	0	0.054902	0.16078	0	0	0.21569	0	0	0.054902	0.21176	0.25882	0.07451	0	0	0	0	0	0	0	0.23922	0.023529	
0	0.035294	0.21176	0.10588	0	0	0	0	0	0.019608	0.25882	0	0.0078431	0.24706	0.23137	0.21176	0.21176	0.19216	0.2	0.14902	0.07451	0	0	0	0	0	0	0.14902	0.21176	0.070588	
0.039216	0.17647	0	0	0.12157	0.42745	0.38039	0.42745	0.29804	0.36471	0.17255	0.22745	0.3451	0.22353	0.10196	0.16471	0.21176	0.17647	0.011765	0.10588	0.13725	0	0	0	0	0.062745	0.21176	0.062745	0	0	
0.054902	0.21176	0.086275	0	0	0	0	0	0.12941	0.38431	0.27059	0.50588	0.28235	0.21176	0.18824	0.043137	0	0.10196	0.21176	0.14902	0	0	0	0.07451	0.21176	0.1451	0	0	0	0	
0	0	0.12549	0.21176	0.18431	0.035294	0	0	0	0.21569	0.15294	0.24706	0	0	0.043137	0.14118	0.21176	0.1098	0	0	0	0.043137	0.20392	0.13725	0	0	0	0	0	0	
0	0	0	0	0.027451	0.17647	0.18039	0.031373	0	0	0	0.11373	0.21176	0.21176	0.16471	0.066667	0	0	0	0.043137	0.21176	0.16471	0.0078431	0	0	0	0	0	0	0	
0	0	0	0	0	0	0.027451	0.18039	0.21176	0.18039	0	0	0	0	0	0	0	0.054902	0.21176	0.16471	0	0	0	0	0	0	0	0	0	0	
0	0	0	0	0	0	0	0	0	0.027451	0.20784	0.054902	0	0.027451	0	0.12549	0.21176	0.15686	0	0	0	0	0	0	0	0	0	0	0	0	
0	0	0	0	0	0	0	0	0	0	0	0.15686	0.11765	0.12941	0.21569	0.082353	0	0	0	0	0	0	0	0	0	0	0	0	0	0	
0	0	0	0	0	0	0	0	0	0	0	0	0.094118	0.18039	0	0	0	0	0	0	0	0	0	0	0	0	0	0	0	0	
0	0	0	0	0	0	0	0	0	0	0	0	0	0	0	0	0	0	0	0	0	0	0	0	0	0	0	0	0	0	
0	0	0	0	0	0	0	0	0	0	0	0	0	0	0	0	0	0	0	0	0	0	0	0	0	0	0	0	0	0	
0	0	0	0	0	0	0	0	0	0	0	0	0	0	0	0	0	0	0	0	0	0	0	0	0	0	0	0	0	0	
0	0	0	0	0	0	0	0	0	0	0	0	0	0	0	0	0	0	0	0	0	0	0	0	0	0	0	0	0	0	
0	0	0	0	0	0	0	0	0	0	0	0	0	0	0	0	0	0	0	0	0	0	0	0	0	0	0	0	0	0	
0	0	0	0	0	0	0	0	0	0	0	0	0	0	0	0	0	0	0	0	0	0	0	0	0	0	0	0	0	0	
0	0	0	0	0	0	0	0	0	0	0	0	0	0	0	0	0	0	0	0	0	0	0	0	0	0	0	0	0	0	
0	0	0	0	0	0	0	0	0	0	0	0	0	0	0	0	0	0	0	0	0	0	0	0	0	0	0	0	0	0	
0	0	0	0	0	0	0	0	0	0	0	0	0	0	0	0	0	0	0	0	0	0	0	0	0	0	0	0	0	0	
0	0	0	0	0	0	0	0	0	0	0	0	0	0	0	0	0	0	0	0	0	0	0	0	0	0	0	0	0	0	
0	0	0	0	0	0	0	0	0	0	0	0	0	0	0	0	0	0	0	0	0	0	0	0	0	0	0	0	0	0	
0	0	0	0	0	0	0	0	0	0	0	0	0	0	0	0	0	0	0	0	0	0	0	0	0	0	0	0	0	0	
0	0	0	0	0	0	0	0	0	0	0	0	0	0	0	0	0	0	0	0	0	0	0	0	0	0	0	0	0	0	
0	0	0	0	0	0	0	0	0	0	0	0	0	0	0	0	0	0	0	0	0	0	0	0	0	0	0	0	0	0	
0	0	0	0	0	0	0	0	0	0	0	0	0	0	0	0	0	0	0	0	0	0	0	0	0	0	0	0	0	0	

1
1
30		30
2
388	551
328	489
458	552
1
388	546
65
388	551
386	552
383	552
380	549
379	548
375	546
372	543
370	542
366	541
361	539
356	537
349	533
343	531
336	528
333	526
330	524
329	524
328	523
331	520
336	516
342	513
350	510
356	508
363	504
373	500
380	497
388	494
394	491
398	490
399	489
404	492
411	495
418	498
427	499
435	502
441	502
445	503
447	504
448	504
449	505
450	505
451	506
452	508
454	510
455	512
456	513
458	514
457	514
452	517
444	522
436	526
427	531
419	535
412	539
407	541
401	544
398	544
397	544
396	545
394	547
392	547
391	547
390	548
389	549
388	546

	418	517
346	500
418	534
1
377	523
80
418	517
418	519
415	523
410	525
404	528
397	532
391	533
386	534
383	534
382	534
380	534
379	534
376	532
376	529
377	527
379	524
385	521
391	518
397	516
402	515
408	513
412	512
415	512
417	512
414	514
409	517
403	520
397	522
388	525
379	526
371	529
368	529
367	529
367	525
370	520
374	513
380	507
383	504
388	500
390	500
391	500
392	501
392	506
391	511
390	513
388	517
386	517
383	519
380	519
377	519
376	519
373	519
370	518
369	519
368	520
367	520
365	520
364	519
361	519
358	519
355	520
352	522
350	522
347	522
346	521
349	521
351	521
352	521
354	521
357	521
361	522
363	523
365	525
366	526
367	526
370	526
372	526
373	526
376	525
377	523



7
3
30	30
0	0	0	0	0	0	0	0.047059	0.023529	0	0	0	0	0	0	0	0	0	0	0	0	0	0	0	0	0	0	0	0	0	
0	0	0	0	0	0	0	0.13725	0.22353	0	0	0	0	0	0	0	0	0	0	0	0	0	0	0	0	0	0	0	0	0	
0	0	0	0	0	0	0	0.13725	0.22745	0.058824	0	0	0	0	0	0	0	0	0	0	0	0	0	0	0	0	0	0	0	0	
0	0	0	0	0	0	0	0.13725	0.07451	0.21176	0	0	0	0	0	0	0	0	0	0	0	0	0	0	0	0	0	0	0	0	
0	0	0	0	0	0	0	0.13725	0.07451	0.015686	0.19216	0	0	0	0	0	0	0	0	0	0	0	0	0	0	0	0	0	0	0	
0	0	0	0	0	0	0	0.16863	0.039216	0	0.1098	0.098039	0	0	0	0	0	0	0	0	0	0	0	0	0	0	0	0	0	0	
0	0	0	0	0	0	0	0.21176	0	0	0	0.21176	0	0	0	0	0	0	0	0	0	0	0	0	0	0	0	0	0	0	
0	0	0	0	0	0	0.054902	0.15294	0	0	0	0.054902	0.15294	0	0	0	0	0	0	0	0	0	0	0	0	0	0	0	0	0	
0	0	0	0	0	0	0.21176	0	0.043137	0	0	0	0.17255	0.035294	0	0	0	0	0	0	0	0	0	0	0	0	0	0	0	0	
0	0	0	0	0	0.17647	0.031373	0.058824	0.21176	0.14902	0	0	0	0.20784	0	0	0	0	0	0	0	0	0	0	0	0	0	0	0	0	
0	0	0	0	0.12941	0.078431	0.054902	0.15294	0	0.21176	0	0	0	0.05098	0.15686	0	0	0	0	0	0	0	0	0	0	0	0	0	0	0	
0	0	0	0.12549	0.082353	0	0.38039	0.10196	0	0.21176	0	0	0	0	0.19216	0.015686	0	0	0	0	0	0	0	0	0	0	0	0	0	0	
0	0	0.12549	0.082353	0	0	0.41176	0.19608	0.023529	0.21176	0	0	0	0	0.023529	0.18431	0	0	0	0	0	0	0	0	0	0	0	0	0	0	
0	0.031373	0.17647	0	0	0	0.41176	0.019608	0.2	0.21176	0	0	0	0	0	0.027451	0.18039	0	0	0	0	0	0	0	0	0	0	0	0	0	
0.031373	0.17647	0	0	0	0	0.41176	0.011765	0.15294	0.31373	0	0	0	0	0	0	0.21176	0	0	0	0	0	0	0	0	0	0	0	0	0	
0.19608	0.011765	0	0	0	0	0.41176	0.011765	0.015686	0.31765	0	0	0	0	0	0.035294	0.17647	0	0	0	0	0	0	0	0	0	0	0	0	0	
0.13725	0.070588	0	0	0	0	0.26667	0.21176	0.21176	0.63529	0	0	0	0	0	0.10196	0.10588	0	0	0	0	0	0	0	0	0	0	0	0	0	
0	0.13725	0.21176	0.21176	0.05098	0	0.21176	0	0	0.42353	0	0	0	0	0	0.21176	0	0	0	0	0	0	0	0	0	0	0	0	0	0	
0	0	0	0	0.19608	0.011765	0.039216	0.20392	0.14118	0.39608	0	0	0	0	0	0.21176	0	0	0	0	0	0	0	0	0	0	0	0	0	0	
0	0	0	0	0.031373	0.17647	0	0.0078431	0.070588	0.043137	0.37255	0.16471	0	0	0.11373	0.098039	0	0	0	0	0	0	0	0	0	0	0	0	0	0	
0	0	0	0	0	0.14118	0.066667	0	0	0	0.32549	0.25882	0	0	0.21176	0	0	0	0	0	0	0	0	0	0	0	0	0	0	0	
0	0	0	0	0	0	0.20784	0	0	0	0.066667	0.53725	0	0.10588	0.10196	0	0	0	0	0	0	0	0	0	0	0	0	0	0	0	
0	0	0	0	0	0	0.011765	0.19608	0	0	0	0.22745	0	0.18431	0.023529	0	0	0	0	0	0	0	0	0	0	0	0	0	0	0	
0	0	0	0	0	0	0	0.21176	0	0	0.066667	0.14118	0	0.20784	0	0	0	0	0	0	0	0	0	0	0	0	0	0	0	0	
0	0	0	0	0	0	0	0.058824	0.15294	0	0.16078	0.047059	0.098039	0.1098	0	0	0	0	0	0	0	0	0	0	0	0	0	0	0	0	
0	0	0	0	0	0	0	0	0.21176	0	0.19608	0.011765	0.21176	0	0	0	0	0	0	0	0	0	0	0	0	0	0	0	0	0	
0	0	0	0	0	0	0	0	0.058824	0.14902	0.21176	0.086275	0.12157	0	0	0	0	0	0	0	0	0	0	0	0	0	0	0	0	0	
0	0	0	0	0	0	0	0	0	0.21176	0.21176	0.21176	0	0	0	0	0	0	0	0	0	0	0	0	0	0	0	0	0	0	
0	0	0	0	0	0	0	0	0	0.062745	0.48235	0.023529	0	0	0	0	0	0	0	0	0	0	0	0	0	0	0	0	0	0	
0	0	0	0	0	0	0	0	0	0	0.10588	0	0	0	0	0	0	0	0	0	0	0	0	0	0	0	0	0	0	0	

1
1
30		30
1
425	409
379	276
452	409
1
419	341
165
425	409
424	407
423	405
421	400
418	395
415	389
412	383
409	376
405	371
402	366
399	361
396	357
394	356
391	354
388	354
386	353
385	353
383	353
381	351
380	350
379	349
379	345
382	340
386	336
390	330
395	325
400	320
405	314
409	308
411	303
413	298
413	294
413	289
413	286
413	283
413	280
413	279
413	277
413	276
414	279
415	280
416	283
418	285
420	288
421	290
424	293
426	297
430	301
431	305
434	309
437	314
440	318
443	322
445	325
446	328
446	329
447	330
448	331
449	332
450	333
451	334
452	335
452	339
452	344
451	350
448	356
447	362
444	368
442	372
441	375
441	378
441	380
439	382
439	383
438	384
437	387
436	390
434	394
432	397
429	402
426	405
425	408
424	406
424	402
425	397
426	393
427	390
427	385
428	382
428	378
428	373
427	369
427	366
426	363
427	362
428	363
430	365
431	368
431	372
431	374
430	375
428	371
425	368
424	364
421	359
420	357
420	352
420	351
420	349
420	348
420	346
421	345
421	348
421	353
421	356
421	359
420	360
419	361
418	361
416	361
415	361
413	361
411	360
408	357
406	354
405	348
405	343
405	337
405	333
405	330
405	328
405	327
406	326
407	326
409	327
412	331
415	335
418	341
419	344
422	348
422	350
421	351
418	351
413	351
411	350
410	350
409	349
408	348
408	345
408	339
408	334
408	330
408	324
411	320
413	318
416	315
417	314
419	317
420	322
421	328
421	333
421	338
421	339
420	342
419	341



7
3
30	30
0	0	0	0	0	0	0	0	0	0	0.16863	0.16863	0.16863	0.16863	0.16863	0.16863	0.16863	0.16863	0.16863	0.16863	0.16863	0.16863	0.16863	0.16863	0.16863	0.16863	0.16863	0.13725	0	0	
0	0	0	0	0	0	0	0	0.015686	0.16863	0.027451	0	0	0	0	0	0.17647	0.047059	0	0	0	0	0	0	0	0	0	0.031373	0.16863	0.19216	
0	0	0	0	0	0	0	0.070588	0.15294	0	0	0.078431	0.047059	0	0	0.15686	0.019608	0.18039	0	0	0	0	0	0.015686	0	0	0	0	0.07451	0.10196	
0	0	0	0	0	0.015686	0.10588	0.094118	0	0	0.0078431	0.23922	0.10588	0	0.07451	0.10196	0	0.18039	0	0	0	0.0078431	0.16471	0.25882	0.031373	0	0.0039216	0.090196	0.13725	0	
0	0	0	0	0.023529	0.40392	0.25882	0	0	0	0.17255	0.078431	0.10588	0.019608	0.15686	0	0	0.18039	0	0	0.0078431	0.16471	0.0039216	0.14118	0.035294	0	0.14902	0.31373	0	0	
0	0	0	0	0.22745	0.29412	0.17647	0	0	0.086275	0.090196	0.070588	0.10588	0.18039	0	0	0	0.18039	0	0	0.16078	0.015686	0	0.14118	0.035294	0.027451	0.25882	0.070588	0	0	
0	0	0	0.070588	0.22353	0.29804	0.039216	0.13725	0	0.18039	0	0.070588	0.16471	0.12157	0	0	0	0.18039	0	0.1098	0.066667	0	0	0.14118	0.035294	0.26667	0.090196	0	0	0	
0	0	0.043137	0.31373	0.078431	0.27843	0	0.18039	0.07451	0.10196	0	0.070588	0.28627	0	0	0	0	0.18039	0.0039216	0.17255	0	0	0	0	0.18824	0.16863	0	0	0	0	
0	0	0.18039	0.18039	0.17647	0.18039	0	0.11765	0.23922	0	0	0.070588	0.28627	0	0	0	0	0.18039	0.17647	0	0	0	0	0	0.43922	0.043137	0	0	0	0	
0	0	0.12941	0.18039	0.18039	0.18039	0	0.031373	0.25882	0	0	0.062745	0.16471	0	0	0	0	0.18039	0.18039	0	0	0	0	0	0.18824	0	0	0	0	0	
0	0	0	0.23137	0.12549	0.10196	0	0	0	0	0	0	0	0	0	0	0	0.047059	0.12941	0	0.027451	0.070588	0.094118	0.16863	0.047059	0	0	0	0	0	
0.07451	0.16863	0.16863	0.46667	0.16863	0.16863	0.16863	0.16863	0.16863	0.16863	0.16863	0.16863	0.16863	0.16863	0.16863	0.16863	0.16863	0.16863	0.16863	0.16863	0.14118	0.094118	0.07451	0	0	0	0	0	0	0	
0	0	0	0.36078	0	0	0	0	0	0	0	0	0	0	0	0	0	0	0	0	0	0	0	0	0	0	0	0	0	0	
0	0	0	0.1451	0	0	0	0	0	0	0	0	0	0	0	0	0	0	0	0	0	0	0	0	0	0	0	0	0	0	
0	0	0	0	0	0	0	0	0	0	0	0	0	0	0	0	0	0	0	0	0	0	0	0	0	0	0	0	0	0	
0	0	0	0	0	0	0	0	0	0	0	0	0	0	0	0	0	0	0	0	0	0	0	0	0	0	0	0	0	0	
0	0	0	0	0	0	0	0	0	0	0	0	0	0	0	0	0	0	0	0	0	0	0	0	0	0	0	0	0	0	
0	0	0	0	0	0	0	0	0	0	0	0	0	0	0	0	0	0	0	0	0	0	0	0	0	0	0	0	0	0	
0	0	0	0	0	0	0	0	0	0	0	0	0	0	0	0	0	0	0	0	0	0	0	0	0	0	0	0	0	0	
0	0	0	0	0	0	0	0	0	0	0	0	0	0	0	0	0	0	0	0	0	0	0	0	0	0	0	0	0	0	
0	0	0	0	0	0	0	0	0	0	0	0	0	0	0	0	0	0	0	0	0	0	0	0	0	0	0	0	0	0	
0	0	0	0	0	0	0	0	0	0	0	0	0	0	0	0	0	0	0	0	0	0	0	0	0	0	0	0	0	0	
0	0	0	0	0	0	0	0	0	0	0	0	0	0	0	0	0	0	0	0	0	0	0	0	0	0	0	0	0	0	
0	0	0	0	0	0	0	0	0	0	0	0	0	0	0	0	0	0	0	0	0	0	0	0	0	0	0	0	0	0	
0	0	0	0	0	0	0	0	0	0	0	0	0	0	0	0	0	0	0	0	0	0	0	0	0	0	0	0	0	0	
0	0	0	0	0	0	0	0	0	0	0	0	0	0	0	0	0	0	0	0	0	0	0	0	0	0	0	0	0	0	
0	0	0	0	0	0	0	0	0	0	0	0	0	0	0	0	0	0	0	0	0	0	0	0	0	0	0	0	0	0	
0	0	0	0	0	0	0	0	0	0	0	0	0	0	0	0	0	0	0	0	0	0	0	0	0	0	0	0	0	0	
0	0	0	0	0	0	0	0	0	0	0	0	0	0	0	0	0	0	0	0	0	0	0	0	0	0	0	0	0	0	
0	0	0	0	0	0	0	0	0	0	0	0	0	0	0	0	0	0	0	0	0	0	0	0	0	0	0	0	0	0	

1
1
30		30
2
548	278
538	225
697	289
1
538	288
88
548	278
548	276
548	273
550	269
553	265
556	261
559	258
562	255
565	252
568	249
569	246
570	245
572	243
573	242
577	239
579	238
580	237
583	234
584	233
585	232
586	231
587	230
589	229
590	228
592	227
592	226
594	225
599	225
606	225
614	225
621	225
632	225
642	225
653	225
662	225
669	225
674	225
677	225
678	225
682	226
686	226
689	228
692	228
695	228
696	228
697	230
697	233
695	237
691	241
689	246
685	252
681	257
677	262
674	267
672	269
671	272
669	274
669	275
669	276
669	278
668	280
668	281
664	285
660	286
652	286
644	288
634	288
624	288
612	288
598	289
588	289
579	289
571	289
567	289
564	289
561	289
560	289
559	289
558	289
556	289
555	289
552	289
549	289
546	289
544	289
541	289
540	289
538	288

	564	281
552	230
685	300
1
685	248
110
564	281
563	282
563	280
563	276
563	273
563	268
564	265
564	261
565	258
565	253
567	250
567	247
568	245
567	248
566	252
564	260
562	268
560	275
558	282
555	290
554	295
554	299
553	300
552	294
553	286
555	278
555	271
556	264
559	258
561	253
563	249
565	247
567	245
571	250
573	257
576	263
577	267
579	272
579	273
579	276
580	279
582	274
583	270
586	263
589	256
592	251
595	246
598	241
600	239
600	238
601	237
601	239
601	247
601	255
601	263
601	270
601	275
601	276
601	279
602	276
603	270
606	263
609	256
613	249
618	242
621	236
624	233
627	231
628	230
630	233
630	240
631	247
631	256
633	264
633	272
633	277
634	281
634	282
635	283
636	282
637	278
639	273
640	268
644	261
648	256
651	251
656	245
662	242
665	240
666	239
667	240
667	246
667	252
667	260
669	266
669	270
670	273
671	274
672	273
673	270
676	263
677	258
679	255
681	250
683	248
684	246
685	244
685	245
685	246
685	248



7
3
30	30
0	0	0	0	0	0	0	0	0	0	0	0.086275	0	0	0	0	0	0	0	0	0	0	0	0	0	0	0	0	0	0	
0	0	0	0	0	0	0	0	0	0	0.066667	0.18824	0	0	0	0	0	0	0	0	0	0	0	0	0	0	0	0	0	0	
0	0	0	0	0	0	0	0	0	0	0.12941	0.12941	0	0	0	0	0	0	0	0	0	0	0	0	0	0	0	0	0	0	
0	0	0	0	0	0	0	0	0	0	0.12941	0.12941	0	0	0	0	0	0	0	0	0	0	0	0	0	0	0	0	0	0	
0	0	0	0	0	0	0	0	0	0.098039	0.027451	0.058824	0.070588	0	0	0	0	0	0	0	0	0	0	0	0	0	0	0	0	0	
0	0	0	0	0	0	0	0	0.011765	0.11373	0	0	0.11765	0.0078431	0	0	0	0	0	0	0	0	0	0	0	0	0	0	0	0	
0	0	0	0	0	0	0	0	0.12941	0	0	0	0	0.12549	0	0	0	0	0	0	0	0	0	0	0	0	0	0	0	0	
0	0	0	0	0	0	0	0.07451	0.054902	0	0	0	0	0.011765	0.11373	0	0	0	0	0	0	0	0	0	0	0	0	0	0	0	
0	0	0	0	0	0	0.054902	0.070588	0	0	0	0	0	0	0.015686	0.12549	0.0039216	0	0	0	0	0	0	0	0	0	0	0	0	0	
0	0	0	0	0	0.0039216	0.12157	0	0	0	0	0	0	0.043137	0.035294	0	0.12157	0.0078431	0	0	0	0	0	0	0	0	0	0	0	0	
0	0	0	0	0.0039216	0.12157	0	0	0.066667	0.12941	0.054902	0.098039	0.12549	0.086275	0.090196	0.11765	0	0.11765	0.031373	0	0	0	0	0	0	0	0	0	0	0	
0	0	0	0.0039216	0.12157	0	0	0	0.12941	0	0.090196	0.17255	0	0	0	0.066667	0.058824	0	0.12549	0	0	0	0	0	0	0	0	0	0	0	
0.094118	0	0.011765	0.12157	0	0	0	0	0.12941	0	0	0.23529	0	0	0	0	0.12941	0	0.0039216	0.12549	0	0	0	0	0	0	0	0	0	0	
0.12941	0.16471	0.11765	0	0	0	0	0	0.12941	0	0	0.17647	0.082353	0	0	0	0.12941	0	0	0.10588	0.019608	0	0	0	0	0	0	0	0	0	
0	0.12941	0	0	0	0	0	0	0.12941	0.12157	0.11373	0.12941	0.12941	0	0	0	0.12941	0	0	0	0.12941	0	0	0	0	0	0	0	0	0	
0	0.086275	0.039216	0	0	0	0	0	0.12941	0.027451	0.22745	0.12941	0.12941	0	0	0	0.12941	0	0	0	0.12941	0	0	0	0	0	0	0	0	0	
0	0	0.12941	0	0	0	0	0	0.12941	0.098039	0.17647	0.18039	0.094118	0.062745	0	0.10196	0.023529	0	0	0	0.12941	0	0	0	0	0	0	0	0	0	
0	0	0.019608	0.10588	0	0	0	0	0.12941	0.12941	0.12941	0.12941	0.12941	0.12941	0.039216	0.086275	0	0	0	0.11373	0.011765	0	0	0	0	0	0	0	0	0	
0	0	0	0.082353	0.043137	0	0	0	0.094118	0.11765	0.070588	0.28235	0.21961	0.19608	0.086275	0	0	0	0.094118	0.031373	0	0	0	0	0	0	0	0	0	0	
0	0	0	0	0.1098	0.015686	0	0	0	0.15686	0.20392	0.13725	0	0	0	0	0	0.043137	0.082353	0	0	0	0	0	0	0	0	0	0	0	
0	0	0	0	0	0.12157	0.0039216	0	0	0.019608	0.13725	0.035294	0	0	0	0	0.0039216	0.12157	0	0	0	0	0	0	0	0	0	0	0	0	
0	0	0	0	0	0	0.12157	0.0039216	0	0	0	0.12941	0	0	0	0	0.12157	0.0078431	0	0	0	0	0	0	0	0	0	0	0	0	
0	0	0	0	0	0	0	0.12549	0.019608	0	0	0.12941	0	0	0	0.10588	0.023529	0	0	0	0	0	0	0	0	0	0	0	0	0	
0	0	0	0	0	0	0	0	0.1098	0.035294	0	0.12941	0	0	0.086275	0.039216	0	0	0	0	0	0	0	0	0	0	0	0	0	0	
0	0	0	0	0	0	0	0	0	0.090196	0.035294	0.12941	0	0.035294	0.090196	0	0	0	0	0	0	0	0	0	0	0	0	0	0	0	
0	0	0	0	0	0	0	0	0	0	0.1098	0.1451	0	0.12941	0	0	0	0	0	0	0	0	0	0	0	0	0	0	0	0	
0	0	0	0	0	0	0	0	0	0	0	0.22353	0.11373	0.011765	0	0	0	0	0	0	0	0	0	0	0	0	0	0	0	0	
0	0	0	0	0	0	0	0	0	0	0	0.27451	0.082353	0	0	0	0	0	0	0	0	0	0	0	0	0	0	0	0	0	
0	0	0	0	0	0	0	0	0	0	0.011765	0.24706	0	0	0	0	0	0	0	0	0	0	0	0	0	0	0	0	0	0	
0	0	0	0	0	0	0	0	0	0	0.023529	0.11373	0	0	0	0	0	0	0	0	0	0	0	0	0	0	0	0	0	0	

1
1
30		30
1
428	549
341	341
495	563
1
406	461
163
428	549
428	547
427	544
424	539
420	532
414	526
407	519
397	511
388	502
379	493
370	482
362	471
355	460
349	451
346	443
343	439
341	435
341	433
342	436
343	437
346	439
347	439
349	439
352	439
355	439
360	437
368	429
375	422
384	413
392	402
402	391
410	377
417	366
420	356
422	350
423	344
423	343
423	341
423	343
423	351
425	360
428	369
434	378
441	388
450	397
460	406
467	413
475	419
482	427
485	432
489	439
492	445
494	450
495	454
495	456
495	457
495	460
495	462
494	464
493	466
489	470
485	475
480	482
473	491
466	501
456	512
446	525
438	536
431	546
427	554
424	559
423	562
422	563
422	562
422	559
423	556
424	555
425	554
425	553
426	550
426	547
426	542
426	536
426	529
426	521
426	511
424	500
418	488
413	477
409	466
404	455
401	446
401	437
401	431
401	425
402	422
406	420
410	420
415	420
421	424
427	434
432	444
435	455
438	465
438	472
438	477
438	478
437	479
435	478
433	473
430	466
428	459
425	451
424	442
424	434
424	427
424	422
428	417
436	415
445	414
451	414
458	420
462	429
464	438
464	448
462	458
457	468
451	474
446	479
440	481
435	482
432	482
429	482
428	482
424	481
422	476
421	472
418	467
415	460
415	455
413	451
413	448
413	446
414	445
417	448
420	454
422	462
425	471
425	477
425	483
424	487
423	490
420	490
416	490
413	490
411	490
409	488
407	485
407	481
406	475
406	469
406	463
406	461



7
3
30	30
0	0	0	0	0	0	0	0	0	0	0	0	0	0	0	0.039216	0.10588	0.11765	0	0	0	0	0	0	0	0	0	0	0	0	
0	0	0	0	0	0	0	0	0	0	0	0	0.062745	0.10588	0.10588	0.062745	0	0.058824	0.047059	0	0	0	0	0	0	0	0	0	0	0	
0	0	0	0	0	0	0	0	0	0.098039	0.10588	0.1098	0.11765	0.10588	0.10588	0.10588	0.10588	0.047059	0.058824	0.078431	0	0	0	0	0	0	0	0	0	0	
0	0	0	0	0.015686	0.10196	0.10588	0.15294	0.21176	0.11765	0.10588	0.10196	0.027451	0	0	0	0	0.058824	0.098039	0.023529	0.10588	0.10196	0	0	0	0	0	0	0	0	
0.1098	0.10588	0.10588	0.10588	0.086275	0	0	0.1098	0	0	0	0	0	0	0	0	0	0	0.0078431	0.11373	0	0	0.10588	0.10588	0.023529	0	0	0	0	0	
0.019608	0.10588	0	0	0	0	0	0.11765	0	0	0	0	0	0	0	0	0	0	0	0.10588	0	0	0	0	0.078431	0.10588	0.10588	0.019608	0	0	
0	0	0.10196	0.047059	0	0	0	0.019608	0.10588	0.10588	0.05098	0	0.094118	0.10588	0.10588	0.10588	0.10588	0.10588	0.16471	0.16471	0.11765	0	0	0	0	0	0	0.082353	0.10588	0.07451	
0	0	0	0.054902	0.10588	0.047059	0	0	0	0	0.05098	0.20784	0.14902	0.1451	0.16471	0.16863	0.21569	0.21569	0.15686	0.10588	0.078431	0	0	0	0	0.066667	0.10588	0.10588	0.10588	0.054902	
0	0	0	0	0	0.058824	0.10588	0.035294	0	0	0	0.078431	0.078431	0	0	0	0	0	0	0	0	0.011765	0.10588	0.10588	0.10588	0.035294	0	0	0	0	
0	0	0	0	0	0	0	0.066667	0.10588	0.039216	0	0	0	0	0	0	0	0	0	0.086275	0.10588	0.090196	0	0	0	0	0	0	0	0	
0	0	0	0	0	0	0	0	0	0.066667	0.10588	0.062745	0	0	0	0	0	0.098039	0.10588	0.019608	0	0	0	0	0	0	0	0	0	0	
0	0	0	0	0	0	0	0	0	0	0	0.039216	0.0039216	0	0	0.078431	0.10588	0.0078431	0	0	0	0	0	0	0	0	0	0	0	0	
0	0	0	0	0	0	0	0	0	0	0	0	0.0078431	0.10588	0.10588	0.023529	0	0	0	0	0	0	0	0	0	0	0	0	0	0	
0	0	0	0	0	0	0	0	0	0	0	0	0	0	0	0	0	0	0	0	0	0	0	0	0	0	0	0	0	0	
0	0	0	0	0	0	0	0	0	0	0	0	0	0	0	0	0	0	0	0	0	0	0	0	0	0	0	0	0	0	
0	0	0	0	0	0	0	0	0	0	0	0	0	0	0	0	0	0	0	0	0	0	0	0	0	0	0	0	0	0	
0	0	0	0	0	0	0	0	0	0	0	0	0	0	0	0	0	0	0	0	0	0	0	0	0	0	0	0	0	0	
0	0	0	0	0	0	0	0	0	0	0	0	0	0	0	0	0	0	0	0	0	0	0	0	0	0	0	0	0	0	
0	0	0	0	0	0	0	0	0	0	0	0	0	0	0	0	0	0	0	0	0	0	0	0	0	0	0	0	0	0	
0	0	0	0	0	0	0	0	0	0	0	0	0	0	0	0	0	0	0	0	0	0	0	0	0	0	0	0	0	0	
0	0	0	0	0	0	0	0	0	0	0	0	0	0	0	0	0	0	0	0	0	0	0	0	0	0	0	0	0	0	
0	0	0	0	0	0	0	0	0	0	0	0	0	0	0	0	0	0	0	0	0	0	0	0	0	0	0	0	0	0	
0	0	0	0	0	0	0	0	0	0	0	0	0	0	0	0	0	0	0	0	0	0	0	0	0	0	0	0	0	0	
0	0	0	0	0	0	0	0	0	0	0	0	0	0	0	0	0	0	0	0	0	0	0	0	0	0	0	0	0	0	
0	0	0	0	0	0	0	0	0	0	0	0	0	0	0	0	0	0	0	0	0	0	0	0	0	0	0	0	0	0	
0	0	0	0	0	0	0	0	0	0	0	0	0	0	0	0	0	0	0	0	0	0	0	0	0	0	0	0	0	0	
0	0	0	0	0	0	0	0	0	0	0	0	0	0	0	0	0	0	0	0	0	0	0	0	0	0	0	0	0	0	
0	0	0	0	0	0	0	0	0	0	0	0	0	0	0	0	0	0	0	0	0	0	0	0	0	0	0	0	0	0	
0	0	0	0	0	0	0	0	0	0	0	0	0	0	0	0	0	0	0	0	0	0	0	0	0	0	0	0	0	0	
0	0	0	0	0	0	0	0	0	0	0	0	0	0	0	0	0	0	0	0	0	0	0	0	0	0	0	0	0	0	

1
1
30		30
2
507	417
401	317
668	430
1
516	430
60
507	417
505	416
493	410
480	405
467	398
452	390
439	384
427	377
417	370
410	365
406	361
403	358
401	356
402	355
404	355
410	355
420	355
436	352
457	348
479	342
500	335
521	330
538	324
550	319
554	318
556	318
557	317
557	319
557	322
563	329
569	335
577	341
589	347
601	352
614	358
629	364
642	368
652	371
659	374
665	377
667	377
668	378
666	379
659	379
648	382
636	386
624	389
609	394
593	398
578	404
564	410
554	415
543	421
536	425
529	428
524	428
520	430
519	430
518	430
516	430

	519	385
464	340
587	388
1
527	380
61
519	385
518	386
513	388
509	388
506	388
503	388
501	388
500	387
501	384
507	379
514	376
523	375
536	372
551	372
566	372
579	372
585	374
586	374
587	375
586	379
580	381
572	383
563	383
554	385
545	385
535	385
522	385
509	384
495	379
482	375
472	371
467	368
466	364
464	359
464	355
466	351
474	347
488	344
506	342
525	340
542	340
554	340
562	344
569	350
575	354
575	359
575	364
575	369
572	374
569	377
563	380
555	382
546	383
538	385
533	385
530	385
528	385
527	385
526	384
526	383
527	380



7
3
30	30
0	0	0	0	0	0	0	0	0	0	0	0	0.12157	0.14118	0.14118	0.10588	0	0	0	0	0	0	0	0	0	0	0	0	0	0	
0	0	0	0	0	0	0	0	0	0	0.1098	0.28235	0.15686	0.14118	0.14118	0.17647	0.28235	0.07451	0	0	0	0	0	0	0	0	0	0	0	0	
0	0	0	0	0	0	0	0	0.070588	0.27059	0.17255	0	0	0	0	0	0.047059	0.36471	0.42353	0.28235	0.38431	0.31373	0.28235	0.28235	0.28235	0.086275	0	0	0	0	
0	0	0	0	0	0	0.094118	0.28235	0.21176	0.011765	0	0	0	0.10196	0.28235	0.28235	0.23529	0.12549	0	0	0.098039	0.2549	0.28235	0.094118	0	0.28235	0.015686	0	0	0	
0	0	0	0.05098	0.25098	0.28235	0.18824	0	0	0.043137	0.15294	0.28235	0.28235	0.18039	0	0	0	0	0	0	0	0	0	0.18824	0.28235	0.27451	0.23922	0	0	0	
0	0.22353	0.28235	0.23137	0.031373	0	0.0078431	0.28235	0.28235	0.23922	0.12941	0	0	0	0.30196	0.28235	0.27451	0	0	0	0	0	0	0	0	0.07451	0.4902	0.28235	0.05098	0	
0.023529	0.058824	0	0	0.27843	0.30588	0.27451	0	0	0	0.011765	0.22745	0.015686	0	0.12941	0.17255	0.0078431	0.28235	0.28235	0.28235	0.22745	0.070588	0	0	0	0	0.34902	0.2	0.45882	0.023529	
0	0	0	0	0.062745	0.26275	0.28235	0.28235	0.28235	0.28235	0.27059	0.14118	0.015686	0	0	0.28235	0.015686	0	0	0	0.054902	0.21176	0.28235	0.28235	0.19608	0.28235	0.37647	0.15686	0	0	
0	0	0	0	0	0	0.0078431	0.26667	0.023529	0	0	0	0	0	0	0	0.086275	0	0	0	0	0	0.035294	0.23529	0.28235	0.28235	0.44706	0	0	0	
0	0	0	0	0	0	0	0.015686	0.25882	0.19608	0	0	0	0	0	0	0	0	0	0	0.023529	0.28235	0.24314	0.047059	0	0	0	0	0	0	
0	0	0	0	0	0	0	0	0	0.086275	0.22745	0.070588	0	0	0	0	0	0	0.027451	0.27059	0.25882	0	0	0	0	0	0	0	0	0	
0	0	0	0	0	0	0	0	0	0	0.054902	0.21176	0.28235	0.28235	0.066667	0	0	0.031373	0.2549	0.011765	0	0	0	0	0	0	0	0	0	0	
0	0	0	0	0	0	0	0	0	0	0	0	0	0	0.21569	0.20392	0.1451	0.25098	0	0	0	0	0	0	0	0	0	0	0	0	
0	0	0	0	0	0	0	0	0	0	0	0	0	0	0	0.07451	0.13725	0	0	0	0	0	0	0	0	0	0	0	0	0	
0	0	0	0	0	0	0	0	0	0	0	0	0	0	0	0	0	0	0	0	0	0	0	0	0	0	0	0	0	0	
0	0	0	0	0	0	0	0	0	0	0	0	0	0	0	0	0	0	0	0	0	0	0	0	0	0	0	0	0	0	
0	0	0	0	0	0	0	0	0	0	0	0	0	0	0	0	0	0	0	0	0	0	0	0	0	0	0	0	0	0	
0	0	0	0	0	0	0	0	0	0	0	0	0	0	0	0	0	0	0	0	0	0	0	0	0	0	0	0	0	0	
0	0	0	0	0	0	0	0	0	0	0	0	0	0	0	0	0	0	0	0	0	0	0	0	0	0	0	0	0	0	
0	0	0	0	0	0	0	0	0	0	0	0	0	0	0	0	0	0	0	0	0	0	0	0	0	0	0	0	0	0	
0	0	0	0	0	0	0	0	0	0	0	0	0	0	0	0	0	0	0	0	0	0	0	0	0	0	0	0	0	0	
0	0	0	0	0	0	0	0	0	0	0	0	0	0	0	0	0	0	0	0	0	0	0	0	0	0	0	0	0	0	
0	0	0	0	0	0	0	0	0	0	0	0	0	0	0	0	0	0	0	0	0	0	0	0	0	0	0	0	0	0	
0	0	0	0	0	0	0	0	0	0	0	0	0	0	0	0	0	0	0	0	0	0	0	0	0	0	0	0	0	0	
0	0	0	0	0	0	0	0	0	0	0	0	0	0	0	0	0	0	0	0	0	0	0	0	0	0	0	0	0	0	
0	0	0	0	0	0	0	0	0	0	0	0	0	0	0	0	0	0	0	0	0	0	0	0	0	0	0	0	0	0	
0	0	0	0	0	0	0	0	0	0	0	0	0	0	0	0	0	0	0	0	0	0	0	0	0	0	0	0	0	0	
0	0	0	0	0	0	0	0	0	0	0	0	0	0	0	0	0	0	0	0	0	0	0	0	0	0	0	0	0	0	
0	0	0	0	0	0	0	0	0	0	0	0	0	0	0	0	0	0	0	0	0	0	0	0	0	0	0	0	0	0	
0	0	0	0	0	0	0	0	0	0	0	0	0	0	0	0	0	0	0	0	0	0	0	0	0	0	0	0	0	0	

1
1
30		30
2
424	210
424	192
516	234
1
444	219
65
424	210
428	209
434	206
440	204
447	201
452	198
457	195
460	193
461	192
462	192
464	192
467	192
471	192
476	195
482	198
488	199
494	201
500	204
505	206
509	208
514	210
515	210
516	211
513	211
511	213
510	213
508	213
507	214
504	215
502	216
501	217
499	219
497	220
496	220
494	222
491	223
490	223
488	225
487	225
486	225
485	226
484	226
482	228
481	229
479	231
477	233
476	234
475	234
474	234
472	234
470	232
468	231
465	230
462	230
459	228
457	227
456	227
455	226
454	225
453	224
451	222
448	221
446	219
445	219
444	219

	459	212
435	198
510	219
1
474	217
46
459	212
460	213
456	214
451	214
447	214
444	214
439	214
438	214
436	213
435	212
437	212
446	209
456	206
465	203
475	200
483	198
491	198
497	198
500	198
503	198
505	200
507	204
508	207
508	210
509	214
510	216
509	219
508	219
505	218
503	218
498	215
492	214
486	212
481	210
477	210
472	209
470	207
469	207
468	208
468	209
469	210
471	212
472	213
472	215
473	216
474	217



7
3
30	30
0	0	0	0	0	0	0	0	0.070588	0	0	0	0	0	0	0	0	0	0	0	0	0	0	0	0	0	0	0	0	0	
0	0	0	0	0	0	0	0	0.35686	0.10588	0	0	0	0	0	0	0	0	0	0	0	0	0	0	0	0	0	0	0	0	
0	0	0	0	0	0	0	0	0.23137	0.23137	0	0	0	0	0	0	0	0	0	0	0	0	0	0	0	0	0	0	0	0	
0	0	0	0	0	0	0	0	0.23137	0.11373	0.11765	0	0	0	0	0	0	0	0	0	0	0	0	0	0	0	0	0	0	0	
0	0	0	0	0	0	0	0	0.23137	0	0.23137	0	0	0	0	0	0	0	0	0	0	0	0	0	0	0	0	0	0	0	
0	0	0	0	0	0	0	0	0.23137	0	0.07451	0.21569	0.21961	0.23922	0.23922	0.20784	0	0	0	0	0	0	0	0	0	0	0	0	0	0	
0	0	0	0	0	0	0	0.082353	0.14902	0	0.16471	0.32157	0.054902	0	0	0.031373	0.23922	0.015686	0	0	0	0	0	0	0	0	0	0	0	0	
0	0	0	0	0	0	0	0.23137	0	0.15686	0.07451	0	0.22745	0	0	0	0	0.23137	0	0	0	0	0	0	0	0	0	0	0	0	
0	0	0	0	0	0	0	0.23137	0.090196	0.13725	0	0	0.027451	0.20392	0	0	0	0.21961	0.0078431	0	0	0	0	0	0	0	0	0	0	0	
0	0	0	0	0	0	0.015686	0.21569	0.23137	0	0	0	0	0.090196	0.14118	0	0	0.039216	0.19216	0	0	0	0	0	0	0	0	0	0	0	
0	0	0	0	0	0	0.22353	0.0078431	0.23137	0	0	0	0	0	0.10196	0.12549	0	0	0.23137	0	0	0	0	0	0	0	0	0	0	0	
0	0	0	0	0	0	0.23137	0	0.23137	0	0	0	0	0	0	0.16078	0.066667	0	0.23137	0	0	0	0	0	0	0	0	0	0	0	
0	0	0	0	0	0.058824	0.16863	0	0.23137	0	0	0	0	0	0	0	0.21569	0.011765	0.23137	0	0	0	0	0	0	0	0	0	0	0	
0	0	0	0	0	0.22745	0.0039216	0	0.23137	0	0	0	0	0	0	0	0.0078431	0.21961	0.23529	0	0	0	0	0	0	0	0	0	0	0	
0	0	0	0	0.019608	0.21176	0	0	0.23137	0	0	0	0	0	0	0	0	0.0039216	0.40392	0	0	0	0	0	0	0	0	0	0	0	
0	0	0	0	0.19608	0.035294	0	0	0.23137	0	0	0	0	0	0	0	0	0	0.25098	0.21176	0	0	0	0	0	0	0	0	0	0	
0	0	0	0.13333	0.098039	0	0	0	0.22353	0.0078431	0	0	0	0	0	0	0	0	0.23137	0.07451	0.15686	0	0	0	0	0	0	0	0	0	
0	0	0.015686	0.21176	0	0	0	0	0.10588	0.12549	0	0	0	0	0	0	0	0	0.23137	0	0.082353	0.14902	0	0	0	0	0	0	0	0	
0.035294	0.12549	0.2549	0.015686	0	0	0	0	0.10588	0.33725	0.23922	0.23922	0.23922	0	0	0	0	0.19216	0.035294	0	0	0.23137	0	0	0	0	0	0	0	0	
0.047059	0.30196	0.011765	0	0	0	0	0	0.21961	0.21961	0	0	0.23137	0	0	0.18039	0.20784	0.043137	0	0	0.078431	0.15294	0	0	0	0	0	0	0	0	
0	0.047059	0.18039	0	0	0	0	0	0.23137	0.20392	0.027451	0	0.23137	0	0	0.0039216	0.027451	0	0	0	0.23137	0	0	0	0	0	0	0	0	0	
0	0	0.054902	0.23137	0	0	0	0	0.23137	0.0078431	0.22353	0	0.23137	0	0	0	0	0	0	0.18824	0.039216	0	0	0	0	0	0	0	0	0	
0	0	0	0.0078431	0.21961	0	0	0	0.14118	0.027451	0.058824	0.23922	0.21176	0	0	0	0	0	0.011765	0.21961	0	0	0	0	0	0	0	0	0	0	
0	0	0	0	0.015686	0.23922	0.086275	0	0	0	0	0	0	0	0	0	0	0	0.23137	0	0	0	0	0	0	0	0	0	0	0	
0	0	0	0	0	0	0.15294	0.19608	0.011765	0	0	0	0	0	0	0	0	0.066667	0.16078	0	0	0	0	0	0	0	0	0	0	0	
0	0	0	0	0	0	0	0.043137	0.22353	0.082353	0	0	0	0	0	0	0.058824	0.16863	0	0	0	0	0	0	0	0	0	0	0	0	
0	0	0	0	0	0	0	0	0	0.15686	0.21569	0	0	0	0	0	0.23137	0	0	0	0	0	0	0	0	0	0	0	0	0	
0	0	0	0	0	0	0	0	0	0	0.019608	0.23922	0.12157	0	0	0.13725	0.094118	0	0	0	0	0	0	0	0	0	0	0	0	0	
0	0	0	0	0	0	0	0	0	0	0	0	0.11765	0.23922	0.066667	0.23137	0	0	0	0	0	0	0	0	0	0	0	0	0	0	
0	0	0	0	0	0	0	0	0	0	0	0	0	0	0.058824	0.058824	0	0	0	0	0	0	0	0	0	0	0	0	0	0	

1
1
30		30
2
448	792
391	678
478	795
1
451	795
67
448	792
447	793
442	791
437	788
432	785
424	780
418	776
410	771
406	767
400	762
396	758
394	756
393	755
391	753
392	753
393	753
395	753
396	753
400	750
403	745
408	739
411	733
414	726
416	719
420	712
421	705
424	697
424	691
424	687
424	682
424	679
424	678
426	680
428	685
432	692
436	699
442	707
450	716
456	723
462	730
468	736
472	741
474	743
475	744
477	746
478	747
478	749
478	750
478	752
478	753
478	755
477	756
476	759
475	760
473	762
472	766
470	768
467	772
465	776
462	779
458	784
456	788
455	791
453	793
453	794
452	795
451	795

	426	768
425	698
468	768
1
453	754
56
426	768
425	766
425	765
425	763
425	760
425	759
425	756
426	753
427	752
429	750
432	750
435	750
437	750
438	750
440	750
442	752
442	753
442	756
442	759
442	762
442	763
442	765
440	768
439	768
438	768
434	766
431	762
428	756
426	751
426	745
425	737
425	729
425	720
425	712
430	705
435	701
440	699
444	698
449	698
453	698
459	702
462	705
465	713
466	720
468	726
468	733
468	740
468	744
466	748
464	750
461	753
460	754
458	756
457	757
456	757
453	754



7
3
20	20
0	0	0	0	0.039216	0.058824	0	0	0	0	0	0	0	0	0	0	0	0	0	0	
0	0	0	0	0.066667	0.066667	0	0	0	0	0	0	0	0	0	0	0	0	0	0	
0	0	0	0	0.066667	0.066667	0	0	0	0	0	0	0	0	0	0	0	0	0	0	
0	0	0	0.027451	0.035294	0.066667	0	0	0	0	0	0	0	0	0	0	0	0	0	0	
0	0	0	0.066667	0	0.015686	0.05098	0	0	0	0	0	0	0	0	0	0	0	0	0	
0	0	0.015686	0.05098	0	0	0.082353	0	0	0	0	0	0	0	0	0	0	0	0	0	
0	0	0.066667	0	0	0.066667	0.1098	0.039216	0	0	0	0	0	0	0	0	0	0	0	0	
0	0	0.066667	0	0.062745	0	0.066667	0.066667	0	0	0	0	0	0	0	0	0	0	0	0	
0	0.043137	0.023529	0	0.066667	0	0.058824	0.0039216	0.062745	0	0	0	0	0	0	0	0	0	0	0	
0	0.066667	0	0	0.066667	0	0	0	0.043137	0.023529	0	0	0	0	0	0	0	0	0	0	
0.011765	0.13725	0.070588	0	0.1098	0.070588	0.05098	0	0	0.066667	0	0	0	0	0	0	0	0	0	0	
0.066667	0.066667	0	0.066667	0.19216	0.031373	0.066667	0	0	0.066667	0	0	0	0	0	0	0	0	0	0	
0.066667	0.066667	0	0	0.11765	0.10588	0.098039	0.015686	0.011765	0.054902	0	0	0	0	0	0	0	0	0	0	
0.066667	0.043137	0.023529	0	0.066667	0	0	0.05098	0.094118	0	0	0	0	0	0	0	0	0	0	0	
0	0.062745	0.066667	0	0.0039216	0.070588	0.070588	0.094118	0.12157	0	0	0	0	0	0	0	0	0	0	0	
0	0.015686	0.062745	0.05098	0	0	0	0.066667	0	0	0	0	0	0	0	0	0	0	0	0	
0	0	0.031373	0.082353	0.015686	0	0.035294	0.027451	0	0	0	0	0	0	0	0	0	0	0	0	
0	0	0	0.047059	0.086275	0	0.066667	0	0	0	0	0	0	0	0	0	0	0	0	0	
0	0	0	0	0.11765	0.070588	0.011765	0	0	0	0	0	0	0	0	0	0	0	0	0	
0	0	0	0	0.015686	0.1098	0	0	0	0	0	0	0	0	0	0	0	0	0	0	

1
1
20		20
1
600	495
531	225
669	500
1
616	346
155
600	495
601	493
596	486
589	476
582	467
573	456
563	444
553	433
546	424
540	417
534	411
532	409
531	408
531	406
531	402
533	394
537	386
542	375
547	364
553	350
559	334
565	318
572	301
578	286
586	271
592	257
593	247
598	239
599	234
600	228
601	226
601	225
602	230
604	239
607	249
610	264
614	279
620	295
628	309
637	325
646	339
654	349
659	359
664	369
667	376
668	380
668	381
669	382
669	384
666	389
663	396
657	404
652	414
646	423
640	434
634	446
628	456
622	466
617	475
612	483
610	490
607	496
606	498
606	500
606	499
605	495
603	492
601	487
598	480
595	473
589	463
583	453
576	443
568	431
561	421
555	411
549	400
546	391
544	385
543	381
543	377
543	375
543	373
546	371
551	371
562	373
575	378
589	382
605	390
618	396
630	403
640	410
646	415
651	420
653	422
653	423
653	425
652	428
649	429
641	430
633	430
625	430
617	430
611	429
607	426
601	422
598	416
594	411
592	405
591	397
591	390
591	384
591	378
594	374
598	371
604	366
607	366
612	366
616	367
619	371
619	377
619	383
619	389
618	394
614	397
611	399
608	399
605	399
602	399
598	399
594	397
592	393
589	385
589	376
589	366
589	355
589	345
592	334
598	325
602	318
607	313
612	309
616	307
618	306
621	306
622	307
623	311
623	317
623	323
623	329
620	336
618	341
618	342
617	345
616	346



7
3
20	20
0	0	0	0	0	0	0	0.015686	0.066667	0.066667	0.066667	0.0078431	0	0	0	0	0	0	0	0	
0	0	0	0	0	0.054902	0.066667	0.047059	0	0	0	0.054902	0.043137	0	0	0	0	0	0	0	
0	0	0.019608	0.066667	0.066667	0.0078431	0	0	0	0	0	0	0.019608	0.066667	0.0078431	0	0	0	0	0	
0.090196	0.070588	0.043137	0	0.058824	0.066667	0.066667	0.066667	0.066667	0.066667	0.066667	0.066667	0.066667	0.05098	0.054902	0.05098	0	0	0	0	
0	0.058824	0.047059	0.043137	0.031373	0	0	0	0	0.070588	0.20392	0	0	0.015686	0.066667	0.011765	0.066667	0.043137	0	0	
0	0	0.015686	0.066667	0.054902	0.066667	0.066667	0.066667	0.1098	0.098039	0.11765	0.066667	0.066667	0.066667	0.0039216	0	0.031373	0.086275	0.13333	0.094118	
0	0	0	0	0.05098	0.035294	0	0	0.070588	0.019608	0.066667	0.066667	0.066667	0.066667	0.066667	0.066667	0.035294	0	0	0	
0	0	0	0	0	0.027451	0.054902	0	0.090196	0.043137	0	0	0	0	0	0	0	0	0	0	
0	0	0	0	0	0	0.0078431	0.047059	0	0	0	0	0	0	0	0	0	0	0	0	
0	0	0	0	0	0	0	0	0	0	0	0	0	0	0	0	0	0	0	0	
0	0	0	0	0	0	0	0	0	0	0	0	0	0	0	0	0	0	0	0	
0	0	0	0	0	0	0	0	0	0	0	0	0	0	0	0	0	0	0	0	
0	0	0	0	0	0	0	0	0	0	0	0	0	0	0	0	0	0	0	0	
0	0	0	0	0	0	0	0	0	0	0	0	0	0	0	0	0	0	0	0	
0	0	0	0	0	0	0	0	0	0	0	0	0	0	0	0	0	0	0	0	
0	0	0	0	0	0	0	0	0	0	0	0	0	0	0	0	0	0	0	0	
0	0	0	0	0	0	0	0	0	0	0	0	0	0	0	0	0	0	0	0	
0	0	0	0	0	0	0	0	0	0	0	0	0	0	0	0	0	0	0	0	
0	0	0	0	0	0	0	0	0	0	0	0	0	0	0	0	0	0	0	0	
0	0	0	0	0	0	0	0	0	0	0	0	0	0	0	0	0	0	0	0	

1
1
20		20
1
582	432
484	306
755	432
1
619	378
144
582	432
583	431
583	429
579	424
574	419
567	414
559	407
551	399
540	392
532	386
522	379
512	372
506	368
498	363
492	360
487	358
485	357
484	357
490	357
499	354
510	351
523	345
536	339
549	334
563	328
576	323
587	318
595	314
601	311
604	308
608	306
609	306
612	306
617	307
624	310
633	316
643	322
655	331
667	340
680	349
694	358
706	366
718	373
729	378
738	381
744	384
747	384
750	387
751	387
753	387
754	386
755	385
752	385
741	387
729	390
715	391
700	393
685	396
668	397
655	400
639	402
626	403
616	406
609	409
603	411
601	412
598	412
596	414
595	414
594	412
594	408
595	402
598	395
602	388
606	381
611	377
618	372
623	370
627	368
628	368
630	368
631	369
631	372
627	378
622	382
614	384
606	387
597	387
587	387
575	387
565	387
555	384
547	380
542	377
538	374
537	373
535	370
535	367
535	364
540	360
553	357
574	357
596	357
620	357
640	357
658	357
668	360
676	364
679	367
679	371
679	372
679	374
679	375
675	378
670	379
664	379
655	379
647	379
641	379
635	379
631	379
626	378
625	377
622	376
621	375
620	372
619	371
619	369
619	367
619	366
619	364
621	363
622	363
624	363
628	366
628	369
628	374
628	377
628	378
627	379
625	379
623	379
622	379
619	378



7
3
20	20
0	0	0	0	0.031373	0.11373	0	0	0	0	0	0	0	0	0	0	0	0	0	0	
0	0	0	0	0.098039	0.015686	0.082353	0	0	0	0	0	0	0	0	0	0	0	0	0	
0	0	0	0	0.098039	0	0.070588	0.027451	0	0	0	0	0	0	0	0	0	0	0	0	
0	0	0	0.070588	0.027451	0	0	0.086275	0.011765	0	0	0	0	0	0	0	0	0	0	0	
0	0	0	0.098039	0	0	0	0	0.098039	0	0	0	0	0	0	0	0	0	0	0	
0	0	0.0078431	0.086275	0	0	0	0	0	0.10588	0.011765	0	0	0	0	0	0	0	0	0	
0	0	0.098039	0	0	0	0	0	0	0	0.090196	0.070588	0	0	0	0	0	0	0	0	
0	0	0.098039	0	0	0	0.0078431	0	0	0	0	0.031373	0.10588	0	0	0	0	0	0	0	
0	0.054902	0.043137	0	0	0.031373	0.090196	0	0	0	0	0	0.098039	0	0	0	0	0	0	0	
0	0.098039	0	0.070588	0.22745	0.2902	0.15294	0.035294	0	0	0	0	0.098039	0	0	0	0	0	0	0	
0.023529	0.07451	0	0.086275	0.1098	0.098039	0.054902	0.14902	0	0	0	0	0.098039	0	0	0	0	0	0	0	
0.098039	0	0	0	0.17647	0.098039	0	0.13333	0.054902	0	0	0	0.094118	0	0	0	0	0	0	0	
0.062745	0.043137	0	0	0.07451	0.19216	0	0.098039	0.098039	0	0	0.098039	0	0	0	0	0	0	0	0	
0	0.058824	0.078431	0	0	0.19608	0.21961	0.19216	0.14118	0	0	0.098039	0	0	0	0	0	0	0	0	
0	0	0.027451	0.086275	0	0	0.098039	0	0	0	0	0.098039	0	0	0	0	0	0	0	0	
0	0	0	0.015686	0.10588	0.0078431	0.023529	0.078431	0	0	0	0.098039	0	0	0	0	0	0	0	0	
0	0	0	0	0	0.094118	0.043137	0.027451	0.098039	0	0	0.098039	0	0	0	0	0	0	0	0	
0	0	0	0	0	0	0.058824	0.082353	0.0039216	0.10588	0.10588	0.10588	0	0	0	0	0	0	0	0	
0	0	0	0	0	0	0	0.019608	0.10588	0.019608	0	0	0	0	0	0	0	0	0	0	
0	0	0	0	0	0	0	0	0	0.070588	0	0	0	0	0	0	0	0	0	0	

1
1
20		20
1
305	512
214	331
336	512
1
279	403
159
305	512
306	511
304	508
301	506
295	503
291	499
283	494
277	490
270	484
262	479
255	473
249	469
241	461
234	457
227	452
223	448
219	445
216	442
215	441
214	440
216	438
218	433
222	427
225	421
226	416
231	406
234	398
238	389
243	378
247	369
250	360
253	353
257	344
259	341
259	336
261	333
261	332
262	331
263	331
267	334
270	338
274	344
279	352
285	358
292	366
298	373
304	379
311	384
317	389
322	392
326	393
329	396
330	396
332	396
333	396
336	399
336	403
336	409
335	416
333	424
332	432
330	440
329	449
329	458
327	464
327	470
327	476
327	479
327	484
327	485
327	487
327	488
326	490
324	492
324	493
323	494
322	495
321	495
319	495
316	495
312	495
309	493
303	490
299	487
293	482
286	477
278	469
272	461
265	452
259	443
254	435
249	428
248	423
248	422
248	419
248	417
251	416
257	416
264	416
270	418
275	422
281	426
286	431
291	436
297	443
298	446
298	449
298	452
298	454
298	455
297	456
292	456
286	456
281	456
276	455
270	452
265	449
260	445
257	441
254	437
254	432
252	427
252	422
252	419
253	416
258	414
263	413
267	413
272	413
275	413
278	416
282	420
285	426
286	431
286	437
286	442
286	448
286	451
284	453
283	455
280	456
279	456
276	456
273	456
271	456
269	455
267	453
266	450
266	444
266	439
266	432
266	426
266	419
266	414
270	409
273	406
276	403
278	403
279	403



7
3
20	20
0	0	0	0	0	0	0.10196	0.070588	0	0	0	0	0	0	0	0	0	0	0	0	
0	0	0	0	0	0.011765	0.10196	0.10588	0.0078431	0	0	0	0	0	0	0	0	0	0	0	
0	0	0	0	0	0.1098	0	0	0.11373	0	0	0	0	0	0	0	0	0	0	0	
0	0	0	0	0.0078431	0.10196	0	0	0.023529	0.090196	0	0	0	0	0	0	0	0	0	0	
0	0	0	0	0.11373	0	0	0	0	0.070588	0.039216	0	0	0	0	0	0	0	0	0	
0	0	0	0.062745	0.05098	0	0	0	0	0	0.10588	0.0078431	0	0	0	0	0	0	0	0	
0	0	0.070588	0.070588	0	0	0	0	0	0	0	0.11373	0	0	0	0	0	0	0	0	
0	0.066667	0.047059	0	0	0.26667	0.15294	0.12157	0.12157	0.12941	0	0.0078431	0.12157	0.019608	0	0	0	0	0	0	
0.058824	0.05098	0	0	0	0.23137	0.11373	0	0	0.019608	0.094118	0	0	0.10196	0.058824	0	0	0	0	0	
0.1098	0.019608	0	0	0	0.23137	0.11373	0	0	0	0.11373	0	0	0	0.11765	0	0	0	0	0	
0	0.10196	0.027451	0	0	0.17255	0.11373	0	0	0	0.094118	0.015686	0	0	0.11373	0	0	0	0	0	
0	0	0.090196	0.019608	0	0.18824	0.12941	0	0	0	0.066667	0.043137	0	0	0.11373	0	0	0	0	0	
0	0	0	0.098039	0.015686	0.094118	0.18039	0.05098	0	0	0.10588	0.023529	0	0.019608	0.094118	0	0	0	0	0	
0	0	0	0	0.11373	0	0.11373	0.066667	0.12157	0.16078	0.070588	0	0	0.094118	0.019608	0	0	0	0	0	
0	0	0	0	0	0.1098	0.031373	0.12157	0.12157	0.023529	0	0	0	0.11373	0	0	0	0	0	0	
0	0	0	0	0	0.019608	0.090196	0	0	0	0	0	0.1098	0.0039216	0	0	0	0	0	0	
0	0	0	0	0	0	0.070588	0.039216	0	0	0	0.07451	0.062745	0	0	0	0	0	0	0	
0	0	0	0	0	0	0	0.11373	0	0.019608	0.12157	0.043137	0	0	0	0	0	0	0	0	
0	0	0	0	0	0	0	0.0039216	0.1098	0.058824	0	0	0	0	0	0	0	0	0	0	
0	0	0	0	0	0	0	0	0.070588	0	0	0	0	0	0	0	0	0	0	0	

1
1
20		20
2
378	560
308	403
430	560
1
389	551
79
378	560
377	556
375	552
374	548
369	543
365	536
361	530
356	524
350	518
343	509
337	503
331	497
327	493
322	488
318	484
314	481
311	478
310	478
308	476
309	473
313	469
318	464
324	458
330	454
337	447
343	440
346	435
349	429
353	422
355	419
357	414
358	410
359	407
360	406
361	404
363	403
366	404
369	409
374	416
381	424
386	432
393	441
400	449
406	456
412	462
417	465
423	469
425	471
428	473
429	473
430	476
430	481
430	485
430	490
428	496
426	502
425	508
422	514
419	520
416	524
414	528
412	531
409	534
407	535
405	537
404	538
403	539
400	540
398	542
397	542
396	543
395	544
394	545
393	545
390	546
390	547
390	548
389	550
389	551

	384	512
348	458
399	519
1
356	497
72
384	512
384	514
383	515
381	517
380	518
379	518
378	519
376	519
375	519
373	519
372	519
369	519
365	517
362	513
360	509
356	503
354	496
353	491
351	483
351	477
351	473
351	470
351	467
356	463
362	461
368	460
375	460
380	460
383	460
386	460
388	462
391	467
395	474
397	481
399	487
399	492
399	497
399	500
399	502
397	506
394	507
390	507
385	507
381	507
375	507
371	507
366	506
362	503
358	499
354	493
353	488
351	482
348	475
348	470
348	464
348	461
348	459
350	458
351	458
353	458
354	458
356	461
357	464
357	470
358	476
358	482
358	488
358	493
358	496
358	497
357	500
356	497



7
3
20	20
0	0	0	0	0	0.13725	0	0	0	0	0	0	0	0	0	0	0	0	0	0	
0	0	0	0	0.0078431	0.16471	0.054902	0	0	0	0	0	0	0	0	0	0	0	0	0	
0	0	0	0	0.11765	0	0.10196	0.011765	0	0	0	0	0	0	0	0	0	0	0	0	
0	0	0	0	0.11765	0	0	0.10588	0.011765	0	0	0	0	0	0	0	0	0	0	0	
0	0	0	0.05098	0.062745	0	0	0	0.11373	0	0	0	0	0	0	0	0	0	0	0	
0	0	0	0.11765	0.1098	0.11765	0.058824	0	0.0039216	0.1098	0	0	0	0	0	0	0	0	0	0	
0	0	0.078431	0.035294	0.11765	0	0.058824	0.058824	0	0.0039216	0.11765	0.0078431	0	0	0	0	0	0	0	0	
0	0	0.11765	0	0.19608	0.11765	0.12549	0.11765	0	0	0	0.12941	0	0	0	0	0	0	0	0	
0.086275	0.11765	0.039216	0.090196	0.1451	0	0.062745	0.1451	0.023529	0	0	0.11765	0	0	0	0	0	0	0	0	
0.070588	0.043137	0	0.11765	0.11765	0	0	0.11765	0.11373	0	0	0.11765	0	0	0	0	0	0	0	0	
0	0.11765	0	0.11765	0.078431	0.14118	0.12157	0.12941	0.18431	0	0	0.11765	0	0	0	0	0	0	0	0	
0	0.047059	0.070588	0.11765	0.11765	0.12549	0.0078431	0.22745	0.062745	0	0	0.11765	0	0	0	0	0	0	0	0	
0	0	0.10588	0.12549	0.11765	0.082353	0.031373	0.23529	0	0	0	0.11765	0	0	0	0	0	0	0	0	
0	0	0	0.20784	0.11765	0	0.11765	0.23922	0	0	0.015686	0.098039	0	0	0	0	0	0	0	0	
0	0	0	0.1451	0.11765	0.090196	0.0078431	0.19608	0	0	0.11765	0	0	0	0	0	0	0	0	0	
0	0	0	0.0039216	0.20784	0.12941	0.011765	0.11765	0	0	0.11765	0	0	0	0	0	0	0	0	0	
0	0	0	0	0.0039216	0.22353	0.22353	0.1451	0	0.0078431	0.1098	0	0	0	0	0	0	0	0	0	
0	0	0	0	0	0.0039216	0.12157	0.11765	0.023529	0.11765	0	0	0	0	0	0	0	0	0	0	
0	0	0	0	0	0	0.019608	0.094118	0	0.11765	0	0	0	0	0	0	0	0	0	0	
0	0	0	0	0	0	0	0.031373	0.070588	0.015686	0	0	0	0	0	0	0	0	0	0	

1
1
20		20
2
353	512
291	356
385	515
1
361	515
71
353	512
350	507
344	500
336	492
329	483
322	472
314	461
308	452
302	443
297	434
294	429
293	426
291	424
292	425
293	426
294	426
296	426
301	425
306	420
310	413
313	405
318	397
322	389
326	380
328	373
331	366
332	361
333	359
333	357
334	356
334	359
338	365
343	371
347	377
354	384
359	390
365	396
371	402
377	407
381	411
384	413
385	414
385	415
385	417
385	422
385	427
385	434
385	442
385	449
383	458
381	466
378	474
377	479
375	485
374	488
372	493
371	496
370	497
369	498
369	499
369	500
369	502
368	503
368	505
366	507
365	509
363	511
363	512
363	514
362	515
361	515

	356	496
315	395
358	497
1
355	439
88
356	496
355	497
352	497
347	495
344	491
339	486
336	481
332	475
329	469
327	463
326	459
326	453
326	449
328	445
333	443
339	442
342	442
344	442
346	443
348	447
349	452
351	458
351	466
352	474
352	481
352	487
352	490
351	491
349	491
346	491
342	491
337	491
333	489
329	485
324	480
320	475
318	468
317	461
315	453
315	444
315	435
317	427
322	420
326	416
330	414
333	412
335	412
338	412
342	414
344	419
348	425
349	433
351	442
352	450
352	457
352	464
352	467
352	470
351	471
349	471
346	469
342	463
338	458
334	449
330	441
327	432
326	423
326	413
326	405
326	399
328	396
329	395
331	395
336	396
341	401
345	405
350	411
354	418
355	425
357	431
358	437
358	442
358	443
358	446
357	444
356	443
356	441
355	439



