7
3
30	30
0	0	0	0	0	0	0	0	0	0	0	0	0	0.11373	0	0	0	0	0	0	0	0	0	0	0	0	0	0	0	0	
0	0	0	0	0	0	0	0	0	0	0	0	0.058824	0.27451	0.043137	0	0	0	0	0	0	0	0	0	0	0	0	0	0	0	
0	0	0	0	0	0	0	0	0	0	0	0.05098	0.13725	0	0.19216	0	0	0	0	0	0	0	0	0	0	0	0	0	0	0	
0	0	0	0	0	0	0	0	0	0	0.043137	0.1451	0	0	0.19216	0	0	0	0	0	0	0	0	0	0	0	0	0	0	0	
0	0	0	0	0	0	0	0	0	0.07451	0.15294	0	0	0	0.19216	0	0	0	0	0	0	0	0	0	0	0	0	0	0	0	
0	0	0	0	0	0	0	0	0.066667	0.12157	0	0	0	0	0.19216	0	0	0	0	0	0	0	0	0	0	0	0	0	0	0	
0	0	0	0	0	0	0	0.058824	0.12941	0	0	0	0	0	0.19216	0	0	0	0	0	0	0	0	0	0	0	0	0	0	0	
0	0	0	0	0	0.0039216	0.2	0.13725	0	0	0	0	0	0	0.19216	0	0	0	0	0	0	0	0	0	0	0	0	0	0	0	
0	0	0	0	0.07451	0.19216	0	0	0	0	0	0	0	0	0.19216	0	0	0	0	0	0	0	0	0	0	0	0	0	0	0	
0	0	0	0.10588	0.12157	0	0	0	0	0	0	0	0	0	0.19216	0	0	0	0	0	0	0	0	0	0	0	0	0	0	0	
0	0	0.17647	0.090196	0	0	0	0	0	0	0	0	0	0	0.19216	0	0	0	0	0	0	0	0	0	0	0	0	0	0	0	
0.16078	0.32941	0.043137	0	0	0	0.07451	0	0	0	0	0	0	0	0.19216	0	0	0	0	0	0	0	0	0	0	0	0	0	0	0	
0	0	0.17647	0.2	0.2	0.2	0.35294	0.19608	0.05098	0	0	0	0	0	0.19216	0	0	0	0	0	0	0	0	0	0	0	0	0	0	0	
0	0	0	0	0	0	0.19216	0	0.1451	0.2	0.2	0.2	0.098039	0	0.19216	0	0	0	0	0	0	0	0	0	0	0	0	0	0	0	
0	0	0	0	0	0	0.19216	0	0	0	0	0	0.098039	0.2	0.16078	0	0	0	0	0	0	0	0	0	0	0	0	0	0	0	
0	0	0	0	0	0	0.19216	0	0	0	0	0	0	0	0	0	0	0	0	0	0	0	0	0	0	0	0	0	0	0	
0	0	0	0	0	0	0.19216	0	0	0	0	0	0	0	0	0	0	0	0	0	0	0	0	0	0	0	0	0	0	0	
0	0	0	0	0	0.027451	0.16078	0	0	0	0	0	0	0	0	0	0	0	0	0	0	0	0	0	0	0	0	0	0	0	
0	0	0	0	0	0.19216	0	0	0	0	0	0	0	0	0	0	0	0	0	0	0	0	0	0	0	0	0	0	0	0	
0	0	0	0	0	0.19216	0	0	0	0	0	0	0	0	0	0	0	0	0	0	0	0	0	0	0	0	0	0	0	0	
0	0	0	0	0	0.19216	0	0	0	0	0	0	0	0	0	0	0	0	0	0	0	0	0	0	0	0	0	0	0	0	
0	0	0	0	0.15294	0.035294	0	0	0	0	0	0	0	0	0	0	0	0	0	0	0	0	0	0	0	0	0	0	0	0	
0	0	0	0	0.19216	0	0	0	0	0	0	0	0	0	0	0	0	0	0	0	0	0	0	0	0	0	0	0	0	0	
0	0	0	0.090196	0.098039	0	0	0	0	0	0	0	0	0	0	0	0	0	0	0	0	0	0	0	0	0	0	0	0	0	
0	0	0	0.19216	0	0	0	0	0	0	0	0	0	0	0	0	0	0	0	0	0	0	0	0	0	0	0	0	0	0	
0	0	0.098039	0.090196	0	0	0	0	0	0	0	0	0	0	0	0	0	0	0	0	0	0	0	0	0	0	0	0	0	0	
0	0	0.19216	0	0	0	0	0	0	0	0	0	0	0	0	0	0	0	0	0	0	0	0	0	0	0	0	0	0	0	
0	0.090196	0.098039	0	0	0	0	0	0	0	0	0	0	0	0	0	0	0	0	0	0	0	0	0	0	0	0	0	0	0	
0	0.19216	0	0	0	0	0	0	0	0	0	0	0	0	0	0	0	0	0	0	0	0	0	0	0	0	0	0	0	0	
0.043137	0.027451	0	0	0	0	0	0	0	0	0	0	0	0	0	0	0	0	0	0	0	0	0	0	0	0	0	0	0	0	

1
1
30		30
2
373	244
369	189
440	258
1
369	241
59
373	244
374	243
376	241
378	239
381	237
385	235
389	231
393	228
399	224
405	221
410	216
416	210
421	206
426	201
429	198
433	194
436	191
436	190
437	189
437	192
439	195
439	201
439	206
439	213
439	221
439	227
439	235
439	243
439	249
439	254
440	257
440	258
438	258
435	257
433	257
428	254
424	254
419	252
416	251
413	251
409	251
405	250
404	249
403	249
401	249
400	248
398	248
395	248
392	248
391	248
388	248
385	248
380	248
377	246
374	245
371	245
370	244
369	243
369	241

	400	244
370	244
401	332
1
370	332
26
400	244
401	245
401	246
401	249
401	252
401	255
401	260
400	264
399	267
398	271
397	275
396	279
395	282
393	286
392	291
390	296
387	302
385	308
382	312
379	317
377	322
375	324
373	328
372	329
372	330
370	332



7
3
30	30
0	0	0	0	0	0	0	0	0	0	0	0	0	0	0	0	0	0	0	0.086275	0	0.086275	0	0	0	0	0	0	0	0	
0	0	0	0	0	0	0	0	0	0	0	0	0	0	0	0	0	0	0	0.043137	0.11765	0.16471	0	0	0	0	0	0	0	0	
0	0	0	0	0	0	0	0	0	0	0	0	0	0	0	0	0	0	0	0	0.035294	0.2902	0.05098	0	0	0	0	0	0	0	
0	0	0	0	0	0	0	0	0	0	0	0	0	0	0	0	0	0	0	0	0	0.16471	0.10196	0.1098	0	0	0	0	0	0	
0	0	0	0	0	0	0	0	0	0	0	0	0	0	0	0	0	0	0	0	0	0.16471	0	0.039216	0.1451	0.0039216	0	0	0	0	
0	0	0	0	0	0	0	0	0	0	0	0	0	0	0	0	0	0	0	0	0.10588	0.054902	0	0	0.0078431	0.14902	0.054902	0	0	0	
0.07451	0.15294	0.047059	0	0	0	0	0	0	0	0	0	0	0	0	0	0	0	0	0	0.16471	0	0	0	0	0	0.094118	0.15294	0.05098	0	
0	0	0.10588	0.15294	0.15294	0.15294	0.15294	0.15294	0.15294	0.15294	0.15294	0.15294	0.15294	0.15294	0.15294	0.15294	0.15294	0.15294	0.15294	0.11765	0.16471	0	0	0	0	0	0	0	0.1451	0.15294	
0	0	0	0	0	0	0	0	0	0	0	0	0	0	0	0	0	0	0	0	0.16471	0	0	0	0	0	0.10588	0.15294	0.10196	0	
0	0	0	0	0	0	0	0	0	0	0	0	0	0	0	0	0	0	0	0	0.16471	0	0	0.14118	0.15294	0.15294	0.043137	0	0	0	
0	0	0	0	0	0	0	0	0	0	0	0	0	0	0	0	0	0	0	0.043137	0.12157	0.13333	0.15294	0.011765	0	0	0	0	0	0	
0	0	0	0	0	0	0	0	0	0	0	0	0	0	0	0	0	0	0	0.019608	0.17255	0.019608	0	0	0	0	0	0	0	0	
0	0	0	0	0	0	0	0	0	0	0	0	0	0	0	0	0	0	0	0	0	0	0	0	0	0	0	0	0	0	
0	0	0	0	0	0	0	0	0	0	0	0	0	0	0	0	0	0	0	0	0	0	0	0	0	0	0	0	0	0	
0	0	0	0	0	0	0	0	0	0	0	0	0	0	0	0	0	0	0	0	0	0	0	0	0	0	0	0	0	0	
0	0	0	0	0	0	0	0	0	0	0	0	0	0	0	0	0	0	0	0	0	0	0	0	0	0	0	0	0	0	
0	0	0	0	0	0	0	0	0	0	0	0	0	0	0	0	0	0	0	0	0	0	0	0	0	0	0	0	0	0	
0	0	0	0	0	0	0	0	0	0	0	0	0	0	0	0	0	0	0	0	0	0	0	0	0	0	0	0	0	0	
0	0	0	0	0	0	0	0	0	0	0	0	0	0	0	0	0	0	0	0	0	0	0	0	0	0	0	0	0	0	
0	0	0	0	0	0	0	0	0	0	0	0	0	0	0	0	0	0	0	0	0	0	0	0	0	0	0	0	0	0	
0	0	0	0	0	0	0	0	0	0	0	0	0	0	0	0	0	0	0	0	0	0	0	0	0	0	0	0	0	0	
0	0	0	0	0	0	0	0	0	0	0	0	0	0	0	0	0	0	0	0	0	0	0	0	0	0	0	0	0	0	
0	0	0	0	0	0	0	0	0	0	0	0	0	0	0	0	0	0	0	0	0	0	0	0	0	0	0	0	0	0	
0	0	0	0	0	0	0	0	0	0	0	0	0	0	0	0	0	0	0	0	0	0	0	0	0	0	0	0	0	0	
0	0	0	0	0	0	0	0	0	0	0	0	0	0	0	0	0	0	0	0	0	0	0	0	0	0	0	0	0	0	
0	0	0	0	0	0	0	0	0	0	0	0	0	0	0	0	0	0	0	0	0	0	0	0	0	0	0	0	0	0	
0	0	0	0	0	0	0	0	0	0	0	0	0	0	0	0	0	0	0	0	0	0	0	0	0	0	0	0	0	0	
0	0	0	0	0	0	0	0	0	0	0	0	0	0	0	0	0	0	0	0	0	0	0	0	0	0	0	0	0	0	
0	0	0	0	0	0	0	0	0	0	0	0	0	0	0	0	0	0	0	0	0	0	0	0	0	0	0	0	0	0	
0	0	0	0	0	0	0	0	0	0	0	0	0	0	0	0	0	0	0	0	0	0	0	0	0	0	0	0	0	0	

1
1
30		30
2
600	331
600	331
660	402
1
611	331
46
600	331
600	332
604	337
607	340
614	345
619	349
624	352
629	357
634	361
637	364
642	367
646	370
650	371
652	373
656	374
657	375
658	376
660	376
659	378
655	380
648	384
642	386
634	389
626	391
619	394
614	397
608	400
607	400
606	401
604	402
603	400
603	397
604	393
605	388
607	383
608	378
608	372
608	366
610	360
610	352
610	346
610	341
610	336
611	334
611	333
611	331

	601	378
485	371
601	379
1
485	371
26
601	378
600	379
599	379
596	379
594	379
590	379
588	379
584	379
578	379
570	379
561	379
551	379
541	379
532	379
523	379
515	379
508	378
502	377
498	375
494	372
492	371
491	371
490	371
488	371
487	371
485	371



7
3
30	30
0	0	0	0	0	0	0	0	0	0	0	0	0	0	0.066667	0	0	0	0	0	0	0	0	0	0	0	0	0	0	0	
0	0	0	0	0	0	0	0	0	0	0	0	0	0	0.21176	0	0	0	0	0	0	0	0	0	0	0	0	0	0	0	
0	0	0	0	0	0	0	0	0	0	0	0	0	0	0.21176	0	0	0	0	0	0	0	0	0	0	0	0	0	0	0	
0	0	0	0	0	0	0	0	0	0	0	0	0	0	0.21176	0	0	0	0	0	0	0	0	0	0	0	0	0	0	0	
0	0	0	0	0	0	0	0	0	0	0	0	0	0	0.21176	0	0	0	0	0	0	0	0	0	0	0	0	0	0	0	
0	0	0	0	0	0	0	0	0	0	0	0	0	0	0.21176	0	0	0	0	0	0	0	0	0	0	0	0	0	0	0	
0	0	0	0	0	0	0	0	0	0	0	0	0	0.062745	0.1451	0	0	0	0	0	0	0	0	0	0	0	0	0	0	0	
0	0	0	0	0	0	0	0	0	0	0	0	0	0.21176	0	0	0	0	0	0	0	0	0	0	0	0	0	0	0	0	
0	0	0	0	0	0	0	0	0	0	0	0	0	0.21176	0	0	0	0	0	0	0	0	0	0	0	0	0	0	0	0	
0	0	0	0	0	0	0	0	0	0	0	0	0.17647	0.035294	0	0	0	0	0	0	0	0	0	0	0	0	0	0	0	0	
0	0	0	0	0	0	0	0	0	0	0	0	0.21176	0	0	0	0	0	0	0	0	0	0	0	0	0	0	0	0	0	
0	0	0	0	0	0	0	0	0	0	0	0.054902	0.15294	0	0	0	0	0	0	0	0	0	0	0	0	0	0	0	0	0	
0	0	0	0	0	0	0	0	0	0	0	0.21176	0	0	0	0	0	0	0	0	0	0	0	0	0	0	0	0	0	0	
0	0	0	0	0	0	0	0	0	0	0	0.21176	0	0	0	0	0	0	0	0	0	0	0	0	0	0	0	0	0	0	
0	0	0	0	0	0	0	0	0	0	0.14902	0.058824	0	0	0	0	0	0	0	0	0	0	0	0	0	0	0	0	0	0	
0	0	0	0	0	0	0	0	0	0	0.21176	0	0	0	0	0	0	0	0	0	0	0	0	0	0	0	0	0	0	0	
0	0	0	0	0	0	0	0	0	0.11373	0.098039	0	0	0	0	0	0	0	0	0	0	0	0	0	0	0	0	0	0	0	
0	0	0	0	0	0	0	0	0	0.21176	0	0	0	0	0	0	0	0	0	0	0	0	0	0	0	0	0	0	0	0	
0	0	0	0	0	0	0	0	0.0078431	0.2	0	0	0	0	0	0	0	0	0	0	0	0	0	0	0	0	0	0	0	0	
0.10196	0.23529	0.22353	0.22353	0.22353	0.16078	0.031373	0	0.21176	0	0	0	0	0	0	0	0	0	0	0	0	0	0	0	0	0	0	0	0	0	
0.0078431	0.2	0	0	0	0.062745	0.19216	0.22353	0.33725	0.19608	0.019608	0.019608	0.015686	0	0	0	0	0	0	0	0	0	0	0	0	0	0	0	0	0	
0	0.19608	0.015686	0	0	0	0	0	0	0.027451	0.2	0.2	0.20392	0.22353	0.22353	0.22353	0.23137	0.047059	0	0	0	0	0	0	0	0	0	0	0	0	
0	0.0039216	0.20392	0	0	0	0	0	0	0	0	0	0	0	0	0	0.035294	0.17255	0	0	0	0	0	0	0	0	0	0	0	0	
0	0	0.047059	0.16078	0	0	0	0	0	0	0	0	0	0	0	0	0.21176	0	0	0	0	0	0	0	0	0	0	0	0	0	
0	0	0	0.10588	0.10196	0	0	0	0	0	0	0	0	0	0	0.16863	0.090196	0	0	0	0	0	0	0	0	0	0	0	0	0	
0	0	0	0	0.17255	0.039216	0	0	0	0	0	0	0	0.0039216	0.2	0.054902	0	0	0	0	0	0	0	0	0	0	0	0	0	0	
0	0	0	0	0.011765	0.2	0	0	0	0	0	0	0.098039	0.21961	0.023529	0	0	0	0	0	0	0	0	0	0	0	0	0	0	0	
0	0	0	0	0	0.062745	0.14902	0	0	0	0	0.14902	0.12549	0	0	0	0	0	0	0	0	0	0	0	0	0	0	0	0	0	
0	0	0	0	0	0	0.13725	0	0	0.015686	0.21569	0.070588	0	0	0	0	0	0	0	0	0	0	0	0	0	0	0	0	0	0	
0	0	0	0	0	0	0	0	0	0.058824	0.0039216	0	0	0	0	0	0	0	0	0	0	0	0	0	0	0	0	0	0	0	

1
1
30		30
2
445	534
417	495
494	537
1
459	537
42
445	534
443	530
439	525
435	519
431	515
426	509
423	505
420	500
419	497
418	496
417	495
418	495
423	495
426	495
432	495
438	496
443	497
448	499
454	499
460	501
467	501
474	502
481	502
487	504
490	504
493	504
494	506
494	507
492	511
490	514
487	517
483	520
480	522
477	525
475	526
471	528
468	530
466	532
464	534
463	535
460	536
459	537

	454	498
454	411
481	498
1
481	411
18
454	498
455	494
457	489
460	482
463	475
466	469
469	462
472	455
474	449
477	443
479	438
481	431
481	427
481	421
481	418
481	415
481	412
481	411



7
3
30	30
0	0	0	0	0	0	0	0	0	0.015686	0.1098	0	0	0	0	0	0	0	0	0	0	0	0	0	0	0	0	0	0	0	
0	0	0	0	0	0	0	0	0.0039216	0.19608	0.2	0	0	0	0	0	0	0	0	0	0	0	0	0	0	0	0	0	0	0	
0	0	0	0	0	0	0	0.0078431	0.17647	0.015686	0.2	0	0	0	0	0	0	0	0	0	0	0	0	0	0	0	0	0	0	0	
0	0	0	0	0	0	0.062745	0.18431	0.011765	0	0.2	0	0	0	0	0	0	0	0	0	0	0	0	0	0	0	0	0	0	0	
0	0	0	0	0.082353	0.19216	0.12549	0	0	0	0.2	0	0	0	0	0	0	0	0	0	0	0	0	0	0	0	0	0	0	0	
0	0	0.023529	0.19216	0.1098	0	0	0	0	0	0.2	0	0	0	0	0	0	0	0	0	0	0	0	0	0	0	0	0	0	0	
0	0.1098	0.16471	0	0	0	0	0	0	0	0.2	0	0	0	0	0	0	0	0	0	0	0	0	0	0	0	0	0	0	0	
0.11765	0.086275	0	0	0	0	0	0	0	0	0.2	0	0	0	0	0	0	0	0	0	0	0	0	0	0	0	0	0	0	0	
0.031373	0.20392	0	0	0	0	0	0	0.054902	0.23137	0.31765	0.19216	0.19216	0.19216	0.19216	0.19216	0.19216	0.16863	0.054902	0	0	0	0	0	0	0	0	0	0	0	
0	0.098039	0.098039	0	0	0	0	0	0	0.2	0	0	0	0	0	0	0	0.019608	0.13725	0.18824	0.12549	0	0	0	0	0	0	0	0	0	
0	0	0.090196	0.12941	0	0	0	0	0	0.2	0	0	0	0	0	0	0	0	0	0	0.066667	0.19216	0.19216	0.19216	0.19216	0.19216	0.19216	0.19216	0.19216	0.07451	
0	0	0	0.058824	0.19216	0.039216	0	0	0.023529	0.17255	0	0	0	0	0	0	0	0	0	0	0	0	0	0	0	0	0	0	0	0	
0	0	0	0	0	0.15294	0.20392	0	0.19216	0.0039216	0	0	0	0	0	0	0	0	0	0	0	0	0	0	0	0	0	0	0	0	
0	0	0	0	0	0	0.062745	0.015686	0.082353	0	0	0	0	0	0	0	0	0	0	0	0	0	0	0	0	0	0	0	0	0	
0	0	0	0	0	0	0	0	0	0	0	0	0	0	0	0	0	0	0	0	0	0	0	0	0	0	0	0	0	0	
0	0	0	0	0	0	0	0	0	0	0	0	0	0	0	0	0	0	0	0	0	0	0	0	0	0	0	0	0	0	
0	0	0	0	0	0	0	0	0	0	0	0	0	0	0	0	0	0	0	0	0	0	0	0	0	0	0	0	0	0	
0	0	0	0	0	0	0	0	0	0	0	0	0	0	0	0	0	0	0	0	0	0	0	0	0	0	0	0	0	0	
0	0	0	0	0	0	0	0	0	0	0	0	0	0	0	0	0	0	0	0	0	0	0	0	0	0	0	0	0	0	
0	0	0	0	0	0	0	0	0	0	0	0	0	0	0	0	0	0	0	0	0	0	0	0	0	0	0	0	0	0	
0	0	0	0	0	0	0	0	0	0	0	0	0	0	0	0	0	0	0	0	0	0	0	0	0	0	0	0	0	0	
0	0	0	0	0	0	0	0	0	0	0	0	0	0	0	0	0	0	0	0	0	0	0	0	0	0	0	0	0	0	
0	0	0	0	0	0	0	0	0	0	0	0	0	0	0	0	0	0	0	0	0	0	0	0	0	0	0	0	0	0	
0	0	0	0	0	0	0	0	0	0	0	0	0	0	0	0	0	0	0	0	0	0	0	0	0	0	0	0	0	0	
0	0	0	0	0	0	0	0	0	0	0	0	0	0	0	0	0	0	0	0	0	0	0	0	0	0	0	0	0	0	
0	0	0	0	0	0	0	0	0	0	0	0	0	0	0	0	0	0	0	0	0	0	0	0	0	0	0	0	0	0	
0	0	0	0	0	0	0	0	0	0	0	0	0	0	0	0	0	0	0	0	0	0	0	0	0	0	0	0	0	0	
0	0	0	0	0	0	0	0	0	0	0	0	0	0	0	0	0	0	0	0	0	0	0	0	0	0	0	0	0	0	
0	0	0	0	0	0	0	0	0	0	0	0	0	0	0	0	0	0	0	0	0	0	0	0	0	0	0	0	0	0	
0	0	0	0	0	0	0	0	0	0	0	0	0	0	0	0	0	0	0	0	0	0	0	0	0	0	0	0	0	0	

1
1
30		30
2
280	518
249	453
296	518
1
288	518
46
280	518
279	515
275	513
272	512
268	509
263	506
260	503
258	501
255	498
254	497
253	495
252	494
252	493
251	491
250	491
249	490
252	486
257	483
262	479
269	475
275	472
281	469
285	465
286	464
289	461
291	459
292	457
293	456
295	454
296	453
296	455
296	458
296	462
296	465
296	469
296	474
296	477
296	483
296	488
296	492
294	498
292	503
291	509
289	514
288	516
288	518

	289	495
289	494
390	504
1
390	504
22
289	495
291	494
295	495
300	495
304	495
312	495
318	495
325	495
330	495
334	496
337	496
342	498
347	501
349	502
356	503
361	504
368	504
375	504
381	504
387	504
388	504
390	504



7
3
30	30
0	0	0	0	0	0	0	0	0	0	0	0	0	0	0	0.11373	0	0	0	0	0	0	0	0	0	0	0	0	0	0	
0	0	0	0	0	0	0	0	0	0	0	0	0	0.047059	0.19608	0.24314	0.011765	0	0	0	0	0	0	0	0	0	0	0	0	0	
0	0	0	0	0	0	0	0	0	0	0	0	0.07451	0.15294	0	0.11373	0.07451	0	0	0	0	0	0	0	0	0	0	0	0	0	
0	0	0	0	0	0	0	0	0	0	0	0.18039	0.12549	0	0	0.07451	0.11765	0	0	0	0	0	0	0	0	0	0	0	0	0	
0	0	0	0	0	0	0	0	0	0	0.18431	0.019608	0	0	0	0	0.19608	0	0	0	0	0	0	0	0	0	0	0	0	0	
0	0	0	0	0	0	0	0	0.043137	0.2	0.011765	0	0	0	0	0	0.19608	0	0	0	0	0	0	0	0	0	0	0	0	0	
0	0	0	0	0	0	0	0.070588	0.15686	0	0	0	0	0	0	0	0.19608	0	0	0	0	0	0	0	0	0	0	0	0	0	
0	0	0	0	0	0	0.12549	0.12549	0	0	0	0	0	0	0	0	0.18824	0.0039216	0	0	0	0	0	0	0	0	0	0	0	0	
0	0	0	0	0	0.11765	0.07451	0	0	0	0	0	0	0	0	0	0.066667	0.12549	0	0	0	0	0	0	0	0	0	0	0	0	
0	0	0	0	0.14902	0.082353	0	0	0	0	0	0	0	0	0	0	0	0.19608	0	0	0	0	0	0	0	0	0	0	0	0	
0	0	0.011765	0.18039	0.047059	0	0	0	0	0	0	0	0	0	0	0	0	0.19608	0	0	0	0	0	0	0	0	0	0	0	0	
0.082353	0.2	0.18824	0.019608	0	0	0	0	0	0.0078431	0	0	0	0	0	0	0	0.12157	0.070588	0	0	0	0	0	0	0	0	0	0	0	
0	0	0	0	0	0	0	0	0	0.19216	0	0	0	0	0	0	0	0	0.19608	0	0	0	0	0	0	0	0	0	0	0	
0	0	0	0	0	0	0.078431	0	0	0.19216	0	0	0	0	0	0	0	0	0.19608	0	0	0	0	0	0	0	0	0	0	0	
0	0	0	0	0	0	0.062745	0.2	0.2	0.23922	0	0	0	0	0	0	0	0	0.1098	0.082353	0	0	0	0	0	0	0	0	0	0	
0	0	0	0	0	0	0	0	0	0.31373	0.2	0.2	0.2	0.2	0.2	0.2	0.2	0.2	0.2	0.082353	0	0	0	0	0	0	0	0	0	0	
0	0	0	0	0	0	0	0	0	0.19608	0	0	0	0	0	0	0	0	0	0	0	0	0	0	0	0	0	0	0	0	
0	0	0	0	0	0	0	0	0	0.19608	0	0	0	0	0	0	0	0	0	0	0	0	0	0	0	0	0	0	0	0	
0	0	0	0	0	0	0	0	0	0.19608	0	0	0	0	0	0	0	0	0	0	0	0	0	0	0	0	0	0	0	0	
0	0	0	0	0	0	0	0	0	0.19608	0	0	0	0	0	0	0	0	0	0	0	0	0	0	0	0	0	0	0	0	
0	0	0	0	0	0	0	0	0	0.19608	0	0	0	0	0	0	0	0	0	0	0	0	0	0	0	0	0	0	0	0	
0	0	0	0	0	0	0	0	0	0.19608	0	0	0	0	0	0	0	0	0	0	0	0	0	0	0	0	0	0	0	0	
0	0	0	0	0	0	0	0	0	0.19608	0	0	0	0	0	0	0	0	0	0	0	0	0	0	0	0	0	0	0	0	
0	0	0	0	0	0	0	0	0.16863	0.023529	0	0	0	0	0	0	0	0	0	0	0	0	0	0	0	0	0	0	0	0	
0	0	0	0	0	0	0	0	0.19608	0	0	0	0	0	0	0	0	0	0	0	0	0	0	0	0	0	0	0	0	0	
0	0	0	0	0	0	0	0.039216	0.15294	0	0	0	0	0	0	0	0	0	0	0	0	0	0	0	0	0	0	0	0	0	
0	0	0	0	0	0	0	0.16471	0.027451	0	0	0	0	0	0	0	0	0	0	0	0	0	0	0	0	0	0	0	0	0	
0	0	0	0	0	0	0	0.19608	0	0	0	0	0	0	0	0	0	0	0	0	0	0	0	0	0	0	0	0	0	0	
0	0	0	0	0	0	0	0.19608	0	0	0	0	0	0	0	0	0	0	0	0	0	0	0	0	0	0	0	0	0	0	
0	0	0	0	0	0	0	0.07451	0	0	0	0	0	0	0	0	0	0	0	0	0	0	0	0	0	0	0	0	0	0	

1
1
30		30
2
356	636
356	582
451	654
1
385	647
45
356	636
357	637
358	637
360	637
363	637
368	633
376	627
383	620
392	613
403	604
410	598
418	593
424	588
429	585
432	582
433	584
434	588
434	593
436	600
437	609
439	618
442	628
445	637
446	642
448	647
449	650
451	652
451	653
449	654
444	654
437	653
429	653
420	653
411	653
404	653
400	653
396	651
395	651
394	651
392	651
391	650
389	650
388	649
387	648
385	647

	403	638
389	638
403	723
1
389	723
23
403	638
403	642
403	647
403	653
402	658
402	665
400	671
400	675
400	680
399	686
399	689
399	692
397	695
397	698
396	700
395	703
394	705
393	710
391	713
390	718
390	720
390	722
389	723



7
3
30	30
0	0	0	0	0	0	0	0	0	0	0	0	0	0	0	0	0	0.12941	0.047059	0	0	0	0	0	0	0	0	0	0	0	
0	0	0	0	0	0	0	0	0	0	0	0	0	0	0	0	0	0.031373	0.21569	0.25098	0.027451	0	0	0	0	0	0	0	0	0	
0	0	0	0	0	0	0	0	0	0	0	0	0	0	0	0	0.015686	0.0078431	0	0.0078431	0.23137	0.035294	0	0	0	0	0	0	0	0	
0	0	0	0	0	0	0	0	0	0	0	0	0	0	0	0	0.17647	0.10196	0	0	0	0.22353	0.05098	0	0	0	0	0	0	0	
0	0	0	0	0	0	0	0	0	0	0	0	0	0	0	0	0.17647	0.10196	0	0	0	0	0.20784	0.070588	0	0	0	0	0	0	
0.039216	0.26275	0.26275	0.21176	0	0	0	0	0	0	0	0	0	0	0	0	0.17647	0.10196	0	0	0	0	0	0.18824	0.26275	0.21961	0.015686	0	0	0	
0	0	0	0.047059	0.26275	0.25098	0.070588	0	0	0	0	0	0.015686	0.15686	0.15686	0.15686	0.36471	0.24706	0	0	0	0	0	0	0	0.039216	0.24706	0.23529	0.0039216	0	
0	0	0	0	0	0.011765	0.19216	0.26275	0.26275	0.26275	0.26275	0.26275	0.24314	0.10196	0.10196	0.10196	0.21569	0.090196	0	0	0	0	0	0	0	0	0	0.023529	0.23529	0.015686	
0	0	0	0	0	0	0	0	0	0	0	0	0	0	0	0.0039216	0.27059	0	0	0	0	0	0	0	0	0	0	0.011765	0.21176	0.066667	
0	0	0	0	0	0	0	0	0	0	0	0	0	0	0	0.015686	0.25882	0	0	0	0	0	0	0	0	0.05098	0.26275	0.24706	0.066667	0	
0	0	0	0	0	0	0	0	0	0	0	0	0	0	0	0.015686	0.25882	0	0	0	0	0	0	0.16078	0.26275	0.20784	0	0	0	0	
0	0	0	0	0	0	0	0	0	0	0	0	0	0	0	0.26275	0.011765	0	0	0	0.082353	0.25882	0.26275	0.098039	0	0	0	0	0	0	
0	0	0	0	0	0	0	0	0	0	0	0	0	0	0	0.27843	0	0	0.082353	0.26275	0.17647	0	0	0	0	0	0	0	0	0	
0	0	0	0	0	0	0	0	0	0	0	0	0	0	0	0.26275	0.20784	0.26275	0.17647	0	0	0	0	0	0	0	0	0	0	0	
0	0	0	0	0	0	0	0	0	0	0	0	0	0	0	0	0.054902	0	0	0	0	0	0	0	0	0	0	0	0	0	
0	0	0	0	0	0	0	0	0	0	0	0	0	0	0	0	0	0	0	0	0	0	0	0	0	0	0	0	0	0	
0	0	0	0	0	0	0	0	0	0	0	0	0	0	0	0	0	0	0	0	0	0	0	0	0	0	0	0	0	0	
0	0	0	0	0	0	0	0	0	0	0	0	0	0	0	0	0	0	0	0	0	0	0	0	0	0	0	0	0	0	
0	0	0	0	0	0	0	0	0	0	0	0	0	0	0	0	0	0	0	0	0	0	0	0	0	0	0	0	0	0	
0	0	0	0	0	0	0	0	0	0	0	0	0	0	0	0	0	0	0	0	0	0	0	0	0	0	0	0	0	0	
0	0	0	0	0	0	0	0	0	0	0	0	0	0	0	0	0	0	0	0	0	0	0	0	0	0	0	0	0	0	
0	0	0	0	0	0	0	0	0	0	0	0	0	0	0	0	0	0	0	0	0	0	0	0	0	0	0	0	0	0	
0	0	0	0	0	0	0	0	0	0	0	0	0	0	0	0	0	0	0	0	0	0	0	0	0	0	0	0	0	0	
0	0	0	0	0	0	0	0	0	0	0	0	0	0	0	0	0	0	0	0	0	0	0	0	0	0	0	0	0	0	
0	0	0	0	0	0	0	0	0	0	0	0	0	0	0	0	0	0	0	0	0	0	0	0	0	0	0	0	0	0	
0	0	0	0	0	0	0	0	0	0	0	0	0	0	0	0	0	0	0	0	0	0	0	0	0	0	0	0	0	0	
0	0	0	0	0	0	0	0	0	0	0	0	0	0	0	0	0	0	0	0	0	0	0	0	0	0	0	0	0	0	
0	0	0	0	0	0	0	0	0	0	0	0	0	0	0	0	0	0	0	0	0	0	0	0	0	0	0	0	0	0	
0	0	0	0	0	0	0	0	0	0	0	0	0	0	0	0	0	0	0	0	0	0	0	0	0	0	0	0	0	0	
0	0	0	0	0	0	0	0	0	0	0	0	0	0	0	0	0	0	0	0	0	0	0	0	0	0	0	0	0	0	

1
1
30		30
2
522	662
516	662
563	712
1
520	670
45
522	662
523	662
527	664
530	665
535	670
540	675
543	678
547	679
550	681
552	681
553	682
555	682
556	682
558	684
559	685
561	687
562	688
563	689
563	690
560	693
555	696
551	697
546	699
540	702
536	703
530	706
525	709
521	709
518	711
517	712
516	711
516	706
517	700
517	696
518	691
520	688
520	685
520	682
520	680
520	678
520	676
520	675
520	673
520	672
520	670

	522	683
463	680
522	687
1
463	680
20
522	683
521	684
520	684
517	685
513	685
508	685
503	687
498	687
493	687
488	687
483	686
479	684
474	682
472	681
470	680
469	680
467	680
466	680
464	680
463	680



7
3
30	30
0	0	0	0	0	0	0	0	0	0	0	0	0.015686	0.039216	0	0	0	0	0	0	0	0	0	0	0	0	0	0	0	0	
0	0	0	0	0	0	0	0	0	0	0	0	0.14902	0.098039	0	0	0	0	0	0	0	0	0	0	0	0	0	0	0	0	
0	0	0	0	0	0	0	0	0	0	0	0	0.25098	0	0	0	0	0	0	0	0	0	0	0	0	0	0	0	0	0	
0	0	0	0	0	0	0	0	0	0	0	0	0.25098	0	0	0	0	0	0	0	0	0	0	0	0	0	0	0	0	0	
0	0	0	0	0	0	0	0	0	0	0	0	0.25098	0	0	0	0	0	0	0	0	0	0	0	0	0	0	0	0	0	
0	0	0	0	0	0	0	0	0	0	0	0	0.25098	0	0	0	0	0	0	0	0	0	0	0	0	0	0	0	0	0	
0	0	0	0	0	0	0	0	0	0	0	0	0.25098	0	0	0	0	0	0	0	0	0	0	0	0	0	0	0	0	0	
0	0	0	0	0	0	0	0	0	0	0	0.062745	0.18824	0	0	0	0	0	0	0	0	0	0	0	0	0	0	0	0	0	
0	0	0	0	0	0	0	0	0	0	0	0.16078	0.090196	0	0	0	0	0	0	0	0	0	0	0	0	0	0	0	0	0	
0	0	0	0	0	0	0	0	0	0	0	0.25098	0	0	0	0	0	0	0	0	0	0	0	0	0	0	0	0	0	0	
0	0	0	0	0	0	0	0	0	0	0	0.25098	0	0	0	0	0	0	0	0	0	0	0	0	0	0	0	0	0	0	
0	0	0	0	0	0	0	0	0	0	0.14118	0.1098	0	0	0	0	0	0	0	0	0	0	0	0	0	0	0	0	0	0	
0	0	0	0	0	0	0	0	0	0	0.25098	0	0	0	0	0	0	0	0	0	0	0	0	0	0	0	0	0	0	0	
0	0	0	0	0	0	0	0	0	0.031373	0.21961	0	0	0	0	0	0	0	0	0	0	0	0	0	0	0	0	0	0	0	
0	0	0	0	0	0	0	0	0	0.21961	0.031373	0	0	0	0	0	0	0	0	0	0	0	0	0	0	0	0	0	0	0	
0	0	0	0	0	0	0	0	0	0.25098	0	0	0	0	0	0	0	0	0	0	0	0	0	0	0	0	0	0	0	0	
0	0	0	0	0	0	0	0	0	0.0078431	0	0	0	0	0	0	0	0	0	0	0	0	0	0	0	0	0	0	0	0	
0	0	0	0	0	0	0	0	0	0	0	0	0	0	0	0	0	0	0	0	0	0	0	0	0	0	0	0	0	0	
0	0	0	0	0	0	0	0	0	0	0	0	0	0	0	0	0	0	0	0	0	0	0	0	0	0	0	0	0	0	
0.058824	0.2549	0.4	0.26667	0.2549	0.2549	0.2549	0.2549	0.2549	0.2549	0.2549	0.2549	0.2549	0.2549	0.2549	0.2549	0.3451	0.058824	0	0	0	0	0	0	0	0	0	0	0	0	
0	0	0.25098	0	0	0	0	0	0	0	0	0	0	0	0	0.14902	0.16471	0	0	0	0	0	0	0	0	0	0	0	0	0	
0	0.11765	0.12941	0	0	0	0	0	0	0	0	0	0	0	0.1451	0.10588	0	0	0	0	0	0	0	0	0	0	0	0	0	0	
0	0.22353	0.027451	0	0	0	0	0	0	0	0	0	0	0.20392	0.1098	0	0	0	0	0	0	0	0	0	0	0	0	0	0	0	
0	0.22353	0.027451	0	0	0	0	0	0	0	0	0.070588	0.2549	0.05098	0	0	0	0	0	0	0	0	0	0	0	0	0	0	0	0	
0	0.22353	0.027451	0	0	0	0	0	0	0	0.2	0.18431	0	0	0	0	0	0	0	0	0	0	0	0	0	0	0	0	0	0	
0	0.22353	0.027451	0	0	0	0	0	0.015686	0.24314	0.054902	0	0	0	0	0	0	0	0	0	0	0	0	0	0	0	0	0	0	0	
0	0.22353	0.027451	0	0	0	0	0.12549	0.23922	0.011765	0	0	0	0	0	0	0	0	0	0	0	0	0	0	0	0	0	0	0	0	
0	0.031373	0.2549	0.027451	0	0	0.18824	0.12941	0	0	0	0	0	0	0	0	0	0	0	0	0	0	0	0	0	0	0	0	0	0	
0	0	0	0.22745	0.043137	0.23922	0.066667	0	0	0	0	0	0	0	0	0	0	0	0	0	0	0	0	0	0	0	0	0	0	0	
0	0	0	0	0.20784	0.015686	0	0	0	0	0	0	0	0	0	0	0	0	0	0	0	0	0	0	0	0	0	0	0	0	

1
1
30		30
2
457	858
449	857
513	895
1
449	857
56
457	858
454	865
453	869
453	873
453	878
453	881
453	882
453	884
453	885
454	888
455	889
457	890
458	891
460	893
461	894
462	895
463	895
465	895
466	894
469	892
472	890
475	887
480	884
488	878
494	874
500	870
505	865
509	862
511	860
512	858
513	859
509	859
505	859
500	859
494	859
489	859
485	859
482	859
481	859
480	859
478	859
476	859
475	859
473	859
470	859
469	858
466	858
463	858
461	858
460	858
458	858
456	857
454	857
452	857
451	857
449	857

	484	844
484	786
497	844
1
497	786
19
484	844
484	841
485	837
488	833
488	829
490	825
491	820
493	815
494	810
494	807
494	804
494	801
496	798
496	795
496	792
496	790
497	788
497	787
497	786



7
3
30	30
0	0	0	0	0	0	0	0	0	0	0	0.11765	0	0	0	0	0	0	0	0	0	0	0	0	0	0	0	0	0	0	
0	0	0	0	0	0	0	0	0	0.082353	0.19608	0.23137	0	0	0	0	0	0	0	0	0	0	0	0	0	0	0	0	0	0	
0	0	0	0	0	0	0.12157	0.2	0.2	0.11765	0	0.2	0	0	0	0	0	0	0	0	0	0	0	0	0	0	0	0	0	0	
0	0	0	0.13333	0.2	0.2	0.078431	0	0	0	0	0.2	0	0	0	0	0	0	0	0	0	0	0	0	0	0	0	0	0	0	
0	0.062745	0.2	0.066667	0	0	0	0	0	0	0	0.2	0	0	0	0	0	0	0	0	0	0	0	0	0	0	0	0	0	0	
0.11373	0.16471	0	0	0	0	0	0	0	0	0	0.2	0	0	0	0	0	0	0	0	0	0	0	0	0	0	0	0	0	0	
0	0.17255	0.2	0.070588	0	0	0	0	0	0	0.027451	0.17255	0	0	0	0	0	0	0	0	0	0	0	0	0	0	0	0	0	0	
0	0	0	0.19608	0.0039216	0	0	0	0	0	0.32157	0.21176	0.2	0.2	0.062745	0	0	0	0	0	0	0	0	0	0	0	0	0	0	0	
0	0	0	0.011765	0.18824	0	0	0	0	0	0.2	0	0	0	0.13725	0.2	0.2	0.2	0.043137	0	0	0	0	0	0	0	0	0	0	0	
0	0	0	0	0.047059	0.15294	0	0	0	0	0.2	0	0	0	0	0	0	0	0.15294	0.2	0.2	0.2	0.14118	0.082353	0.082353	0.082353	0.082353	0.082353	0.082353	0.054902	
0	0	0	0	0	0.15294	0.047059	0	0	0.082353	0.11765	0	0	0	0	0	0	0	0	0	0	0	0.058824	0.11765	0.11765	0.11765	0.11765	0.11765	0.11765	0.019608	
0	0	0	0	0	0	0.16863	0.027451	0	0.2	0	0	0	0	0	0	0	0	0	0	0	0	0	0	0	0	0	0	0	0	
0	0	0	0	0	0	0	0.2	0	0.2	0	0	0	0	0	0	0	0	0	0	0	0	0	0	0	0	0	0	0	0	
0	0	0	0	0	0	0	0.090196	0.1098	0.2	0	0	0	0	0	0	0	0	0	0	0	0	0	0	0	0	0	0	0	0	
0	0	0	0	0	0	0	0	0.41961	0.10588	0	0	0	0	0	0	0	0	0	0	0	0	0	0	0	0	0	0	0	0	
0	0	0	0	0	0	0	0	0.40392	0	0	0	0	0	0	0	0	0	0	0	0	0	0	0	0	0	0	0	0	0	
0	0	0	0	0	0	0	0	0.11765	0	0	0	0	0	0	0	0	0	0	0	0	0	0	0	0	0	0	0	0	0	
0	0	0	0	0	0	0	0	0	0	0	0	0	0	0	0	0	0	0	0	0	0	0	0	0	0	0	0	0	0	
0	0	0	0	0	0	0	0	0	0	0	0	0	0	0	0	0	0	0	0	0	0	0	0	0	0	0	0	0	0	
0	0	0	0	0	0	0	0	0	0	0	0	0	0	0	0	0	0	0	0	0	0	0	0	0	0	0	0	0	0	
0	0	0	0	0	0	0	0	0	0	0	0	0	0	0	0	0	0	0	0	0	0	0	0	0	0	0	0	0	0	
0	0	0	0	0	0	0	0	0	0	0	0	0	0	0	0	0	0	0	0	0	0	0	0	0	0	0	0	0	0	
0	0	0	0	0	0	0	0	0	0	0	0	0	0	0	0	0	0	0	0	0	0	0	0	0	0	0	0	0	0	
0	0	0	0	0	0	0	0	0	0	0	0	0	0	0	0	0	0	0	0	0	0	0	0	0	0	0	0	0	0	
0	0	0	0	0	0	0	0	0	0	0	0	0	0	0	0	0	0	0	0	0	0	0	0	0	0	0	0	0	0	
0	0	0	0	0	0	0	0	0	0	0	0	0	0	0	0	0	0	0	0	0	0	0	0	0	0	0	0	0	0	
0	0	0	0	0	0	0	0	0	0	0	0	0	0	0	0	0	0	0	0	0	0	0	0	0	0	0	0	0	0	
0	0	0	0	0	0	0	0	0	0	0	0	0	0	0	0	0	0	0	0	0	0	0	0	0	0	0	0	0	0	
0	0	0	0	0	0	0	0	0	0	0	0	0	0	0	0	0	0	0	0	0	0	0	0	0	0	0	0	0	0	
0	0	0	0	0	0	0	0	0	0	0	0	0	0	0	0	0	0	0	0	0	0	0	0	0	0	0	0	0	0	

1
1
30		30
2
266	849
229	779
283	856
1
267	847
53
266	849
266	846
266	843
264	840
261	835
256	830
254	825
250	821
248	818
245	815
243	811
240	809
237	808
235	806
232	806
230	804
229	803
233	801
236	799
241	796
246	794
252	792
256	791
262	789
267	788
272	786
275	785
278	783
281	780
282	779
283	780
283	782
283	785
283	788
283	789
283	792
282	795
282	797
282	800
282	805
280	810
279	816
277	824
274	831
273	840
270	848
268	853
268	855
267	856
267	855
267	853
267	850
267	847

	276	812
276	812
370	825
1
370	824
19
276	812
277	812
279	812
282	812
287	813
291	814
298	816
302	817
309	819
315	820
322	823
328	823
337	825
346	825
354	825
361	825
366	825
369	825
370	824



7
3
30	30
0	0	0	0	0	0	0	0	0	0	0.078431	0	0	0	0	0	0	0	0	0	0	0	0	0	0	0	0	0	0	0	
0	0	0	0	0	0	0	0	0	0.16471	0.30196	0	0	0	0	0	0	0	0	0	0	0	0	0	0	0	0	0	0	0	
0	0	0	0	0	0	0	0	0.16078	0.070588	0.23529	0	0	0	0	0	0	0	0	0	0	0	0	0	0	0	0	0	0	0	
0	0	0	0	0	0	0	0.10588	0.12549	0	0.23529	0	0	0	0	0	0	0	0	0	0	0	0	0	0	0	0	0	0	0	
0	0	0	0	0	0	0.0039216	0.22745	0	0	0.23529	0	0	0	0	0	0	0	0	0	0	0	0	0	0	0	0	0	0	0	
0	0	0	0	0	0	0.22353	0.0078431	0	0	0.23529	0	0	0	0	0	0	0	0	0	0	0	0	0	0	0	0	0	0	0	
0	0	0	0	0	0.17255	0.058824	0	0	0	0.23529	0	0	0	0	0	0	0	0	0	0	0	0	0	0	0	0	0	0	0	
0	0	0	0	0.17255	0.058824	0	0	0	0	0.21961	0.011765	0	0	0	0	0	0	0	0	0	0	0	0	0	0	0	0	0	0	
0	0	0	0.058824	0.17255	0	0	0	0	0	0.16863	0.062745	0	0	0	0	0	0	0	0	0	0	0	0	0	0	0	0	0	0	
0	0	0.054902	0.17647	0	0	0	0	0	0	0	0.23529	0	0	0	0	0	0	0	0	0	0	0	0	0	0	0	0	0	0	
0	0	0.22353	0.0078431	0	0	0	0	0	0	0	0.23529	0	0	0	0	0	0	0	0	0	0	0	0	0	0	0	0	0	0	
0	0.15294	0.078431	0	0	0	0	0	0	0	0	0.23529	0	0	0	0	0	0	0	0	0	0	0	0	0	0	0	0	0	0	
0.011765	0.21961	0	0	0	0	0	0	0	0	0	0.23529	0	0	0	0	0	0	0	0	0	0	0	0	0	0	0	0	0	0	
0.05098	0.19216	0.23529	0.23529	0.23529	0.23529	0.23529	0.23529	0.23529	0.23529	0.23529	0.12157	0	0	0	0	0	0	0	0	0	0	0	0	0	0	0	0	0	0	
0	0	0	0	0	0	0	0	0	0	0	0	0	0	0	0	0	0	0	0	0	0	0	0	0	0	0	0	0	0	
0	0	0	0.14902	0	0	0	0	0	0	0	0	0	0	0	0	0	0	0	0	0	0	0	0	0	0	0	0	0	0	
0	0	0	0.23137	0	0	0	0	0	0	0	0	0	0	0	0	0	0	0	0	0	0	0	0	0	0	0	0	0	0	
0	0	0	0.23529	0	0	0	0	0	0	0	0	0	0	0	0	0	0	0	0	0	0	0	0	0	0	0	0	0	0	
0	0	0.14118	0.090196	0	0	0	0	0	0	0	0	0	0	0	0	0	0	0	0	0	0	0	0	0	0	0	0	0	0	
0	0	0.21176	0.019608	0	0	0	0	0	0	0	0	0	0	0	0	0	0	0	0	0	0	0	0	0	0	0	0	0	0	
0	0	0.23529	0	0	0	0	0	0	0	0	0	0	0	0	0	0	0	0	0	0	0	0	0	0	0	0	0	0	0	
0	0	0.23529	0	0	0	0	0	0	0	0	0	0	0	0	0	0	0	0	0	0	0	0	0	0	0	0	0	0	0	
0	0.10196	0.12941	0	0	0	0	0	0	0	0	0	0	0	0	0	0	0	0	0	0	0	0	0	0	0	0	0	0	0	
0	0.23529	0	0	0	0	0	0	0	0	0	0	0	0	0	0	0	0	0	0	0	0	0	0	0	0	0	0	0	0	
0	0.23529	0	0	0	0	0	0	0	0	0	0	0	0	0	0	0	0	0	0	0	0	0	0	0	0	0	0	0	0	
0.011765	0.21961	0	0	0	0	0	0	0	0	0	0	0	0	0	0	0	0	0	0	0	0	0	0	0	0	0	0	0	0	
0.070588	0.16078	0	0	0	0	0	0	0	0	0	0	0	0	0	0	0	0	0	0	0	0	0	0	0	0	0	0	0	0	
0.23529	0	0	0	0	0	0	0	0	0	0	0	0	0	0	0	0	0	0	0	0	0	0	0	0	0	0	0	0	0	
0.23529	0	0	0	0	0	0	0	0	0	0	0	0	0	0	0	0	0	0	0	0	0	0	0	0	0	0	0	0	0	
0.023529	0.039216	0	0	0	0	0	0	0	0	0	0	0	0	0	0	0	0	0	0	0	0	0	0	0	0	0	0	0	0	

1
1
30		30
2
177	634
177	582
221	636
1
179	636
42
177	634
179	632
182	627
186	621
191	615
196	608
202	602
206	597
209	591
213	587
215	585
217	583
218	582
218	587
218	593
218	600
218	607
220	612
221	617
221	620
221	623
221	626
221	627
221	629
221	630
221	632
221	635
220	636
217	636
212	636
208	636
205	636
200	636
196	636
193	636
188	636
187	636
185	636
184	636
182	636
181	636
179	636

	190	644
177	644
190	702
1
178	702
19
190	644
190	648
187	655
186	660
184	666
183	672
181	678
180	683
180	686
178	689
178	690
178	692
177	693
177	695
177	696
177	698
177	699
177	701
178	702



7
3
30	30
0	0	0	0	0	0	0.05098	0.070588	0	0	0	0	0	0	0	0	0	0	0	0	0	0	0	0	0	0	0	0	0	0	
0	0	0	0	0	0	0.17255	0.17255	0	0	0	0	0	0	0	0	0	0	0	0	0	0	0	0	0	0	0	0	0	0	
0	0	0	0	0	0	0.17255	0.17255	0	0	0	0	0	0	0	0	0	0	0	0	0	0	0	0	0	0	0	0	0	0	
0	0	0	0	0	0.0078431	0.16078	0.07451	0.094118	0	0	0	0	0	0	0	0	0	0	0	0	0	0	0	0	0	0	0	0	0	
0	0	0	0	0	0.1098	0.062745	0	0.17255	0	0	0	0	0	0	0	0	0	0	0	0	0	0	0	0	0	0	0	0	0	
0	0	0	0	0.043137	0.12549	0	0	0.17255	0	0	0	0	0	0	0	0	0	0	0	0	0	0	0	0	0	0	0	0	0	
0	0	0	0.035294	0.13333	0	0	0	0.17255	0	0	0	0	0	0	0	0	0	0	0	0	0	0	0	0	0	0	0	0	0	
0	0	0	0.17255	0	0	0	0	0.17255	0	0	0	0	0	0	0	0	0	0	0	0	0	0	0	0	0	0	0	0	0	
0	0	0.13725	0.031373	0	0	0	0	0.13725	0.035294	0	0	0	0	0	0	0	0	0	0	0	0	0	0	0	0	0	0	0	0	
0	0.098039	0.07451	0	0	0	0	0	0	0.17255	0	0	0	0	0	0	0	0	0	0	0	0	0	0	0	0	0	0	0	0	
0.090196	0.082353	0	0	0	0	0	0	0	0.17255	0	0	0	0	0	0	0	0	0	0	0	0	0	0	0	0	0	0	0	0	
0.17255	0	0	0	0	0	0	0	0	0.07451	0.094118	0	0	0	0	0	0	0	0	0	0	0	0	0	0	0	0	0	0	0	
0.12941	0.18039	0.18039	0.21569	0.18039	0.18039	0.18039	0.18039	0.18039	0.18039	0.16078	0	0	0	0	0	0	0	0	0	0	0	0	0	0	0	0	0	0	0	
0	0	0	0.17255	0	0	0	0	0	0	0	0	0	0	0	0	0	0	0	0	0	0	0	0	0	0	0	0	0	0	
0	0	0	0.17255	0	0	0	0	0	0	0	0	0	0	0	0	0	0	0	0	0	0	0	0	0	0	0	0	0	0	
0	0	0	0.17255	0	0	0	0	0	0	0	0	0	0	0	0	0	0	0	0	0	0	0	0	0	0	0	0	0	0	
0	0	0	0.17255	0	0	0	0	0	0	0	0	0	0	0	0	0	0	0	0	0	0	0	0	0	0	0	0	0	0	
0	0	0	0.17255	0	0	0	0	0	0	0	0	0	0	0	0	0	0	0	0	0	0	0	0	0	0	0	0	0	0	
0	0	0	0.17255	0	0	0	0	0	0	0	0	0	0	0	0	0	0	0	0	0	0	0	0	0	0	0	0	0	0	
0	0	0.11765	0.054902	0	0	0	0	0	0	0	0	0	0	0	0	0	0	0	0	0	0	0	0	0	0	0	0	0	0	
0	0	0.17255	0	0	0	0	0	0	0	0	0	0	0	0	0	0	0	0	0	0	0	0	0	0	0	0	0	0	0	
0	0	0.17255	0	0	0	0	0	0	0	0	0	0	0	0	0	0	0	0	0	0	0	0	0	0	0	0	0	0	0	
0	0	0.17255	0	0	0	0	0	0	0	0	0	0	0	0	0	0	0	0	0	0	0	0	0	0	0	0	0	0	0	
0	0.11373	0.058824	0	0	0	0	0	0	0	0	0	0	0	0	0	0	0	0	0	0	0	0	0	0	0	0	0	0	0	
0	0.17255	0	0	0	0	0	0	0	0	0	0	0	0	0	0	0	0	0	0	0	0	0	0	0	0	0	0	0	0	
0	0.17255	0	0	0	0	0	0	0	0	0	0	0	0	0	0	0	0	0	0	0	0	0	0	0	0	0	0	0	0	
0.035294	0.13725	0	0	0	0	0	0	0	0	0	0	0	0	0	0	0	0	0	0	0	0	0	0	0	0	0	0	0	0	
0.16863	0	0	0	0	0	0	0	0	0	0	0	0	0	0	0	0	0	0	0	0	0	0	0	0	0	0	0	0	0	
0.17255	0	0	0	0	0	0	0	0	0	0	0	0	0	0	0	0	0	0	0	0	0	0	0	0	0	0	0	0	0	
0.078431	0	0	0	0	0	0	0	0	0	0	0	0	0	0	0	0	0	0	0	0	0	0	0	0	0	0	0	0	0	

1
1
30		30
2
166	281
165	217
221	283
1
166	282
43
166	281
165	279
165	274
169	269
175	263
180	257
186	249
191	244
196	238
198	231
200	227
200	223
200	220
201	218
202	217
203	220
203	222
205	226
206	230
208	233
208	237
209	242
211	246
212	252
212	258
214	263
215	269
218	274
220	278
221	281
221	282
218	283
214	283
209	283
203	283
199	283
192	282
187	282
180	282
175	282
170	282
167	282
166	282

	181	284
165	284
181	374
1
165	374
20
181	284
181	285
181	290
181	293
181	299
181	303
181	309
181	315
178	321
177	327
175	332
174	339
172	345
171	351
168	359
166	364
166	368
165	371
165	372
165	374



7
3
30	30
0	0	0	0	0	0	0	0	0	0	0	0	0	0	0	0.10196	0.15686	0.094118	0	0	0	0	0	0	0	0	0	0	0	0	
0	0	0	0	0	0	0	0	0	0	0	0	0	0	0	0.15294	0	0.062745	0.15686	0.14902	0.019608	0	0	0	0	0	0	0	0	0	
0.066667	0.14118	0.14118	0.14118	0.14118	0.14118	0.14118	0.14118	0.12549	0	0	0	0	0	0	0.17255	0	0	0	0.0039216	0.13333	0.15686	0.12549	0	0	0	0	0	0	0	
0.0039216	0.015686	0.015686	0.015686	0.015686	0.015686	0.015686	0.015686	0.027451	0.15686	0.15686	0.15686	0.043137	0	0	0.17255	0	0	0	0	0	0	0.027451	0.15686	0.15686	0.090196	0	0	0	0	
0	0	0	0	0	0	0	0	0	0	0	0	0.11373	0.15686	0.15686	0.28235	0	0	0	0	0	0	0	0	0	0.066667	0.15686	0.15686	0.16078	0.14118	
0	0	0	0	0	0	0	0	0	0	0	0	0	0	0	0.17255	0	0	0	0	0	0	0	0	0	0	0.12157	0.15686	0.15294	0.0078431	
0	0	0	0	0	0	0	0	0	0	0	0	0	0	0	0.17255	0	0	0	0	0	0	0.027451	0.15686	0.15686	0.15686	0.035294	0	0	0	
0	0	0	0	0	0	0	0	0	0	0	0	0	0	0.035294	0.13333	0	0	0	0	0.086275	0.15686	0.12549	0	0	0	0	0	0	0	
0	0	0	0	0	0	0	0	0	0	0	0	0	0	0.17255	0	0.0078431	0.12549	0.15686	0.15686	0.066667	0	0	0	0	0	0	0	0	0	
0	0	0	0	0	0	0	0	0	0	0	0	0	0	0.090196	0.15686	0.14902	0.027451	0	0	0	0	0	0	0	0	0	0	0	0	
0	0	0	0	0	0	0	0	0	0	0	0	0	0	0	0	0	0	0	0	0	0	0	0	0	0	0	0	0	0	
0	0	0	0	0	0	0	0	0	0	0	0	0	0	0	0	0	0	0	0	0	0	0	0	0	0	0	0	0	0	
0	0	0	0	0	0	0	0	0	0	0	0	0	0	0	0	0	0	0	0	0	0	0	0	0	0	0	0	0	0	
0	0	0	0	0	0	0	0	0	0	0	0	0	0	0	0	0	0	0	0	0	0	0	0	0	0	0	0	0	0	
0	0	0	0	0	0	0	0	0	0	0	0	0	0	0	0	0	0	0	0	0	0	0	0	0	0	0	0	0	0	
0	0	0	0	0	0	0	0	0	0	0	0	0	0	0	0	0	0	0	0	0	0	0	0	0	0	0	0	0	0	
0	0	0	0	0	0	0	0	0	0	0	0	0	0	0	0	0	0	0	0	0	0	0	0	0	0	0	0	0	0	
0	0	0	0	0	0	0	0	0	0	0	0	0	0	0	0	0	0	0	0	0	0	0	0	0	0	0	0	0	0	
0	0	0	0	0	0	0	0	0	0	0	0	0	0	0	0	0	0	0	0	0	0	0	0	0	0	0	0	0	0	
0	0	0	0	0	0	0	0	0	0	0	0	0	0	0	0	0	0	0	0	0	0	0	0	0	0	0	0	0	0	
0	0	0	0	0	0	0	0	0	0	0	0	0	0	0	0	0	0	0	0	0	0	0	0	0	0	0	0	0	0	
0	0	0	0	0	0	0	0	0	0	0	0	0	0	0	0	0	0	0	0	0	0	0	0	0	0	0	0	0	0	
0	0	0	0	0	0	0	0	0	0	0	0	0	0	0	0	0	0	0	0	0	0	0	0	0	0	0	0	0	0	
0	0	0	0	0	0	0	0	0	0	0	0	0	0	0	0	0	0	0	0	0	0	0	0	0	0	0	0	0	0	
0	0	0	0	0	0	0	0	0	0	0	0	0	0	0	0	0	0	0	0	0	0	0	0	0	0	0	0	0	0	
0	0	0	0	0	0	0	0	0	0	0	0	0	0	0	0	0	0	0	0	0	0	0	0	0	0	0	0	0	0	
0	0	0	0	0	0	0	0	0	0	0	0	0	0	0	0	0	0	0	0	0	0	0	0	0	0	0	0	0	0	
0	0	0	0	0	0	0	0	0	0	0	0	0	0	0	0	0	0	0	0	0	0	0	0	0	0	0	0	0	0	
0	0	0	0	0	0	0	0	0	0	0	0	0	0	0	0	0	0	0	0	0	0	0	0	0	0	0	0	0	0	
0	0	0	0	0	0	0	0	0	0	0	0	0	0	0	0	0	0	0	0	0	0	0	0	0	0	0	0	0	0	

1
1
30		30
2
635	113
631	113
715	169
1
634	117
43
635	113
637	113
641	114
645	115
652	118
659	121
665	124
673	127
681	130
688	133
696	136
703	138
708	139
712	139
714	139
715	139
715	140
712	142
709	144
703	145
694	149
686	151
677	154
667	159
657	163
647	166
640	168
634	169
632	169
631	168
631	165
632	161
634	155
634	151
635	147
635	141
635	136
635	132
635	129
635	126
635	121
635	120
634	117

	637	139
550	128
637	139
1
550	128
28
637	139
635	139
634	139
632	138
631	138
628	138
623	138
620	137
617	135
613	134
609	133
606	131
602	131
598	129
594	128
590	128
586	128
581	128
577	128
572	128
568	128
565	128
563	128
560	128
557	128
554	128
551	128
550	128



7
3
30	30
0	0	0	0	0.070588	0	0	0	0	0	0	0	0	0	0	0	0	0	0	0	0	0	0	0	0	0	0	0	0	0	
0	0	0	0	0.094118	0.10196	0	0	0	0	0	0	0	0	0	0	0	0	0	0	0	0	0	0	0	0	0	0	0	0	
0	0	0	0	0	0.2	0	0	0	0	0	0	0	0	0	0	0	0	0	0	0	0	0	0	0	0	0	0	0	0	
0	0	0	0	0	0.2	0	0	0	0	0	0	0	0	0	0	0	0	0	0	0	0	0	0	0	0	0	0	0	0	
0	0	0	0	0	0.19608	0	0	0	0	0	0	0	0	0	0	0	0	0	0	0	0	0	0	0	0	0	0	0	0	
0	0	0	0	0	0.19608	0	0	0	0	0	0	0	0	0	0	0	0	0	0	0	0	0	0	0	0	0	0	0	0	
0	0	0	0	0	0.19608	0	0	0	0	0	0	0	0	0	0	0	0	0	0	0	0	0	0	0	0	0	0	0	0	
0	0	0	0	0	0.19608	0	0	0	0	0	0	0	0	0	0	0	0	0	0	0	0	0	0	0	0	0	0	0	0	
0	0	0	0	0	0.19608	0	0	0	0	0	0	0	0	0	0	0	0	0	0	0	0	0	0	0	0	0	0	0	0	
0	0	0	0	0	0.19608	0	0	0	0	0	0	0	0	0	0	0	0	0	0	0	0	0	0	0	0	0	0	0	0	
0	0	0	0	0	0.19608	0	0	0	0	0	0	0	0	0	0	0	0	0	0	0	0	0	0	0	0	0	0	0	0	
0	0	0	0	0	0.19608	0	0	0	0	0	0	0	0	0	0	0	0	0	0	0	0	0	0	0	0	0	0	0	0	
0	0	0	0	0	0.2	0	0	0	0	0	0	0	0	0	0	0	0	0	0	0	0	0	0	0	0	0	0	0	0	
0	0	0	0	0	0.2	0	0	0	0	0	0	0	0	0	0	0	0	0	0	0	0	0	0	0	0	0	0	0	0	
0	0	0	0	0	0.2	0	0	0	0	0	0	0	0	0	0	0	0	0	0	0	0	0	0	0	0	0	0	0	0	
0	0	0	0	0	0.2	0	0	0	0	0	0	0	0	0	0	0	0	0	0	0	0	0	0	0	0	0	0	0	0	
0	0	0	0	0	0.2	0	0	0	0	0	0	0	0	0	0	0	0	0	0	0	0	0	0	0	0	0	0	0	0	
0	0	0	0	0	0.2	0	0	0	0	0	0	0	0	0	0	0	0	0	0	0	0	0	0	0	0	0	0	0	0	
0	0	0	0	0	0.2	0	0	0	0	0	0	0	0	0	0	0	0	0	0	0	0	0	0	0	0	0	0	0	0	
0	0	0.039216	0.21176	0	0.11373	0	0	0	0.082353	0.039216	0	0	0	0	0	0	0	0	0	0	0	0	0	0	0	0	0	0	0	
0.082353	0.11373	0	0	0.21176	0.21176	0.21176	0.21176	0.21176	0.12549	0.2	0	0	0	0	0	0	0	0	0	0	0	0	0	0	0	0	0	0	0	
0	0.19608	0	0	0	0	0	0	0	0	0.2	0	0	0	0	0	0	0	0	0	0	0	0	0	0	0	0	0	0	0	
0	0.023529	0.17255	0	0	0	0	0	0	0.12941	0.066667	0	0	0	0	0	0	0	0	0	0	0	0	0	0	0	0	0	0	0	
0	0	0.2	0	0	0	0	0	0	0.2	0	0	0	0	0	0	0	0	0	0	0	0	0	0	0	0	0	0	0	0	
0	0	0.13333	0.062745	0	0	0	0	0.062745	0.13333	0	0	0	0	0	0	0	0	0	0	0	0	0	0	0	0	0	0	0	0	
0	0	0	0.2	0	0	0	0	0.2	0	0	0	0	0	0	0	0	0	0	0	0	0	0	0	0	0	0	0	0	0	
0	0	0	0.031373	0.16471	0	0	0.078431	0.11765	0	0	0	0	0	0	0	0	0	0	0	0	0	0	0	0	0	0	0	0	0	
0	0	0	0	0.043137	0.15294	0	0.2	0	0	0	0	0	0	0	0	0	0	0	0	0	0	0	0	0	0	0	0	0	0	
0	0	0	0	0	0.14118	0.19216	0.058824	0	0	0	0	0	0	0	0	0	0	0	0	0	0	0	0	0	0	0	0	0	0	
0	0	0	0	0	0	0.10196	0	0	0	0	0	0	0	0	0	0	0	0	0	0	0	0	0	0	0	0	0	0	0	

1
1
30		30
2
497	253
497	251
545	295
1
508	251
47
497	253
499	254
500	255
502	257
503	260
505	263
506	267
508	272
511	277
512	279
515	282
517	284
519	286
521	288
523	290
523	291
524	293
526	295
527	294
527	292
530	289
532	286
535	281
536	278
539	273
541	269
542	265
544	262
545	258
545	256
545	255
545	253
545	252
544	251
541	252
536	252
530	252
526	252
523	252
520	252
518	252
517	252
515	252
514	252
511	251
509	251
508	251

	519	249
516	161
523	249
1
516	161
25
519	249
520	248
520	247
520	245
520	243
520	240
520	237
520	233
520	228
520	222
521	217
523	211
523	204
523	197
523	190
523	184
523	180
522	175
520	172
519	168
519	165
518	164
517	163
517	162
516	161



7
3
30	30
0	0	0	0	0	0	0	0	0	0	0	0	0.078431	0.19216	0	0	0	0	0	0	0	0	0	0	0	0	0	0	0	0	
0	0	0	0	0	0	0	0	0	0.011765	0.10196	0.16078	0.078431	0.16471	0	0	0	0	0	0	0	0	0	0	0	0	0	0	0	0	
0	0	0	0	0	0	0.062745	0.16078	0.16078	0.1451	0.058824	0	0.0078431	0.15294	0	0	0	0	0	0	0	0	0	0	0	0	0	0	0	0	
0.070588	0.16078	0.16078	0.16078	0.16078	0.16078	0.094118	0	0	0	0	0	0.15686	0.0039216	0	0	0	0	0	0	0	0	0	0	0	0	0	0	0	0	
0.090196	0.12157	0	0	0	0	0	0	0	0	0	0	0.16471	0	0	0	0	0	0	0	0	0	0	0	0	0	0	0	0	0	
0	0.035294	0.15294	0	0	0	0	0	0	0	0	0	0.16471	0	0	0	0	0	0	0	0	0	0	0	0	0	0	0	0	0	
0	0	0.0039216	0.16078	0.047059	0	0	0	0	0	0	0.023529	0.13725	0.12941	0.16078	0.16078	0.16078	0.16078	0.16078	0.16078	0.16078	0.16078	0.16078	0.16078	0.16078	0.16078	0.16078	0.16078	0.11765	0.011765	
0	0	0	0	0.1098	0.10588	0	0	0	0	0	0.15294	0.0078431	0	0	0	0	0	0	0	0	0	0	0	0	0	0	0	0.039216	0.066667	
0	0	0	0	0	0.054902	0.13333	0	0	0	0	0.16471	0	0	0	0	0	0	0	0	0	0	0	0	0	0	0	0	0	0	
0	0	0	0	0	0	0.023529	0.16078	0.027451	0	0	0.16471	0	0	0	0	0	0	0	0	0	0	0	0	0	0	0	0	0	0	
0	0	0	0	0	0	0	0	0.12941	0.15686	0.05098	0.16471	0	0	0	0	0	0	0	0	0	0	0	0	0	0	0	0	0	0	
0	0	0	0	0	0	0	0	0	0	0.1098	0.1451	0	0	0	0	0	0	0	0	0	0	0	0	0	0	0	0	0	0	
0	0	0	0	0	0	0	0	0	0	0	0	0	0	0	0	0	0	0	0	0	0	0	0	0	0	0	0	0	0	
0	0	0	0	0	0	0	0	0	0	0	0	0	0	0	0	0	0	0	0	0	0	0	0	0	0	0	0	0	0	
0	0	0	0	0	0	0	0	0	0	0	0	0	0	0	0	0	0	0	0	0	0	0	0	0	0	0	0	0	0	
0	0	0	0	0	0	0	0	0	0	0	0	0	0	0	0	0	0	0	0	0	0	0	0	0	0	0	0	0	0	
0	0	0	0	0	0	0	0	0	0	0	0	0	0	0	0	0	0	0	0	0	0	0	0	0	0	0	0	0	0	
0	0	0	0	0	0	0	0	0	0	0	0	0	0	0	0	0	0	0	0	0	0	0	0	0	0	0	0	0	0	
0	0	0	0	0	0	0	0	0	0	0	0	0	0	0	0	0	0	0	0	0	0	0	0	0	0	0	0	0	0	
0	0	0	0	0	0	0	0	0	0	0	0	0	0	0	0	0	0	0	0	0	0	0	0	0	0	0	0	0	0	
0	0	0	0	0	0	0	0	0	0	0	0	0	0	0	0	0	0	0	0	0	0	0	0	0	0	0	0	0	0	
0	0	0	0	0	0	0	0	0	0	0	0	0	0	0	0	0	0	0	0	0	0	0	0	0	0	0	0	0	0	
0	0	0	0	0	0	0	0	0	0	0	0	0	0	0	0	0	0	0	0	0	0	0	0	0	0	0	0	0	0	
0	0	0	0	0	0	0	0	0	0	0	0	0	0	0	0	0	0	0	0	0	0	0	0	0	0	0	0	0	0	
0	0	0	0	0	0	0	0	0	0	0	0	0	0	0	0	0	0	0	0	0	0	0	0	0	0	0	0	0	0	
0	0	0	0	0	0	0	0	0	0	0	0	0	0	0	0	0	0	0	0	0	0	0	0	0	0	0	0	0	0	
0	0	0	0	0	0	0	0	0	0	0	0	0	0	0	0	0	0	0	0	0	0	0	0	0	0	0	0	0	0	
0	0	0	0	0	0	0	0	0	0	0	0	0	0	0	0	0	0	0	0	0	0	0	0	0	0	0	0	0	0	
0	0	0	0	0	0	0	0	0	0	0	0	0	0	0	0	0	0	0	0	0	0	0	0	0	0	0	0	0	0	
0	0	0	0	0	0	0	0	0	0	0	0	0	0	0	0	0	0	0	0	0	0	0	0	0	0	0	0	0	0	

1
1
30		30
2
288	89
207	89
288	156
1
283	91
56
288	89
286	89
282	90
280	91
277	94
275	96
272	96
271	97
269	97
267	98
262	99
257	100
250	102
242	105
233	106
224	108
217	109
211	109
208	109
207	110
208	111
211	115
215	117
219	120
223	124
228	127
233	132
239	136
245	141
250	145
254	148
257	149
261	151
263	152
264	153
265	153
267	154
268	154
270	156
271	156
273	156
274	154
274	151
274	148
274	144
274	139
275	133
277	127
278	120
280	114
281	108
283	103
283	99
283	96
283	93
283	91

	284	126
284	126
382	129
1
382	129
16
284	126
286	126
290	126
297	126
307	126
318	126
330	126
342	126
352	126
362	126
369	127
373	127
378	129
379	129
381	129
382	129



7
3
30	30
0	0	0	0	0	0	0	0	0	0	0	0	0	0	0	0	0	0	0	0	0	0.07451	0.12157	0	0	0	0	0	0	0	
0	0	0	0	0	0	0	0	0	0	0	0	0	0	0	0	0	0	0	0.054902	0.28235	0.20784	0.16078	0.2	0	0	0	0	0	0	
0	0	0	0	0	0	0	0	0	0	0	0	0	0	0	0	0.035294	0.24314	0.28235	0.22745	0	0	0	0.27843	0	0	0	0	0	0	
0	0	0	0	0	0	0	0	0	0	0	0	0	0	0.14118	0.28235	0.24706	0.039216	0	0	0	0	0	0.20392	0.070588	0	0	0	0	0	
0	0	0	0	0	0	0	0	0	0	0	0.039216	0.24706	0.28235	0.14118	0	0	0	0	0	0	0	0	0.015686	0.25882	0	0	0	0	0	
0	0	0	0	0	0	0	0	0.019608	0.28235	0.28235	0.24314	0.035294	0	0	0	0	0	0	0	0	0	0	0	0.27451	0	0	0	0	0	
0	0	0	0.011765	0.14118	0.16078	0.28235	0.28235	0.26275	0	0	0	0	0	0	0	0	0	0	0	0	0	0	0	0.23529	0.039216	0	0	0	0	
0	0	0	0.25098	0.14118	0.12157	0	0	0	0	0	0	0	0	0	0	0	0	0	0	0	0	0	0	0.18039	0.094118	0	0	0	0	
0.043137	0.28235	0.10196	0	0	0	0	0	0	0	0	0	0	0	0	0	0	0	0	0	0	0	0	0	0.05098	0.22353	0	0	0	0	
0	0	0.17647	0.28235	0.28235	0.0039216	0	0	0	0	0	0	0	0	0	0	0	0	0	0	0	0	0	0	0	0.27843	0	0	0	0	
0	0	0	0	0	0.27843	0.23922	0.14118	0.14118	0.14118	0.12157	0	0	0	0	0.11765	0	0	0	0	0	0	0	0	0	0.24706	0.027451	0	0	0	
0	0	0	0	0	0	0.043137	0.14118	0.14118	0.14118	0.15686	0.28235	0.28235	0.28235	0.28235	0.48235	0.28235	0.16078	0	0	0	0	0	0	0	0.027451	0.24706	0	0	0	
0	0	0	0	0	0	0	0	0	0	0	0	0	0	0	0.27843	0	0.12157	0.28235	0.28235	0.28235	0.20784	0.043137	0	0	0	0.1451	0.21176	0	0	
0	0	0	0	0	0	0	0	0	0	0	0	0	0	0	0.27843	0	0	0	0	0	0.07451	0.23922	0.28235	0.28235	0.28235	0.28235	0.48235	0.043137	0	
0	0	0	0	0	0	0	0	0	0	0	0	0	0	0	0.27843	0	0	0	0	0	0	0	0	0	0	0	0	0	0	
0	0	0	0	0	0	0	0	0	0	0	0	0	0	0.20392	0.070588	0	0	0	0	0	0	0	0	0	0	0	0	0	0	
0	0	0	0	0	0	0	0	0	0	0	0	0	0	0.27843	0	0	0	0	0	0	0	0	0	0	0	0	0	0	0	
0	0	0	0	0	0	0	0	0	0	0	0	0	0	0.27843	0	0	0	0	0	0	0	0	0	0	0	0	0	0	0	
0	0	0	0	0	0	0	0	0	0	0	0	0	0.14902	0.12549	0	0	0	0	0	0	0	0	0	0	0	0	0	0	0	
0	0	0	0	0	0	0	0	0	0	0	0	0	0.27843	0	0	0	0	0	0	0	0	0	0	0	0	0	0	0	0	
0	0	0	0	0	0	0	0	0	0	0	0	0.12157	0.15294	0	0	0	0	0	0	0	0	0	0	0	0	0	0	0	0	
0	0	0	0	0	0	0	0	0	0	0	0	0.25882	0.011765	0	0	0	0	0	0	0	0	0	0	0	0	0	0	0	0	
0	0	0	0	0	0	0	0	0	0	0	0.2	0.07451	0	0	0	0	0	0	0	0	0	0	0	0	0	0	0	0	0	
0	0	0	0	0	0	0	0	0	0	0	0.27843	0	0	0	0	0	0	0	0	0	0	0	0	0	0	0	0	0	0	
0	0	0	0	0	0	0	0	0	0	0.15294	0.12157	0	0	0	0	0	0	0	0	0	0	0	0	0	0	0	0	0	0	
0	0	0	0	0	0	0	0	0	0	0.27843	0	0	0	0	0	0	0	0	0	0	0	0	0	0	0	0	0	0	0	
0	0	0	0	0	0	0	0	0.0078431	0.2549	0.0078431	0	0	0	0	0	0	0	0	0	0	0	0	0	0	0	0	0	0	0	
0	0	0	0	0	0	0	0	0.24706	0.027451	0	0	0	0	0	0	0	0	0	0	0	0	0	0	0	0	0	0	0	0	
0	0	0	0	0	0	0	0.13725	0.14118	0	0	0	0	0	0	0	0	0	0	0	0	0	0	0	0	0	0	0	0	0	
0	0	0	0	0	0	0	0.027451	0.011765	0	0	0	0	0	0	0	0	0	0	0	0	0	0	0	0	0	0	0	0	0	

1
1
30		30
2
451	47
443	24
540	69
1
443	50
44
451	47
455	45
460	45
466	44
474	41
481	39
489	36
497	33
504	30
509	29
514	26
518	24
519	24
520	24
523	26
523	29
526	34
527	39
529	44
530	50
532	55
533	59
535	63
539	66
539	68
540	69
536	69
533	69
529	69
523	68
517	66
511	65
503	63
495	62
487	62
479	60
472	59
464	59
460	57
453	54
449	53
446	51
444	50
443	50

	496	58
468	58
497	122
1
468	122
17
496	58
497	62
496	66
495	71
493	75
492	82
489	87
486	94
481	101
480	105
477	110
475	112
474	113
472	115
470	118
468	120
468	122



7
3
30	30
0	0	0	0	0	0	0	0	0	0	0	0	0	0	0	0	0	0	0	0	0	0	0.078431	0	0	0	0	0	0	0	
0	0	0	0	0	0	0	0	0	0	0	0	0	0	0	0	0	0	0	0	0	0	0.054902	0.17255	0	0	0	0	0	0	
0	0	0	0	0	0	0	0	0	0	0	0	0	0	0	0	0	0	0	0	0	0.18431	0	0.22745	0	0	0	0	0	0	
0	0	0	0	0	0	0	0	0	0	0	0	0	0	0	0	0	0	0	0	0	0.086275	0.14118	0.22745	0	0	0	0	0	0	
0	0	0	0	0	0	0	0	0	0	0	0	0	0	0	0	0	0	0	0	0	0.043137	0.22353	0.22745	0	0	0	0	0	0	
0	0	0	0	0	0	0	0	0	0	0	0	0	0	0	0	0	0	0	0	0	0	0.05098	0.19608	0.21961	0	0	0	0	0	
0	0	0	0	0	0	0	0	0	0	0	0	0	0	0	0	0	0	0	0	0	0	0	0.18039	0.32549	0	0	0	0	0	
0	0	0	0	0	0	0	0	0	0	0	0	0	0	0	0	0	0	0	0	0	0	0	0	0.29804	0.15686	0	0	0	0	
0.066667	0.21569	0.21569	0.21569	0.21569	0.21569	0.21569	0.21569	0.21569	0.21569	0.21569	0.21569	0.21569	0.21569	0.21569	0.21569	0.21569	0.21569	0.21569	0.21569	0.21569	0.21569	0.21569	0.16863	0.22745	0.058824	0.21569	0.10588	0	0	
0	0	0	0	0	0	0	0	0	0	0	0	0	0	0	0	0	0	0	0	0	0	0	0	0.22745	0	0	0.1098	0.21569	0.047059	
0	0	0	0	0	0	0	0	0	0	0	0	0	0	0	0	0	0	0	0	0	0	0	0	0.22745	0	0	0	0.039216	0.18824	
0	0	0	0	0	0	0	0	0	0	0	0	0	0	0	0	0	0	0	0	0	0	0	0	0.22745	0	0	0.011765	0.2549	0.011765	
0	0	0	0	0	0	0	0	0	0	0	0	0	0	0	0	0	0	0	0	0	0	0	0	0.22745	0	0.062745	0.20392	0.0078431	0	
0	0	0	0	0	0	0	0	0	0	0	0	0	0	0	0	0	0	0	0	0	0	0	0	0.22745	0.17255	0.14902	0	0	0	
0	0	0	0	0	0	0	0	0	0	0	0	0	0	0	0	0	0	0	0	0	0	0	0	0.41961	0.043137	0	0	0	0	
0	0	0	0	0	0	0	0	0	0	0	0	0	0	0	0	0	0	0	0	0	0	0	0	0.10588	0	0	0	0	0	
0	0	0	0	0	0	0	0	0	0	0	0	0	0	0	0	0	0	0	0	0	0	0	0	0	0	0	0	0	0	
0	0	0	0	0	0	0	0	0	0	0	0	0	0	0	0	0	0	0	0	0	0	0	0	0	0	0	0	0	0	
0	0	0	0	0	0	0	0	0	0	0	0	0	0	0	0	0	0	0	0	0	0	0	0	0	0	0	0	0	0	
0	0	0	0	0	0	0	0	0	0	0	0	0	0	0	0	0	0	0	0	0	0	0	0	0	0	0	0	0	0	
0	0	0	0	0	0	0	0	0	0	0	0	0	0	0	0	0	0	0	0	0	0	0	0	0	0	0	0	0	0	
0	0	0	0	0	0	0	0	0	0	0	0	0	0	0	0	0	0	0	0	0	0	0	0	0	0	0	0	0	0	
0	0	0	0	0	0	0	0	0	0	0	0	0	0	0	0	0	0	0	0	0	0	0	0	0	0	0	0	0	0	
0	0	0	0	0	0	0	0	0	0	0	0	0	0	0	0	0	0	0	0	0	0	0	0	0	0	0	0	0	0	
0	0	0	0	0	0	0	0	0	0	0	0	0	0	0	0	0	0	0	0	0	0	0	0	0	0	0	0	0	0	
0	0	0	0	0	0	0	0	0	0	0	0	0	0	0	0	0	0	0	0	0	0	0	0	0	0	0	0	0	0	
0	0	0	0	0	0	0	0	0	0	0	0	0	0	0	0	0	0	0	0	0	0	0	0	0	0	0	0	0	0	
0	0	0	0	0	0	0	0	0	0	0	0	0	0	0	0	0	0	0	0	0	0	0	0	0	0	0	0	0	0	
0	0	0	0	0	0	0	0	0	0	0	0	0	0	0	0	0	0	0	0	0	0	0	0	0	0	0	0	0	0	
0	0	0	0	0	0	0	0	0	0	0	0	0	0	0	0	0	0	0	0	0	0	0	0	0	0	0	0	0	0	

1
1
30		30
2
742	232
742	225
776	291
1
747	225
45
742	232
745	236
746	243
751	247
753	252
756	253
758	255
761	258
765	261
768	262
772	265
774	265
775	266
776	267
776	269
776	270
774	274
771	276
768	279
764	282
762	284
760	285
758	286
756	288
755	291
754	290
754	288
754	285
754	282
754	277
754	273
754	268
754	264
754	259
754	255
754	249
754	245
753	240
753	237
751	233
750	230
750	228
749	227
748	226
747	225

	752	260
653	260
752	262
1
653	262
14
752	260
748	261
742	261
735	261
727	261
718	261
709	261
698	261
688	261
678	261
669	261
662	262
656	262
653	262



7
3
30	30
0	0	0	0	0	0	0	0	0	0.070588	0	0	0	0	0	0	0	0	0	0	0	0	0	0	0	0	0	0	0	0	
0	0	0	0	0	0	0	0	0	0.2	0	0	0	0	0	0	0	0	0	0	0	0	0	0	0	0	0	0	0	0	
0	0	0	0	0	0	0	0	0	0.2	0	0	0	0	0	0	0	0	0	0	0	0	0	0	0	0	0	0	0	0	
0	0	0	0	0	0	0	0	0	0.2	0	0	0	0	0	0	0	0	0	0	0	0	0	0	0	0	0	0	0	0	
0	0	0	0	0	0	0	0	0	0.2	0	0	0	0	0	0	0	0	0	0	0	0	0	0	0	0	0	0	0	0	
0	0	0	0	0	0	0	0	0	0.2	0	0	0	0	0	0	0	0	0	0	0	0	0	0	0	0	0	0	0	0	
0	0	0	0	0	0	0	0	0.10588	0.090196	0	0	0	0	0	0	0	0	0	0	0	0	0	0	0	0	0	0	0	0	
0	0	0	0	0	0	0	0	0.2	0	0	0	0	0	0	0	0	0	0	0	0	0	0	0	0	0	0	0	0	0	
0	0	0	0	0	0	0	0	0.2	0	0	0	0	0	0	0	0	0	0	0	0	0	0	0	0	0	0	0	0	0	
0	0	0	0	0	0	0	0	0.2	0	0	0	0	0	0	0	0	0	0	0	0	0	0	0	0	0	0	0	0	0	
0	0	0	0	0	0	0	0	0.2	0	0	0	0	0	0	0	0	0	0	0	0	0	0	0	0	0	0	0	0	0	
0	0	0	0	0	0	0	0	0.2	0	0	0	0	0	0	0	0	0	0	0	0	0	0	0	0	0	0	0	0	0	
0	0	0	0	0	0	0	0	0.2	0	0	0	0	0	0	0	0	0	0	0	0	0	0	0	0	0	0	0	0	0	
0	0	0	0	0	0	0	0	0.2	0	0	0	0	0	0	0	0	0	0	0	0	0	0	0	0	0	0	0	0	0	
0	0	0	0	0	0	0	0	0.2	0	0	0	0	0	0	0	0	0	0	0	0	0	0	0	0	0	0	0	0	0	
0	0	0	0	0	0	0	0	0.2	0	0	0	0	0	0	0	0	0	0	0	0	0	0	0	0	0	0	0	0	0	
0	0	0	0	0	0	0	0	0.2	0	0	0	0	0	0	0	0	0	0	0	0	0	0	0	0	0	0	0	0	0	
0	0	0	0	0	0	0	0.023529	0.17647	0	0	0	0	0	0	0	0	0	0	0	0	0	0	0	0	0	0	0	0	0	
0	0	0	0	0	0	0	0.066667	0.13333	0	0	0	0	0	0	0	0	0	0	0	0	0	0	0	0	0	0	0	0	0	
0	0	0	0	0	0	0	0	0	0	0	0	0	0	0	0	0	0	0	0	0	0	0	0	0	0	0	0	0	0	
0.082353	0.21569	0.21569	0.21569	0.21569	0.21569	0.21569	0.21569	0.21569	0.21569	0.21569	0.21569	0.21961	0.13725	0	0	0	0	0	0	0	0	0	0	0	0	0	0	0	0	
0	0	0	0	0	0	0	0	0	0	0	0	0.05098	0.14902	0	0	0	0	0	0	0	0	0	0	0	0	0	0	0	0	
0	0.035294	0.21569	0.1451	0	0	0	0	0	0	0	0	0.2	0	0	0	0	0	0	0	0	0	0	0	0	0	0	0	0	0	
0	0	0	0.066667	0.21569	0.023529	0	0	0	0	0	0.011765	0.18431	0	0	0	0	0	0	0	0	0	0	0	0	0	0	0	0	0	
0	0	0	0	0	0.18431	0.011765	0	0	0	0	0.2	0	0	0	0	0	0	0	0	0	0	0	0	0	0	0	0	0	0	
0	0	0	0	0	0.0039216	0.18824	0.0078431	0	0	0.011765	0.18824	0	0	0	0	0	0	0	0	0	0	0	0	0	0	0	0	0	0	
0	0	0	0	0	0	0.0078431	0.18824	0	0	0.043137	0.15294	0	0	0	0	0	0	0	0	0	0	0	0	0	0	0	0	0	0	
0	0	0	0	0	0	0	0.015686	0.18431	0.0078431	0.19216	0	0	0	0	0	0	0	0	0	0	0	0	0	0	0	0	0	0	0	
0	0	0	0	0	0	0	0	0.11373	0.25098	0.039216	0	0	0	0	0	0	0	0	0	0	0	0	0	0	0	0	0	0	0	
0	0	0	0	0	0	0	0	0	0.14118	0	0	0	0	0	0	0	0	0	0	0	0	0	0	0	0	0	0	0	0	

1
1
30		30
2
583	516
577	507
639	549
1
577	508
47
583	516
585	516
587	517
590	519
591	520
594	522
598	524
601	527
604	530
608	534
611	537
614	540
616	544
617	545
619	547
620	549
621	549
623	544
628	538
629	532
631	528
634	523
635	520
637	516
638	514
638	513
638	511
639	509
638	509
637	509
634	509
629	509
625	509
622	509
617	509
613	509
609	507
605	507
602	507
598	507
595	507
590	507
584	507
583	507
580	508
578	508
577	508

	614	501
613	417
622	501
1
622	417
18
614	501
613	499
614	495
614	490
614	484
614	478
614	471
614	465
616	459
617	453
617	447
619	441
620	435
622	430
622	426
622	421
622	418
622	417



7
3
30	30
0	0	0	0	0	0	0.090196	0.16078	0.17255	0.066667	0	0	0	0	0	0	0	0	0	0	0	0	0	0	0	0	0	0	0	0	
0.086275	0.16078	0.16078	0.16078	0.16078	0.16078	0.066667	0	0	0.16471	0	0	0	0	0	0	0	0	0	0	0	0	0	0	0	0	0	0	0	0	
0.078431	0.086275	0	0	0	0	0	0	0.023529	0.13725	0	0	0	0	0	0	0	0	0	0	0	0	0	0	0	0	0	0	0	0	
0	0.15686	0.0039216	0	0	0	0	0	0.047059	0.11373	0	0	0	0	0	0	0	0	0	0	0	0	0	0	0	0	0	0	0	0	
0	0	0.16078	0	0	0	0	0	0.047059	0.11373	0	0	0	0	0	0	0	0	0	0	0	0	0	0	0	0	0	0	0	0	
0	0	0.047059	0.11373	0	0	0	0	0.047059	0.15294	0	0	0	0	0	0	0	0	0	0	0	0	0	0	0	0	0	0	0	0	
0	0	0	0.12549	0.035294	0	0	0	0.047059	0.16471	0.15686	0.066667	0	0	0	0	0	0	0	0	0	0	0	0	0	0	0	0	0	0	
0	0	0	0	0.16078	0	0	0	0.047059	0.11373	0.0039216	0.094118	0.16078	0.16078	0.16078	0.094118	0	0	0	0	0	0	0	0	0	0	0	0	0	0	
0	0	0	0	0.070588	0.090196	0	0	0.047059	0.11373	0	0	0	0	0	0.066667	0.16078	0.16078	0.16078	0.16078	0.16078	0.16078	0.12941	0.019608	0	0	0	0	0	0	
0	0	0	0	0	0.12157	0.039216	0	0.0078431	0.15294	0	0	0	0	0	0	0	0	0	0	0	0	0.031373	0.14118	0.16078	0.16078	0.16078	0.16078	0.16078	0.082353	
0	0	0	0	0	0	0.1451	0.039216	0	0.16471	0	0	0	0	0	0	0	0	0	0	0	0	0	0	0	0	0	0	0	0	
0	0	0	0	0	0	0	0.031373	0	0.16471	0	0	0	0	0	0	0	0	0	0	0	0	0	0	0	0	0	0	0	0	
0	0	0	0	0	0	0	0	0	0.082353	0	0	0	0	0	0	0	0	0	0	0	0	0	0	0	0	0	0	0	0	
0	0	0	0	0	0	0	0	0	0	0	0	0	0	0	0	0	0	0	0	0	0	0	0	0	0	0	0	0	0	
0	0	0	0	0	0	0	0	0	0	0	0	0	0	0	0	0	0	0	0	0	0	0	0	0	0	0	0	0	0	
0	0	0	0	0	0	0	0	0	0	0	0	0	0	0	0	0	0	0	0	0	0	0	0	0	0	0	0	0	0	
0	0	0	0	0	0	0	0	0	0	0	0	0	0	0	0	0	0	0	0	0	0	0	0	0	0	0	0	0	0	
0	0	0	0	0	0	0	0	0	0	0	0	0	0	0	0	0	0	0	0	0	0	0	0	0	0	0	0	0	0	
0	0	0	0	0	0	0	0	0	0	0	0	0	0	0	0	0	0	0	0	0	0	0	0	0	0	0	0	0	0	
0	0	0	0	0	0	0	0	0	0	0	0	0	0	0	0	0	0	0	0	0	0	0	0	0	0	0	0	0	0	
0	0	0	0	0	0	0	0	0	0	0	0	0	0	0	0	0	0	0	0	0	0	0	0	0	0	0	0	0	0	
0	0	0	0	0	0	0	0	0	0	0	0	0	0	0	0	0	0	0	0	0	0	0	0	0	0	0	0	0	0	
0	0	0	0	0	0	0	0	0	0	0	0	0	0	0	0	0	0	0	0	0	0	0	0	0	0	0	0	0	0	
0	0	0	0	0	0	0	0	0	0	0	0	0	0	0	0	0	0	0	0	0	0	0	0	0	0	0	0	0	0	
0	0	0	0	0	0	0	0	0	0	0	0	0	0	0	0	0	0	0	0	0	0	0	0	0	0	0	0	0	0	
0	0	0	0	0	0	0	0	0	0	0	0	0	0	0	0	0	0	0	0	0	0	0	0	0	0	0	0	0	0	
0	0	0	0	0	0	0	0	0	0	0	0	0	0	0	0	0	0	0	0	0	0	0	0	0	0	0	0	0	0	
0	0	0	0	0	0	0	0	0	0	0	0	0	0	0	0	0	0	0	0	0	0	0	0	0	0	0	0	0	0	
0	0	0	0	0	0	0	0	0	0	0	0	0	0	0	0	0	0	0	0	0	0	0	0	0	0	0	0	0	0	
0	0	0	0	0	0	0	0	0	0	0	0	0	0	0	0	0	0	0	0	0	0	0	0	0	0	0	0	0	0	

1
1
30		30
2
180	514
139	450
193	522
1
193	522
46
180	514
178	513
177	511
172	506
168	501
165	497
160	488
156	482
151	475
147	470
144	466
142	462
140	459
139	458
142	458
145	458
150	458
154	458
159	458
162	456
168	455
174	453
180	452
184	450
187	450
189	450
190	450
191	452
191	453
191	456
191	461
190	467
190	472
190	477
190	483
190	488
190	491
190	495
190	499
191	503
192	508
193	512
193	515
193	519
193	521
193	522

	193	482
193	482
313	506
1
313	506
18
193	482
194	483
196	485
199	487
202	489
207	490
213	492
221	494
232	496
244	498
258	499
271	501
285	504
294	504
304	505
309	505
312	505
313	506



7
3
30	30
0	0	0	0	0	0.031373	0.15294	0	0	0	0	0	0	0	0	0	0	0	0	0	0	0	0	0	0	0	0	0	0	0	
0	0	0	0	0	0.16078	0.078431	0.078431	0	0	0	0	0	0	0	0	0	0	0	0	0	0	0	0	0	0	0	0	0	0	
0	0	0	0	0	0.15686	0	0.16078	0	0	0	0	0	0	0	0	0	0	0	0	0	0	0	0	0	0	0	0	0	0	
0	0	0	0	0.13333	0.027451	0	0.13725	0.019608	0	0	0	0	0	0	0	0	0	0	0	0	0	0	0	0	0	0	0	0	0	
0	0	0	0	0.16078	0	0	0	0.15686	0	0	0	0	0	0	0	0	0	0	0	0	0	0	0	0	0	0	0	0	0	
0	0	0	0.094118	0.062745	0	0	0	0.13333	0.023529	0	0	0	0	0	0	0	0	0	0	0	0	0	0	0	0	0	0	0	0	
0	0	0	0.16078	0	0	0	0	0	0.16078	0	0	0	0	0	0	0	0	0	0	0	0	0	0	0	0	0	0	0	0	
0	0	0.098039	0.058824	0	0	0	0	0	0.11765	0.039216	0	0	0	0	0	0	0	0	0	0	0	0	0	0	0	0	0	0	0	
0	0	0.16078	0	0	0	0	0	0	0	0.15686	0	0	0	0	0	0	0	0	0	0	0	0	0	0	0	0	0	0	0	
0	0.07451	0.090196	0	0	0	0	0	0	0	0.015686	0.14118	0	0	0	0	0	0	0	0	0	0	0	0	0	0	0	0	0	0	
0	0	0	0	0	0	0	0	0	0	0	0.07451	0.082353	0	0	0	0	0	0	0	0	0	0	0	0	0	0	0	0	0	
0.066667	0	0	0	0	0	0	0	0	0	0	0	0.14902	0.0078431	0	0	0	0	0	0	0	0	0	0	0	0	0	0	0	0	
0.015686	0.17647	0.094118	0.094118	0.094118	0.094118	0.22745	0.094118	0.094118	0.094118	0.094118	0.094118	0.10196	0.16863	0	0	0	0	0	0	0	0	0	0	0	0	0	0	0	0	
0	0.015686	0.070588	0.070588	0.070588	0.070588	0.21961	0.070588	0.070588	0.070588	0.070588	0.070588	0.070588	0.023529	0	0	0	0	0	0	0	0	0	0	0	0	0	0	0	0	
0	0	0	0	0	0	0.16078	0	0	0	0	0	0	0	0	0	0	0	0	0	0	0	0	0	0	0	0	0	0	0	
0	0	0	0	0	0	0.16078	0	0	0	0	0	0	0	0	0	0	0	0	0	0	0	0	0	0	0	0	0	0	0	
0	0	0	0	0	0	0.16078	0	0	0	0	0	0	0	0	0	0	0	0	0	0	0	0	0	0	0	0	0	0	0	
0	0	0	0	0	0	0.16078	0	0	0	0	0	0	0	0	0	0	0	0	0	0	0	0	0	0	0	0	0	0	0	
0	0	0	0	0	0	0.16078	0	0	0	0	0	0	0	0	0	0	0	0	0	0	0	0	0	0	0	0	0	0	0	
0	0	0	0	0	0	0.16078	0	0	0	0	0	0	0	0	0	0	0	0	0	0	0	0	0	0	0	0	0	0	0	
0	0	0	0	0	0	0.16078	0	0	0	0	0	0	0	0	0	0	0	0	0	0	0	0	0	0	0	0	0	0	0	
0	0	0	0	0	0	0.16078	0	0	0	0	0	0	0	0	0	0	0	0	0	0	0	0	0	0	0	0	0	0	0	
0	0	0	0	0	0	0.11373	0.043137	0	0	0	0	0	0	0	0	0	0	0	0	0	0	0	0	0	0	0	0	0	0	
0	0	0	0	0	0	0.0078431	0.14902	0	0	0	0	0	0	0	0	0	0	0	0	0	0	0	0	0	0	0	0	0	0	
0	0	0	0	0	0	0	0.16078	0	0	0	0	0	0	0	0	0	0	0	0	0	0	0	0	0	0	0	0	0	0	
0	0	0	0	0	0	0	0.16078	0	0	0	0	0	0	0	0	0	0	0	0	0	0	0	0	0	0	0	0	0	0	
0	0	0	0	0	0	0	0.16078	0	0	0	0	0	0	0	0	0	0	0	0	0	0	0	0	0	0	0	0	0	0	
0	0	0	0	0	0	0	0.16078	0	0	0	0	0	0	0	0	0	0	0	0	0	0	0	0	0	0	0	0	0	0	
0	0	0	0	0	0	0	0.16078	0	0	0	0	0	0	0	0	0	0	0	0	0	0	0	0	0	0	0	0	0	0	
0	0	0	0	0	0	0	0.078431	0	0	0	0	0	0	0	0	0	0	0	0	0	0	0	0	0	0	0	0	0	0	

1
1
30		30
2
478	386
471	331
551	405
1
471	397
45
478	386
480	385
482	381
485	376
487	370
490	364
494	358
495	353
498	348
501	342
503	339
504	335
504	333
506	331
509	332
511	336
513	340
516	346
518	352
522	359
526	368
531	376
537	383
542	390
546	395
549	400
550	402
551	404
550	405
545	405
537	405
528	405
517	405
506	405
495	405
488	405
482	405
479	405
477	404
476	403
475	402
475	401
474	400
472	398
471	397

	507	400
507	400
515	503
1
515	503
20
507	400
507	403
507	406
507	410
507	416
507	424
507	430
507	437
509	445
509	451
510	458
512	466
512	473
513	481
515	488
515	494
515	497
515	500
515	502
515	503



7
3
30	30
0	0	0	0	0	0	0	0	0	0	0	0	0	0	0	0.043137	0	0	0	0	0	0	0	0	0	0	0	0	0	0	
0	0	0	0	0	0	0	0	0	0	0	0	0	0.0078431	0.25882	0.37647	0	0	0	0	0	0	0	0	0	0	0	0	0	0	
0	0	0	0	0	0	0	0	0	0	0	0	0.054902	0.26275	0.015686	0.16078	0.098039	0	0	0	0	0	0	0	0	0	0	0	0	0	
0	0	0	0	0	0	0	0	0	0	0	0.039216	0.21961	0	0	0.058824	0.2	0	0	0	0	0	0	0	0	0	0	0	0	0	
0	0	0	0	0	0	0	0	0	0	0.027451	0.23137	0	0	0	0.058824	0.2	0	0	0	0	0	0	0	0	0	0	0	0	0	
0	0	0	0	0	0	0	0	0	0.16471	0.24706	0	0	0	0	0.058824	0.2	0	0	0	0	0	0	0	0	0	0	0	0	0	
0	0	0	0	0	0	0	0	0.15294	0.1098	0	0	0	0	0	0.058824	0.2	0	0	0	0	0	0	0	0	0	0	0	0	0	
0	0	0	0	0	0	0	0.21176	0.12157	0	0	0	0	0	0	0.058824	0.2	0	0	0	0	0	0	0	0	0	0	0	0	0	
0	0	0	0	0	0	0.2	0.058824	0	0	0	0	0	0	0	0.058824	0.2	0	0	0	0	0	0	0	0	0	0	0	0	0	
0	0	0	0	0	0	0.26275	0	0	0	0	0	0	0	0	0.058824	0.2	0	0	0	0	0	0	0	0	0	0	0	0	0	
0	0	0	0	0	0	0	0	0	0	0	0	0	0	0	0.058824	0.2	0	0	0	0	0	0	0	0	0	0	0	0	0	
0	0	0	0	0	0	0	0	0	0	0	0	0	0	0	0.058824	0.2	0	0	0	0	0	0	0	0	0	0	0	0	0	
0	0	0	0.058824	0	0	0	0	0	0	0	0	0	0	0	0.058824	0.2	0	0	0	0	0	0	0	0	0	0	0	0	0	
0	0	0	0.16471	0.14902	0.1098	0.1098	0.015686	0.027451	0	0	0	0	0	0	0.058824	0.2	0	0	0	0	0	0	0	0	0	0	0	0	0	
0	0	0	0	0.12157	0.16471	0.16471	0.2549	0.46667	0.27451	0.27451	0.26275	0	0	0	0.058824	0.2	0	0	0	0	0	0	0	0	0	0	0	0	0	
0	0	0	0	0	0	0	0	0.26275	0	0	0.011765	0.27451	0.27451	0.27451	0.28235	0.16863	0	0	0	0	0	0	0	0	0	0	0	0	0	
0	0	0	0	0	0	0	0.027451	0.23529	0	0	0	0	0	0	0.027451	0	0	0	0	0	0	0	0	0	0	0	0	0	0	
0	0	0	0	0	0	0	0.21176	0.05098	0	0	0	0	0	0	0	0	0	0	0	0	0	0	0	0	0	0	0	0	0	
0	0	0	0	0	0	0.0078431	0.2549	0	0	0	0	0	0	0	0	0	0	0	0	0	0	0	0	0	0	0	0	0	0	
0	0	0	0	0	0	0.18824	0.07451	0	0	0	0	0	0	0	0	0	0	0	0	0	0	0	0	0	0	0	0	0	0	
0	0	0	0	0	0.086275	0.17647	0	0	0	0	0	0	0	0	0	0	0	0	0	0	0	0	0	0	0	0	0	0	0	
0	0	0	0	0	0.26275	0	0	0	0	0	0	0	0	0	0	0	0	0	0	0	0	0	0	0	0	0	0	0	0	
0	0	0	0	0.19216	0.070588	0	0	0	0	0	0	0	0	0	0	0	0	0	0	0	0	0	0	0	0	0	0	0	0	
0	0	0	0.18039	0.082353	0	0	0	0	0	0	0	0	0	0	0	0	0	0	0	0	0	0	0	0	0	0	0	0	0	
0	0	0.16863	0.094118	0	0	0	0	0	0	0	0	0	0	0	0	0	0	0	0	0	0	0	0	0	0	0	0	0	0	
0	0	0.26275	0	0	0	0	0	0	0	0	0	0	0	0	0	0	0	0	0	0	0	0	0	0	0	0	0	0	0	
0	0.2	0.062745	0	0	0	0	0	0	0	0	0	0	0	0	0	0	0	0	0	0	0	0	0	0	0	0	0	0	0	
0	0.26275	0	0	0	0	0	0	0	0	0	0	0	0	0	0	0	0	0	0	0	0	0	0	0	0	0	0	0	0	
0.019608	0.23922	0	0	0	0	0	0	0	0	0	0	0	0	0	0	0	0	0	0	0	0	0	0	0	0	0	0	0	0	
0.031373	0.0078431	0	0	0	0	0	0	0	0	0	0	0	0	0	0	0	0	0	0	0	0	0	0	0	0	0	0	0	0	

1
1
30		30
2
636	572
626	540
672	594
1
626	583
37
636	572
635	570
638	566
642	563
646	559
651	556
654	553
658	549
661	546
663	545
666	543
668	542
670	540
670	542
672	546
672	551
672	557
672	563
672	570
672	576
672	581
672	585
672	588
672	590
672	593
669	594
664	593
657	591
651	590
644	590
639	588
633	587
630	587
628	587
627	586
626	585
626	583

	643	587
615	587
643	641
1
615	641
18
643	587
643	591
643	594
642	598
641	602
638	606
633	613
631	616
626	621
623	624
621	629
620	630
618	632
618	635
618	636
617	638
617	639
615	641



7
3
30	30
0	0	0	0	0	0	0	0	0	0	0	0	0	0	0	0	0	0	0	0	0	0	0	0	0	0	0	0	0	0	
0	0	0	0	0.14902	0.36863	0.33725	0.26275	0	0	0	0	0	0	0	0	0	0	0	0	0	0	0	0	0	0	0	0	0	0	
0	0	0	0	0.26667	0.070588	0	0.07451	0.26275	0	0	0	0	0	0	0	0	0	0	0	0	0	0	0	0	0	0	0	0	0	
0	0	0	0.15294	0.18431	0	0	0	0.07451	0.25882	0	0	0	0	0	0	0	0	0	0	0	0	0	0	0	0	0	0	0	0	
0	0	0	0.30196	0.031373	0	0	0.19216	0	0.078431	0.25882	0	0	0	0	0	0	0	0	0	0	0	0	0	0	0	0	0	0	0	
0	0	0	0.33725	0	0	0.039216	0.29804	0	0	0.078431	0.25882	0	0	0	0	0	0	0	0	0	0	0	0	0	0	0	0	0	0	
0	0	0.047059	0.28627	0	0	0.27059	0.066667	0	0	0	0.19608	0.14118	0	0	0	0	0	0	0	0	0	0	0	0	0	0	0	0	0	
0	0	0.28627	0.047059	0	0	0.33725	0	0	0	0	0	0.33725	0	0	0	0	0	0	0	0	0	0	0	0	0	0	0	0	0	
0	0	0.33725	0	0	0	0.33725	0	0	0	0	0	0.086275	0.24706	0	0	0	0	0	0	0	0	0	0	0	0	0	0	0	0	
0	0.031373	0.30588	0	0	0	0.33725	0	0	0	0	0	0	0.1098	0.22745	0	0	0	0	0	0	0	0	0	0	0	0	0	0	0	
0	0.32941	0.0078431	0	0	0	0.33725	0	0	0	0	0	0	0	0.20392	0.12941	0	0	0	0	0	0	0	0	0	0	0	0	0	0	
0	0.33725	0	0	0	0	0.33725	0	0	0	0	0	0	0	0.023529	0.45098	0	0	0	0	0	0	0	0	0	0	0	0	0	0	
0	0.32157	0	0	0	0	0.33725	0	0	0	0	0.035294	0.043137	0.26275	0.31373	0.078431	0	0	0	0	0	0	0	0	0	0	0	0	0	0	
0	0	0.011765	0.019608	0.019608	0.019608	0.52549	0.33725	0.33725	0.33725	0.33725	0.30196	0.29412	0.07451	0	0	0	0	0	0	0	0	0	0	0	0	0	0	0	0	
0	0	0.19608	0.31765	0.31765	0.31765	0.37647	0	0	0	0	0	0	0	0	0	0	0	0	0	0	0	0	0	0	0	0	0	0	0	
0	0	0	0	0	0	0.33725	0	0	0	0	0	0	0	0	0	0	0	0	0	0	0	0	0	0	0	0	0	0	0	
0	0	0	0	0	0	0.33725	0	0	0	0	0	0	0	0	0	0	0	0	0	0	0	0	0	0	0	0	0	0	0	
0	0	0	0	0	0	0.33725	0	0	0	0	0	0	0	0	0	0	0	0	0	0	0	0	0	0	0	0	0	0	0	
0	0	0	0	0	0	0.33725	0	0	0	0	0	0	0	0	0	0	0	0	0	0	0	0	0	0	0	0	0	0	0	
0	0	0	0	0	0	0.33725	0	0	0	0	0	0	0	0	0	0	0	0	0	0	0	0	0	0	0	0	0	0	0	
0	0	0	0	0	0	0.33725	0	0	0	0	0	0	0	0	0	0	0	0	0	0	0	0	0	0	0	0	0	0	0	
0	0	0	0	0	0	0.33725	0	0	0	0	0	0	0	0	0	0	0	0	0	0	0	0	0	0	0	0	0	0	0	
0	0	0	0	0	0	0.33725	0	0	0	0	0	0	0	0	0	0	0	0	0	0	0	0	0	0	0	0	0	0	0	
0	0	0	0	0	0	0.33725	0	0	0	0	0	0	0	0	0	0	0	0	0	0	0	0	0	0	0	0	0	0	0	
0	0	0	0	0	0	0.33725	0	0	0	0	0	0	0	0	0	0	0	0	0	0	0	0	0	0	0	0	0	0	0	
0	0	0	0	0	0	0.33725	0	0	0	0	0	0	0	0	0	0	0	0	0	0	0	0	0	0	0	0	0	0	0	
0	0	0	0	0	0	0.33725	0	0	0	0	0	0	0	0	0	0	0	0	0	0	0	0	0	0	0	0	0	0	0	
0	0	0	0	0	0	0.33725	0	0	0	0	0	0	0	0	0	0	0	0	0	0	0	0	0	0	0	0	0	0	0	
0	0	0	0	0	0	0.32941	0	0	0	0	0	0	0	0	0	0	0	0	0	0	0	0	0	0	0	0	0	0	0	
0	0	0	0	0	0	0	0	0	0	0	0	0	0	0	0	0	0	0	0	0	0	0	0	0	0	0	0	0	0	

1
1
30		30
2
290	76
290	42
333	80
1
294	80
41
290	76
291	73
291	70
294	66
294	63
295	61
297	56
297	54
298	51
299	48
301	46
301	43
302	42
303	42
305	42
307	43
310	45
313	48
318	53
321	56
323	59
325	63
328	66
330	69
331	70
333	72
333	73
331	74
328	76
325	77
321	77
318	79
313	79
309	79
305	80
304	80
301	80
298	80
297	80
295	80
294	80

	308	52
305	52
308	123
1
305	123
23
308	52
308	55
306	60
305	66
305	70
305	76
305	81
305	85
305	88
305	91
305	94
305	97
305	99
305	100
305	103
305	105
305	108
305	109
305	112
305	115
305	117
305	121
305	123



7
3
30	30
0	0	0	0	0	0	0	0	0	0	0	0	0	0	0	0	0	0	0	0	0	0	0	0	0	0	0	0	0	0	
0	0	0	0	0	0	0	0	0	0	0	0	0.42745	0.078431	0	0	0	0	0	0	0	0	0	0	0	0	0	0	0	0	
0	0	0	0	0	0	0	0	0	0	0	0.011765	0.40784	0.30196	0	0	0	0	0	0	0	0	0	0	0	0	0	0	0	0	
0	0	0	0	0	0	0	0	0	0	0.023529	0.33333	0	0.36078	0	0	0	0	0	0	0	0	0	0	0	0	0	0	0	0	
0	0	0	0	0	0	0	0	0	0	0.34118	0.019608	0	0.36078	0	0	0	0	0	0	0	0	0	0	0	0	0	0	0	0	
0	0	0	0	0	0	0	0	0	0.011765	0.34902	0	0	0.36078	0	0	0	0	0	0	0	0	0	0	0	0	0	0	0	0	
0	0	0	0	0	0	0	0	0	0.30588	0.05098	0	0	0.36078	0	0	0	0	0	0	0	0	0	0	0	0	0	0	0	0	
0	0	0	0	0	0	0	0	0.31373	0.047059	0	0	0	0.32157	0.039216	0	0	0	0	0	0	0	0	0	0	0	0	0	0	0	
0	0	0	0	0	0	0.0078431	0.29804	0.05098	0	0	0	0	0.094118	0.26667	0	0	0	0	0	0	0	0	0	0	0	0	0	0	0	
0	0	0	0	0	0	0.18824	0.16863	0	0	0	0	0	0	0.36078	0	0	0	0	0	0	0	0	0	0	0	0	0	0	0	
0	0	0	0	0	0.16078	0.2	0	0	0	0	0	0	0	0.36078	0	0	0	0	0	0	0	0	0	0	0	0	0	0	0	
0	0	0	0	0.15294	0.20784	0	0	0	0	0	0	0	0	0.36078	0	0	0	0	0	0	0	0	0	0	0	0	0	0	0	
0	0	0	0	0.36078	0.0039216	0.0039216	0	0	0	0	0	0.0078431	0.21569	0.28235	0	0	0	0	0	0	0	0	0	0	0	0	0	0	0	
0	0	0	0.23922	0.11765	0.18039	0.18039	0	0	0	0.23922	0.34902	0.35686	0.14902	0	0	0	0	0	0	0	0	0	0	0	0	0	0	0	0	
0	0	0.31765	0.3098	0.18431	0.32941	0.32941	0.18431	0.36863	0.36863	0.12549	0.019608	0	0	0	0	0	0	0	0	0	0	0	0	0	0	0	0	0	0	
0	0.16078	0.28235	0.18431	0.18431	0.32941	0.32941	0.18431	0	0	0	0	0	0	0	0	0	0	0	0	0	0	0	0	0	0	0	0	0	0	
0	0.23922	0	0	0	0.18039	0.18039	0	0	0	0	0	0	0	0	0	0	0	0	0	0	0	0	0	0	0	0	0	0	0	
0	0	0	0	0	0.18039	0.18039	0	0	0	0	0	0	0	0	0	0	0	0	0	0	0	0	0	0	0	0	0	0	0	
0	0	0	0	0	0.18039	0.18039	0	0	0	0	0	0	0	0	0	0	0	0	0	0	0	0	0	0	0	0	0	0	0	
0	0	0	0	0	0.18039	0.18039	0	0	0	0	0	0	0	0	0	0	0	0	0	0	0	0	0	0	0	0	0	0	0	
0	0	0	0	0	0.18039	0.18039	0	0	0	0	0	0	0	0	0	0	0	0	0	0	0	0	0	0	0	0	0	0	0	
0	0	0	0	0	0.18039	0.18039	0	0	0	0	0	0	0	0	0	0	0	0	0	0	0	0	0	0	0	0	0	0	0	
0	0	0	0	0	0.18039	0.18039	0	0	0	0	0	0	0	0	0	0	0	0	0	0	0	0	0	0	0	0	0	0	0	
0	0	0	0	0	0.18039	0.18039	0	0	0	0	0	0	0	0	0	0	0	0	0	0	0	0	0	0	0	0	0	0	0	
0	0	0	0	0	0.18039	0.18039	0	0	0	0	0	0	0	0	0	0	0	0	0	0	0	0	0	0	0	0	0	0	0	
0	0	0	0	0	0.18039	0.18039	0	0	0	0	0	0	0	0	0	0	0	0	0	0	0	0	0	0	0	0	0	0	0	
0	0	0	0	0	0.18039	0.18039	0	0	0	0	0	0	0	0	0	0	0	0	0	0	0	0	0	0	0	0	0	0	0	
0	0	0	0	0	0.18039	0.18039	0	0	0	0	0	0	0	0	0	0	0	0	0	0	0	0	0	0	0	0	0	0	0	
0	0	0	0	0	0.29412	0.023529	0	0	0	0	0	0	0	0	0	0	0	0	0	0	0	0	0	0	0	0	0	0	0	
0	0	0	0	0	0	0	0	0	0	0	0	0	0	0	0	0	0	0	0	0	0	0	0	0	0	0	0	0	0	

1
1
30		30
2
450	522
450	481
487	522
1
454	518
40
450	522
452	520
454	517
456	515
458	513
461	508
464	505
466	503
469	499
472	496
475	493
476	489
478	487
480	485
481	482
482	481
483	484
484	487
484	492
484	495
485	499
486	501
486	502
486	504
486	505
487	507
487	508
487	510
485	512
481	514
477	515
472	517
468	518
465	518
462	518
460	518
459	518
457	518
456	518
454	518

	463	513
462	513
463	555
1
462	555
15
463	513
463	516
463	519
463	523
463	529
463	534
463	538
463	543
463	546
463	549
463	550
463	552
463	553
462	554
462	555



7
3
30	30
0	0	0	0	0	0	0	0	0	0	0	0	0	0	0.031373	0.098039	0	0	0	0	0	0	0	0	0	0	0	0	0	0	
0	0	0	0	0	0	0	0	0	0	0	0	0.18431	0.29804	0.26275	0.43137	0	0	0	0	0	0	0	0	0	0	0	0	0	0	
0	0	0	0	0	0	0	0	0	0	0.0039216	0.22745	0.1098	0	0	0.082353	0.22745	0	0	0	0	0	0	0	0	0	0	0	0	0	
0	0	0	0	0	0	0	0	0	0.035294	0.2902	0.066667	0	0	0	0.058824	0.24706	0	0	0	0	0	0	0	0	0	0	0	0	0	
0	0	0	0	0	0	0	0	0.054902	0.2549	0	0	0	0	0	0.058824	0.24706	0	0	0	0	0	0	0	0	0	0	0	0	0	
0	0	0	0	0	0	0	0.066667	0.23922	0.0039216	0	0	0	0	0	0.058824	0.24706	0	0	0	0	0	0	0	0	0	0	0	0	0	
0	0	0	0	0	0	0.078431	0.23137	0	0	0	0	0	0	0	0.058824	0.24706	0	0	0	0	0	0	0	0	0	0	0	0	0	
0	0	0	0	0.07451	0.26275	0.21569	0	0	0	0	0	0	0	0	0.058824	0.24706	0	0	0	0	0	0	0	0	0	0	0	0	0	
0.039216	0.16078	0	0	0.015686	0.031373	0	0	0	0	0	0	0	0	0	0.058824	0.24706	0	0	0	0	0	0	0	0	0	0	0	0	0	
0.011765	0.29412	0	0	0	0	0	0	0	0	0	0	0	0	0	0.34118	0.3451	0	0	0	0	0	0	0	0	0	0	0	0	0	
0	0.26275	0.047059	0	0	0	0	0	0	0	0	0	0	0	0	0.058824	0.37255	0.29804	0.29804	0.29804	0.29804	0.29804	0.2902	0.031373	0	0	0	0	0	0	
0	0.0039216	0.24706	0.29804	0.039216	0	0	0	0	0	0	0	0	0	0	0.058824	0.24706	0	0	0	0	0	0.0039216	0.26275	0.29804	0.29804	0.29804	0.29804	0.29804	0.015686	
0	0	0	0	0.2549	0.2902	0.098039	0	0	0	0	0	0	0	0	0.058824	0.24706	0	0	0	0	0	0	0	0	0	0	0	0	0	
0	0	0	0	0	0.0039216	0.19608	0.29804	0.28627	0.015686	0	0	0	0	0	0.058824	0.24706	0	0	0	0	0	0	0	0	0	0	0	0	0	
0	0	0	0	0	0	0	0	0.0078431	0.27843	0.29804	0.13725	0.015686	0	0	0.30588	0.0039216	0	0	0	0	0	0	0	0	0	0	0	0	0	
0	0	0	0	0	0	0	0	0	0	0	0.15686	0.27843	0.29804	0.19608	0.37255	0	0	0	0	0	0	0	0	0	0	0	0	0	0	
0	0	0	0	0	0	0	0	0	0	0	0	0	0	0.098039	0.062745	0	0	0	0	0	0	0	0	0	0	0	0	0	0	
0	0	0	0	0	0	0	0	0	0	0	0	0	0	0	0	0	0	0	0	0	0	0	0	0	0	0	0	0	0	
0	0	0	0	0	0	0	0	0	0	0	0	0	0	0	0	0	0	0	0	0	0	0	0	0	0	0	0	0	0	
0	0	0	0	0	0	0	0	0	0	0	0	0	0	0	0	0	0	0	0	0	0	0	0	0	0	0	0	0	0	
0	0	0	0	0	0	0	0	0	0	0	0	0	0	0	0	0	0	0	0	0	0	0	0	0	0	0	0	0	0	
0	0	0	0	0	0	0	0	0	0	0	0	0	0	0	0	0	0	0	0	0	0	0	0	0	0	0	0	0	0	
0	0	0	0	0	0	0	0	0	0	0	0	0	0	0	0	0	0	0	0	0	0	0	0	0	0	0	0	0	0	
0	0	0	0	0	0	0	0	0	0	0	0	0	0	0	0	0	0	0	0	0	0	0	0	0	0	0	0	0	0	
0	0	0	0	0	0	0	0	0	0	0	0	0	0	0	0	0	0	0	0	0	0	0	0	0	0	0	0	0	0	
0	0	0	0	0	0	0	0	0	0	0	0	0	0	0	0	0	0	0	0	0	0	0	0	0	0	0	0	0	0	
0	0	0	0	0	0	0	0	0	0	0	0	0	0	0	0	0	0	0	0	0	0	0	0	0	0	0	0	0	0	
0	0	0	0	0	0	0	0	0	0	0	0	0	0	0	0	0	0	0	0	0	0	0	0	0	0	0	0	0	0	
0	0	0	0	0	0	0	0	0	0	0	0	0	0	0	0	0	0	0	0	0	0	0	0	0	0	0	0	0	0	
0	0	0	0	0	0	0	0	0	0	0	0	0	0	0	0	0	0	0	0	0	0	0	0	0	0	0	0	0	0	

1
1
30		30
2
732	509
720	486
768	536
1
720	511
46
732	509
734	509
736	508
740	504
744	500
748	496
752	493
757	489
762	488
765	486
767	486
768	490
768	496
768	502
768	510
768	516
768	521
768	525
768	529
767	532
767	534
767	535
766	536
765	536
763	536
762	536
759	535
756	534
753	533
750	531
746	530
742	528
738	527
734	525
731	524
730	523
727	522
725	520
724	520
723	519
722	518
722	517
721	514
720	513
720	512
720	511

	765	515
765	515
809	520
1
809	520
17
765	515
769	516
771	517
776	517
780	518
783	518
786	518
790	519
791	520
792	520
794	520
795	520
797	520
800	520
803	520
806	520
809	520



7
3
30	30
0	0	0	0	0	0	0	0	0	0	0.023529	0	0	0	0	0	0	0	0	0	0	0	0	0	0	0	0	0	0	0	
0	0	0	0	0	0	0	0	0	0	0.2902	0	0	0	0	0	0	0	0	0	0	0	0	0	0	0	0	0	0	0	
0	0	0	0	0	0	0	0	0	0	0.2902	0	0	0	0	0	0	0	0	0	0	0	0	0	0	0	0	0	0	0	
0	0	0	0	0	0	0	0	0	0	0.2902	0	0	0	0	0	0	0	0	0	0	0	0	0	0	0	0	0	0	0	
0	0	0	0	0	0	0	0	0	0	0.2902	0	0	0	0	0	0	0	0	0	0	0	0	0	0	0	0	0	0	0	
0	0	0	0	0	0	0	0	0	0	0.2902	0	0	0	0	0	0	0	0	0	0	0	0	0	0	0	0	0	0	0	
0	0	0	0	0	0	0	0	0	0	0.2902	0	0	0	0	0	0	0	0	0	0	0	0	0	0	0	0	0	0	0	
0	0	0	0	0	0	0	0	0	0	0.2902	0	0	0	0	0	0	0	0	0	0	0	0	0	0	0	0	0	0	0	
0	0	0	0	0	0	0	0	0	0	0.2902	0	0	0	0	0	0	0	0	0	0	0	0	0	0	0	0	0	0	0	
0	0	0	0	0	0	0	0	0	0	0.2902	0	0	0	0	0	0	0	0	0	0	0	0	0	0	0	0	0	0	0	
0	0	0	0	0	0	0	0	0	0	0.2902	0	0	0	0	0	0	0	0	0	0	0	0	0	0	0	0	0	0	0	
0	0	0	0	0	0	0	0	0	0	0.2902	0	0	0	0	0	0	0	0	0	0	0	0	0	0	0	0	0	0	0	
0	0	0	0	0	0	0	0	0	0	0.2902	0	0	0	0	0	0	0	0	0	0	0	0	0	0	0	0	0	0	0	
0	0	0	0	0	0	0	0	0	0	0.2902	0	0	0	0	0	0	0	0	0	0	0	0	0	0	0	0	0	0	0	
0	0	0	0	0	0	0	0	0	0	0.2902	0	0	0	0	0	0	0	0	0	0	0	0	0	0	0	0	0	0	0	
0	0	0	0	0	0	0	0	0	0	0.2902	0	0	0	0	0	0	0	0	0	0	0	0	0	0	0	0	0	0	0	
0	0	0	0	0	0	0	0	0	0	0.2902	0	0	0	0	0	0	0	0	0	0	0	0	0	0	0	0	0	0	0	
0	0	0	0	0	0	0	0	0	0	0.18431	0.10588	0	0	0	0	0	0	0	0	0	0	0	0	0	0	0	0	0	0	
0.070588	0.32549	0.21569	0.16863	0	0	0	0	0	0	0.023529	0.023529	0	0	0	0	0	0	0	0	0	0	0	0	0	0	0	0	0	0	
0	0.2902	0.082353	0.12941	0.30196	0.30196	0.30196	0.30196	0.30196	0.30196	0.30196	0.30196	0.30196	0.30196	0.30196	0.30196	0.30196	0.30196	0.30196	0.30196	0.24706	0	0	0	0	0	0	0	0	0	
0	0.23137	0.058824	0	0	0	0	0	0	0	0	0	0	0	0	0	0	0	0	0.039216	0.30196	0.035294	0	0	0	0	0	0	0	0	
0	0	0.2902	0	0	0	0	0	0	0	0	0	0	0	0	0	0	0	0.094118	0.25098	0	0	0	0	0	0	0	0	0	0	
0	0	0.07451	0.21569	0	0	0	0	0	0	0	0	0	0	0	0	0	0.19216	0.20784	0.0078431	0	0	0	0	0	0	0	0	0	0	
0	0	0	0.24314	0.047059	0	0	0	0	0	0	0	0	0	0	0	0.18824	0.1098	0	0	0	0	0	0	0	0	0	0	0	0	
0	0	0	0	0.24706	0.039216	0	0	0	0	0	0	0	0	0.0039216	0.21961	0.1098	0	0	0	0	0	0	0	0	0	0	0	0	0	
0	0	0	0	0	0.25098	0.035294	0	0	0	0	0	0	0.05098	0.27059	0.082353	0	0	0	0	0	0	0	0	0	0	0	0	0	0	
0	0	0	0	0	0.0078431	0.26275	0.019608	0	0	0	0	0.12549	0.25098	0.019608	0	0	0	0	0	0	0	0	0	0	0	0	0	0	0	
0	0	0	0	0	0	0	0.26667	0.023529	0	0	0.20392	0.17647	0	0	0	0	0	0	0	0	0	0	0	0	0	0	0	0	0	
0	0	0	0	0	0	0	0.011765	0.27451	0.21961	0.25098	0.094118	0	0	0	0	0	0	0	0	0	0	0	0	0	0	0	0	0	0	
0	0	0	0	0	0	0	0	0	0.082353	0.047059	0	0	0	0	0	0	0	0	0	0	0	0	0	0	0	0	0	0	0	

1
1
30		30
2
553	846
551	845
619	880
1
551	845
40
553	846
555	847
561	848
569	848
576	848
586	848
594	848
603	848
608	850
613	850
617	850
618	850
619	851
617	853
615	854
612	857
608	860
604	863
600	867
596	870
591	873
589	875
586	877
585	878
584	879
583	880
582	880
579	880
576	878
574	876
571	873
568	870
565	867
561	863
558	858
556	855
554	852
552	848
552	847
551	845

	585	844
584	788
585	844
1
584	788
15
585	844
585	842
584	840
584	838
584	833
584	829
584	823
584	817
584	812
584	806
584	801
584	797
584	793
584	790
584	788



7
3
30	30
0	0	0	0	0	0	0	0	0	0	0.011765	0	0	0	0	0	0	0	0	0	0	0	0	0	0	0	0	0	0	0	
0	0	0	0	0	0	0	0	0	0.094118	0.45098	0	0	0	0	0	0	0	0	0	0	0	0	0	0	0	0	0	0	0	
0	0	0	0	0	0	0	0	0.062745	0.25098	0.31765	0	0	0	0	0	0	0	0	0	0	0	0	0	0	0	0	0	0	0	
0	0	0	0	0	0	0	0.066667	0.25098	0	0.31765	0	0	0	0	0	0	0	0	0	0	0	0	0	0	0	0	0	0	0	
0	0	0	0	0	0	0.070588	0.24706	0	0	0.31765	0	0	0	0	0	0	0	0	0	0	0	0	0	0	0	0	0	0	0	
0	0	0	0	0	0.070588	0.24314	0	0	0	0.31765	0	0	0	0	0	0	0	0	0	0	0	0	0	0	0	0	0	0	0	
0	0	0	0	0	0.31373	0	0	0	0	0.31765	0	0	0	0	0	0	0	0	0	0	0	0	0	0	0	0	0	0	0	
0	0	0	0	0.28627	0.031373	0	0	0	0	0.31765	0	0	0	0	0	0	0	0	0	0	0	0	0	0	0	0	0	0	0	
0	0	0	0.18824	0.12549	0	0	0	0	0	0.31765	0	0	0	0	0	0	0	0	0	0	0	0	0	0	0	0	0	0	0	
0	0	0.19216	0.22745	0	0	0	0	0	0	0.31765	0	0	0	0	0	0	0	0	0	0	0	0	0	0	0	0	0	0	0	
0	0.25882	0.12157	0	0	0	0	0.10588	0.31373	0.31373	0.53333	0.31373	0.31373	0.31373	0.31373	0.31373	0.31373	0.31373	0.31373	0.31373	0.31373	0.31373	0.31373	0.31373	0.31373	0.31373	0.31373	0.31373	0.28627	0.0078431	
0.011765	0.15686	0	0	0	0	0	0	0	0	0.31765	0	0	0	0	0	0	0	0	0	0	0	0	0	0	0	0	0	0.027451	0.0039216	
0	0	0	0	0	0	0	0	0	0	0.31765	0	0	0	0	0	0	0	0	0	0	0	0	0	0	0	0	0	0	0	
0	0.027451	0.078431	0	0	0	0	0	0	0	0.31765	0	0	0	0	0	0	0	0	0	0	0	0	0	0	0	0	0	0	0	
0	0.023529	0.30196	0.011765	0	0	0	0	0	0	0.31765	0	0	0	0	0	0	0	0	0	0	0	0	0	0	0	0	0	0	0	
0	0	0.10588	0.26667	0.015686	0	0	0	0	0	0.31765	0	0	0	0	0	0	0	0	0	0	0	0	0	0	0	0	0	0	0	
0	0	0	0.031373	0.26667	0.17255	0.0078431	0	0	0	0.23529	0.082353	0	0	0	0	0	0	0	0	0	0	0	0	0	0	0	0	0	0	
0	0	0	0	0.027451	0.14118	0.30588	0.28235	0.13333	0	0.1451	0.16863	0	0	0	0	0	0	0	0	0	0	0	0	0	0	0	0	0	0	
0	0	0	0	0	0	0	0.031373	0.17647	0.31373	0.4	0.2549	0	0	0	0	0	0	0	0	0	0	0	0	0	0	0	0	0	0	
0	0	0	0	0	0	0	0	0	0	0.019608	0.019608	0	0	0	0	0	0	0	0	0	0	0	0	0	0	0	0	0	0	
0	0	0	0	0	0	0	0	0	0	0	0	0	0	0	0	0	0	0	0	0	0	0	0	0	0	0	0	0	0	
0	0	0	0	0	0	0	0	0	0	0	0	0	0	0	0	0	0	0	0	0	0	0	0	0	0	0	0	0	0	
0	0	0	0	0	0	0	0	0	0	0	0	0	0	0	0	0	0	0	0	0	0	0	0	0	0	0	0	0	0	
0	0	0	0	0	0	0	0	0	0	0	0	0	0	0	0	0	0	0	0	0	0	0	0	0	0	0	0	0	0	
0	0	0	0	0	0	0	0	0	0	0	0	0	0	0	0	0	0	0	0	0	0	0	0	0	0	0	0	0	0	
0	0	0	0	0	0	0	0	0	0	0	0	0	0	0	0	0	0	0	0	0	0	0	0	0	0	0	0	0	0	
0	0	0	0	0	0	0	0	0	0	0	0	0	0	0	0	0	0	0	0	0	0	0	0	0	0	0	0	0	0	
0	0	0	0	0	0	0	0	0	0	0	0	0	0	0	0	0	0	0	0	0	0	0	0	0	0	0	0	0	0	
0	0	0	0	0	0	0	0	0	0	0	0	0	0	0	0	0	0	0	0	0	0	0	0	0	0	0	0	0	0	
0	0	0	0	0	0	0	0	0	0	0	0	0	0	0	0	0	0	0	0	0	0	0	0	0	0	0	0	0	0	

1
1
30		30
2
645	719
645	687
677	743
1
648	727
45
645	719
647	718
649	715
652	713
655	709
658	705
660	702
664	698
667	695
672	690
673	689
674	687
675	688
675	691
675	694
675	699
675	702
675	706
675	709
675	713
675	718
675	721
675	725
675	729
675	732
676	736
676	738
676	741
677	743
675	743
672	742
670	741
669	741
666	740
664	739
663	739
661	738
657	737
656	736
655	735
652	732
650	731
650	730
648	728
648	727

	666	717
666	717
732	718
1
732	718
16
666	717
668	717
671	717
675	717
681	717
687	717
695	717
703	717
710	717
714	717
720	717
724	717
728	717
729	717
731	717
732	718



7
3
30	30
0	0	0	0	0	0	0	0	0	0	0	0	0	0	0	0	0	0	0	0	0	0	0	0	0	0	0	0	0	0	
0	0	0	0	0	0	0	0	0	0	0	0	0	0	0	0	0	0	0.0078431	0.30588	0.37255	0.39608	0.090196	0	0	0	0	0	0	0	
0	0	0	0	0	0	0	0	0	0	0	0	0	0	0	0	0	0.066667	0.36078	0.066667	0	0.043137	0.31765	0	0	0	0	0	0	0	
0	0	0	0	0	0	0	0	0	0	0	0	0	0	0	0.090196	0.32941	0.30588	0	0	0	0	0.16863	0.19216	0	0	0	0	0	0	
0	0	0	0	0	0	0	0	0	0	0	0	0	0.066667	0.32941	0.28235	0.043137	0	0	0	0	0	0	0.36078	0	0	0	0	0	0	
0	0	0	0	0	0	0	0	0	0	0.031373	0.37255	0.37255	0.30588	0.043137	0	0	0	0	0	0	0	0	0.36078	0	0	0	0	0	0	
0	0	0	0	0	0	0	0	0	0.29412	0.33725	0	0	0	0	0	0	0	0	0	0	0	0	0	0.36078	0	0	0	0	0	
0	0	0	0	0	0	0.12157	0.37255	0.37255	0.078431	0	0	0	0	0	0	0	0	0	0	0	0	0	0	0.28235	0.078431	0	0	0	0	
0	0	0	0	0.10196	0.37255	0.24706	0	0	0	0	0	0	0	0	0	0	0	0	0	0	0	0	0	0	0.36078	0	0	0	0	
0	0	0.019608	0.29412	0.27059	0	0	0	0	0	0	0	0	0	0	0	0	0	0	0	0	0	0	0	0	0.36078	0	0	0	0	
0	0.1098	0.34902	0.078431	0	0	0	0	0	0	0	0	0	0	0	0	0	0	0	0	0	0	0	0	0	0.33725	0.019608	0	0	0	
0	0.36078	0	0	0	0	0	0	0	0	0	0	0	0	0	0	0	0	0	0	0	0	0	0	0	0.1098	0.24706	0	0	0	
0	0.066667	0.37255	0.28235	0	0	0	0	0	0	0	0	0	0	0	0	0	0	0	0	0	0	0	0	0	0	0.36078	0	0	0	
0	0	0	0.090196	0.37255	0.23529	0.12157	0.12157	0.12157	0.0078431	0	0	0	0	0	0	0	0	0	0	0	0	0	0	0	0	0.36078	0	0	0	
0	0	0	0	0	0.13333	0.24706	0.24706	0.24706	0.36078	0.37255	0.10196	0	0	0	0	0	0	0	0	0	0	0	0	0	0	0.36078	0	0	0	
0	0	0	0	0	0	0	0	0	0.36078	0	0.27059	0.37255	0.37255	0.37255	0.37255	0.37255	0.37255	0.37255	0.37255	0.37255	0.37255	0.37255	0.37255	0.37255	0.37255	0.33725	0	0	0	
0	0	0	0	0	0	0	0	0	0.36078	0	0	0	0	0	0	0	0	0	0	0	0	0	0	0	0	0	0	0	0	
0	0	0	0	0	0	0	0	0.23529	0.12157	0	0	0	0	0	0	0	0	0	0	0	0	0	0	0	0	0	0	0	0	
0	0	0	0	0	0	0	0	0.36078	0	0	0	0	0	0	0	0	0	0	0	0	0	0	0	0	0	0	0	0	0	
0	0	0	0	0	0	0	0.043137	0.31765	0	0	0	0	0	0	0	0	0	0	0	0	0	0	0	0	0	0	0	0	0	
0	0	0	0	0	0	0	0.36078	0	0	0	0	0	0	0	0	0	0	0	0	0	0	0	0	0	0	0	0	0	0	
0	0	0	0	0	0	0.054902	0.30588	0	0	0	0	0	0	0	0	0	0	0	0	0	0	0	0	0	0	0	0	0	0	
0	0	0	0	0	0	0.32941	0.031373	0	0	0	0	0	0	0	0	0	0	0	0	0	0	0	0	0	0	0	0	0	0	
0	0	0	0	0	0	0.36078	0	0	0	0	0	0	0	0	0	0	0	0	0	0	0	0	0	0	0	0	0	0	0	
0	0	0	0	0	0	0.36078	0	0	0	0	0	0	0	0	0	0	0	0	0	0	0	0	0	0	0	0	0	0	0	
0	0	0	0	0	0	0.36078	0	0	0	0	0	0	0	0	0	0	0	0	0	0	0	0	0	0	0	0	0	0	0	
0	0	0	0	0	0.20392	0.15686	0	0	0	0	0	0	0	0	0	0	0	0	0	0	0	0	0	0	0	0	0	0	0	
0	0	0	0	0	0.36078	0	0	0	0	0	0	0	0	0	0	0	0	0	0	0	0	0	0	0	0	0	0	0	0	
0	0	0	0	0	0.31765	0	0	0	0	0	0	0	0	0	0	0	0	0	0	0	0	0	0	0	0	0	0	0	0	
0	0	0	0	0	0	0	0	0	0	0	0	0	0	0	0	0	0	0	0	0	0	0	0	0	0	0	0	0	0	

1
1
30		30
2
583	391
582	363
652	401
1
584	392
46
583	391
582	390
584	388
588	386
591	384
597	381
603	379
608	376
615	374
620	372
625	369
629	367
632	364
636	363
638	363
639	364
640	366
643	370
643	373
646	378
648	381
649	385
650	389
651	391
651	394
651	397
652	400
651	401
648	400
645	400
642	400
636	400
630	400
625	400
620	400
615	400
610	400
606	399
601	397
597	397
594	397
591	396
590	395
588	394
585	393
584	392

	606	399
593	399
606	436
1
593	436
16
606	399
605	404
603	406
602	411
600	414
598	418
597	421
597	424
596	426
596	429
595	430
594	431
594	432
594	433
593	435
593	436



7
3
30	30
0	0	0	0	0	0	0	0	0	0	0	0	0	0	0	0	0	0	0	0	0	0	0	0	0	0	0	0	0	0	
0	0	0	0	0	0	0	0	0	0	0	0	0.031373	0.48627	0	0	0	0	0	0	0	0	0	0	0	0	0	0	0	0	
0	0	0	0	0	0	0	0	0	0	0	0	0.36078	0.40392	0	0	0	0	0	0	0	0	0	0	0	0	0	0	0	0	
0	0	0	0	0	0	0	0	0	0	0	0.11373	0.33725	0.31373	0	0	0	0	0	0	0	0	0	0	0	0	0	0	0	0	
0	0	0	0	0	0	0	0	0	0	0.019608	0.36078	0.30588	0.07451	0	0	0	0	0	0	0	0	0	0	0	0	0	0	0	0	
0	0	0	0	0	0	0	0	0	0.25882	0.33725	0.043137	0.30588	0.07451	0	0	0	0	0	0	0	0	0	0	0	0	0	0	0	0	
0	0	0	0	0	0	0.015686	0.25882	0.37647	0.11373	0.011765	0	0.32157	0.058824	0	0	0	0	0	0	0	0	0	0	0	0	0	0	0	0	
0	0	0	0	0	0.11373	0.36078	0.11373	0	0	0	0.0039216	0.37647	0	0	0	0	0	0	0	0	0	0	0	0	0	0	0	0	0	
0	0	0	0	0.24314	0.25882	0	0	0	0	0	0.07451	0.30588	0	0	0	0	0	0	0	0	0	0	0	0	0	0	0	0	0	
0	0	0.12941	0.36078	0.12941	0	0	0	0	0	0	0.07451	0.30588	0	0	0	0	0	0	0	0	0	0	0	0	0	0	0	0	0	
0	0.19216	0.24314	0.011765	0	0	0	0	0	0	0	0.07451	0.30588	0.3451	0.37647	0.37647	0.37647	0.37647	0.37647	0.37647	0.37647	0.37647	0.37647	0.37647	0.37647	0.37647	0.078431	0	0	0	
0	0.38431	0	0	0	0	0	0	0	0	0	0.07451	0.30588	0	0	0	0	0	0	0	0	0	0	0	0	0	0.29412	0.37647	0.2902	0	
0	0.2	0.3098	0.011765	0	0	0	0	0	0	0	0.07451	0.30588	0	0	0	0	0	0	0	0	0	0	0	0	0	0	0	0.027451	0	
0	0	0.062745	0.36078	0.37647	0.011765	0	0	0	0	0	0.07451	0.30588	0	0	0	0	0	0	0	0	0	0	0	0	0	0	0	0	0	
0	0	0	0	0	0.36078	0.33333	0.086275	0	0	0	0.07451	0.30588	0	0	0	0	0	0	0	0	0	0	0	0	0	0	0	0	0	
0	0	0	0	0	0	0.043137	0.2902	0.34118	0.090196	0	0.07451	0.30588	0	0	0	0	0	0	0	0	0	0	0	0	0	0	0	0	0	
0	0	0	0	0	0	0	0	0.031373	0.28235	0.37647	0.14902	0.30588	0	0	0	0	0	0	0	0	0	0	0	0	0	0	0	0	0	
0	0	0	0	0	0	0	0	0	0	0	0.30196	0.36863	0.23137	0	0	0	0	0	0	0	0	0	0	0	0	0	0	0	0	
0	0	0	0	0	0	0	0	0	0	0	0	0	0.1451	0.37647	0.37647	0.3451	0	0	0	0	0	0	0	0	0	0	0	0	0	
0	0	0	0	0	0	0	0	0	0	0	0	0	0	0	0	0	0	0	0	0	0	0	0	0	0	0	0	0	0	
0	0	0	0	0	0	0	0	0	0	0	0	0	0	0	0	0	0	0	0	0	0	0	0	0	0	0	0	0	0	
0	0	0	0	0	0	0	0	0	0	0	0	0	0	0	0	0	0	0	0	0	0	0	0	0	0	0	0	0	0	
0	0	0	0	0	0	0	0	0	0	0	0	0	0	0	0	0	0	0	0	0	0	0	0	0	0	0	0	0	0	
0	0	0	0	0	0	0	0	0	0	0	0	0	0	0	0	0	0	0	0	0	0	0	0	0	0	0	0	0	0	
0	0	0	0	0	0	0	0	0	0	0	0	0	0	0	0	0	0	0	0	0	0	0	0	0	0	0	0	0	0	
0	0	0	0	0	0	0	0	0	0	0	0	0	0	0	0	0	0	0	0	0	0	0	0	0	0	0	0	0	0	
0	0	0	0	0	0	0	0	0	0	0	0	0	0	0	0	0	0	0	0	0	0	0	0	0	0	0	0	0	0	
0	0	0	0	0	0	0	0	0	0	0	0	0	0	0	0	0	0	0	0	0	0	0	0	0	0	0	0	0	0	
0	0	0	0	0	0	0	0	0	0	0	0	0	0	0	0	0	0	0	0	0	0	0	0	0	0	0	0	0	0	
0	0	0	0	0	0	0	0	0	0	0	0	0	0	0	0	0	0	0	0	0	0	0	0	0	0	0	0	0	0	

1
1
30		30
2
747	239
707	193
747	239
1
736	236
35
747	239
745	239
741	239
738	237
733	235
727	232
723	230
718	228
715	226
712	225
709	223
708	222
707	221
708	218
711	216
716	213
720	210
725	207
730	205
733	202
736	198
737	195
739	193
739	195
738	199
737	202
737	207
735	213
735	217
735	223
735	228
735	231
735	232
735	234
736	236

	738	217
738	217
778	221
1
778	221
14
738	217
743	217
746	217
750	218
755	218
759	218
762	218
767	218
768	218
771	218
773	220
774	220
776	220
778	221



7
3
30	30
0	0	0	0	0	0	0	0	0	0	0	0	0	0.070588	0	0	0	0	0	0	0	0	0	0	0	0	0	0	0	0	
0	0	0	0	0	0	0	0	0	0	0	0	0.18039	0.2549	0.21961	0	0	0	0	0	0	0	0	0	0	0	0	0	0	0	
0	0	0	0	0	0	0	0	0	0	0	0.10588	0.18824	0	0.29412	0	0	0	0	0	0	0	0	0	0	0	0	0	0	0	
0	0	0	0	0	0	0	0	0	0	0.094118	0.2	0	0	0.18824	0.10196	0	0	0	0	0	0	0	0	0	0	0	0	0	0	
0	0	0	0	0	0	0	0	0	0.086275	0.20784	0	0	0	0	0.2902	0.0039216	0	0	0	0	0	0	0	0	0	0	0	0	0	
0	0	0	0	0	0	0	0	0.16863	0.21569	0	0	0	0	0	0.12157	0.17255	0	0	0	0	0	0	0	0	0	0	0	0	0	
0	0	0	0	0	0	0	0.16078	0.13333	0	0	0	0	0	0	0	0.29412	0	0	0	0	0	0	0	0	0	0	0	0	0	
0	0	0	0	0	0	0.14902	0.14118	0	0	0	0	0	0	0	0	0.28627	0.0078431	0	0	0	0	0	0	0	0	0	0	0	0	
0	0	0	0	0	0.14118	0.15294	0	0	0	0	0	0	0	0	0	0.047059	0.24706	0	0	0	0	0	0	0	0	0	0	0	0	
0	0	0	0.027451	0.25882	0.16078	0	0	0	0	0	0	0	0	0	0	0	0.29412	0	0	0	0	0	0	0	0	0	0	0	0	
0	0	0.0039216	0.27059	0.043137	0	0	0	0	0	0	0	0	0	0	0	0	0.2549	0.035294	0	0	0	0	0	0	0	0	0	0	0	
0	0.011765	0.27843	0.0039216	0	0	0	0	0	0	0	0	0	0	0	0	0	0.05098	0.24314	0	0	0	0	0	0	0	0	0	0	0	
0.011765	0.25882	0.019608	0	0	0	0	0	0	0	0	0	0	0	0	0	0	0	0.2902	0	0	0	0	0	0	0	0	0	0	0	
0.082353	0.1451	0	0	0	0	0	0	0	0	0.24706	0	0	0	0	0	0	0	0.20784	0.086275	0	0	0	0	0	0	0	0	0	0	
0	0	0	0	0	0	0	0	0	0	0.29412	0	0	0	0	0	0	0	0	0.29412	0	0	0	0	0	0	0	0	0	0	
0	0	0	0	0	0	0	0.17255	0.30588	0.30588	0.5098	0.30588	0.30588	0.30588	0.30588	0.18431	0.027451	0	0	0.1451	0.14902	0	0	0	0	0	0	0	0	0	
0	0	0	0	0	0	0	0	0	0	0.29412	0	0	0	0	0.11765	0.27451	0.21176	0	0.078431	0.21569	0	0	0	0	0	0	0	0	0	
0	0	0	0	0	0	0	0	0	0	0.29412	0	0	0	0	0	0	0.090196	0.27059	0.039216	0.25882	0	0	0	0	0	0	0	0	0	
0	0	0	0	0	0	0	0	0	0	0.29412	0	0	0	0	0	0	0	0.031373	0.29804	0.36863	0	0	0	0	0	0	0	0	0	
0	0	0	0	0	0	0	0	0	0	0.29412	0	0	0	0	0	0	0	0	0	0.22745	0.031373	0	0	0	0	0	0	0	0	
0	0	0	0	0	0	0	0	0	0	0.29412	0	0	0	0	0	0	0	0	0	0	0	0	0	0	0	0	0	0	0	
0	0	0	0	0	0	0	0	0	0	0.29412	0	0	0	0	0	0	0	0	0	0	0	0	0	0	0	0	0	0	0	
0	0	0	0	0	0	0	0	0	0	0.29412	0	0	0	0	0	0	0	0	0	0	0	0	0	0	0	0	0	0	0	
0	0	0	0	0	0	0	0	0	0	0.29412	0	0	0	0	0	0	0	0	0	0	0	0	0	0	0	0	0	0	0	
0	0	0	0	0	0	0	0	0	0	0.29412	0	0	0	0	0	0	0	0	0	0	0	0	0	0	0	0	0	0	0	
0	0	0	0	0	0	0	0	0	0	0.29412	0	0	0	0	0	0	0	0	0	0	0	0	0	0	0	0	0	0	0	
0	0	0	0	0	0	0	0	0	0	0.29412	0	0	0	0	0	0	0	0	0	0	0	0	0	0	0	0	0	0	0	
0	0	0	0	0	0	0	0	0	0	0.29412	0	0	0	0	0	0	0	0	0	0	0	0	0	0	0	0	0	0	0	
0	0	0	0	0	0	0	0	0	0	0.29412	0	0	0	0	0	0	0	0	0	0	0	0	0	0	0	0	0	0	0	
0	0	0	0	0	0	0	0	0	0	0.023529	0	0	0	0	0	0	0	0	0	0	0	0	0	0	0	0	0	0	0	

1
1
30		30
2
483	107
483	66
550	126
1
505	112
41
483	107
483	106
486	102
488	100
491	97
496	94
501	89
506	84
511	80
515	76
519	72
522	69
523	68
524	66
525	66
528	68
529	72
531	76
534	81
537	89
539	95
541	100
544	108
547	113
547	117
549	122
549	123
550	126
548	125
546	123
542	121
539	118
537	117
532	115
528	114
523	114
517	112
513	112
508	112
507	112
505	112

	515	106
515	106
515	157
1
515	157
17
515	106
515	108
515	109
515	112
515	115
515	118
515	123
515	126
515	130
515	135
515	139
515	143
515	147
515	150
515	153
515	156
515	157



7
3
30	30
0	0	0	0	0	0	0	0	0	0	0	0	0	0	0	0	0	0	0	0	0	0	0	0	0	0	0	0	0	0	
0	0	0	0	0	0	0	0	0.11765	0.3451	0.34118	0.07451	0	0	0	0	0	0	0	0	0	0	0	0	0	0	0	0	0	0	
0	0	0	0	0	0	0	0.023529	0.31373	0	0	0.26667	0.066667	0	0	0	0	0	0	0	0	0	0	0	0	0	0	0	0	0	
0	0	0	0	0	0	0	0.12157	0.21569	0	0	0	0.33725	0	0	0	0	0	0	0	0	0	0	0	0	0	0	0	0	0	
0	0	0	0	0	0	0	0.1451	0.19216	0	0	0	0.058824	0.27843	0	0	0	0	0	0	0	0	0	0	0	0	0	0	0	0	
0	0	0	0	0	0	0.0078431	0.32941	0	0	0	0	0	0.18431	0.15686	0	0	0	0	0	0	0	0	0	0	0	0	0	0	0	
0	0	0	0	0	0	0.28627	0.05098	0	0	0	0	0	0	0.3098	0.031373	0	0	0	0	0	0	0	0	0	0	0	0	0	0	
0	0	0	0	0	0.11765	0.21961	0	0	0	0	0	0	0	0	0.34118	0	0	0	0	0	0	0	0	0	0	0	0	0	0	
0	0	0	0	0	0.33725	0	0	0	0	0	0	0	0	0	0.090196	0.24706	0	0	0	0	0	0	0	0	0	0	0	0	0	
0	0	0	0	0.21961	0.11765	0	0	0	0	0	0	0	0	0	0	0.27059	0.070588	0	0	0	0	0	0	0	0	0	0	0	0	
0	0	0	0.14118	0.19608	0	0	0	0	0	0	0	0	0	0	0	0.023529	0.31373	0	0	0	0	0	0	0	0	0	0	0	0	
0	0	0.13725	0.2	0	0	0	0	0	0	0	0	0	0	0	0	0	0.18824	0.14902	0	0	0	0	0	0	0	0	0	0	0	
0	0.023529	0.31373	0	0	0	0	0	0	0	0	0	0	0	0	0	0	0	0.32549	0.015686	0	0	0	0	0	0	0	0	0	0	
0	0.32549	0.011765	0	0	0	0	0	0	0	0	0	0	0.11765	0.011765	0	0	0	0.039216	0.29804	0	0	0	0	0	0	0	0	0	0	
0	0.20392	0.3451	0.027451	0	0	0	0	0	0	0	0	0	0.34118	0	0	0	0	0	0.27059	0.070588	0	0	0.11765	0	0	0	0	0	0	
0	0	0	0.31765	0.3451	0.3451	0.3451	0.3451	0.3451	0.3451	0.3451	0.3451	0.56078	0.35686	0.3451	0.3451	0.3451	0.3451	0.3451	0.3451	0.56863	0.3451	0.3451	0.21961	0	0	0	0	0	0	
0	0	0	0	0	0	0	0	0	0	0	0	0.34118	0	0	0	0	0	0	0	0.34118	0	0	0	0	0	0	0	0	0	
0	0	0	0	0	0	0	0	0	0	0	0	0.34118	0	0	0	0	0	0	0	0.34118	0	0	0	0	0	0	0	0	0	
0	0	0	0	0	0	0	0	0	0	0	0.0039216	0.33333	0	0	0	0	0	0	0	0.16471	0	0	0	0	0	0	0	0	0	
0	0	0	0	0	0	0	0	0	0	0	0.011765	0.32549	0	0	0	0	0	0	0	0	0	0	0	0	0	0	0	0	0	
0	0	0	0	0	0	0	0	0	0	0	0.011765	0.32549	0	0	0	0	0	0	0	0	0	0	0	0	0	0	0	0	0	
0	0	0	0	0	0	0	0	0	0	0	0.011765	0.32549	0	0	0	0	0	0	0	0	0	0	0	0	0	0	0	0	0	
0	0	0	0	0	0	0	0	0	0	0	0.011765	0.32549	0	0	0	0	0	0	0	0	0	0	0	0	0	0	0	0	0	
0	0	0	0	0	0	0	0	0	0	0	0.011765	0.32549	0	0	0	0	0	0	0	0	0	0	0	0	0	0	0	0	0	
0	0	0	0	0	0	0	0	0	0	0	0.011765	0.32549	0	0	0	0	0	0	0	0	0	0	0	0	0	0	0	0	0	
0	0	0	0	0	0	0	0	0	0	0	0.011765	0.32549	0	0	0	0	0	0	0	0	0	0	0	0	0	0	0	0	0	
0	0	0	0	0	0	0	0	0	0	0	0.058824	0.28235	0	0	0	0	0	0	0	0	0	0	0	0	0	0	0	0	0	
0	0	0	0	0	0	0	0	0	0	0	0.34118	0	0	0	0	0	0	0	0	0	0	0	0	0	0	0	0	0	0	
0	0	0	0	0	0	0	0	0	0	0	0.32549	0	0	0	0	0	0	0	0	0	0	0	0	0	0	0	0	0	0	
0	0	0	0	0	0	0	0	0	0	0	0	0	0	0	0	0	0	0	0	0	0	0	0	0	0	0	0	0	0	

1
1
30		30
2
363	208
306	159
372	208
1
372	198
45
363	208
363	206
363	205
363	201
360	196
359	194
356	190
353	185
350	180
347	176
344	172
341	168
339	165
338	164
336	162
335	161
334	160
333	159
331	159
329	160
326	165
326	169
322	175
320	178
317	183
315	185
312	188
310	191
308	193
307	194
306	195
309	198
312	199
318	199
324	199
330	199
338	199
344	199
351	199
356	199
362	199
366	199
369	199
371	199
372	198

	343	195
336	195
343	238
1
336	238
14
343	195
342	196
341	199
339	203
339	208
338	213
338	219
338	222
338	226
338	230
338	232
336	235
336	237
336	238



7
3
30	30
0	0	0	0	0	0	0	0	0	0	0	0	0	0	0	0	0	0	0	0	0	0	0	0	0	0	0	0	0	0	
0	0	0	0	0	0	0	0	0	0	0	0	0	0	0	0	0	0	0	0	0	0	0	0	0	0.36078	0.15686	0	0	0	
0	0	0	0	0	0	0	0	0	0	0	0	0	0	0	0	0	0	0	0	0	0	0	0	0.27843	0.10196	0.38431	0	0	0	
0	0	0	0	0	0	0	0	0	0	0	0	0	0	0	0	0	0	0	0	0	0	0	0.28235	0.098039	0	0.38431	0	0	0	
0	0	0	0	0	0	0	0	0	0	0	0	0	0	0	0	0	0	0	0	0	0.0039216	0.28235	0.090196	0	0	0.38431	0	0	0	
0	0	0	0	0	0	0	0	0	0	0	0	0	0	0	0	0	0	0	0	0.070588	0.33725	0.090196	0	0	0	0.38431	0	0	0	
0	0	0	0	0	0	0	0	0	0	0	0	0	0	0	0	0	0	0	0.066667	0.30196	0.031373	0	0	0	0	0.38431	0	0	0	
0	0	0	0	0	0	0	0	0	0	0	0	0	0	0	0	0	0	0.07451	0.30588	0	0	0	0	0	0	0.38431	0	0	0	
0	0	0	0	0	0	0	0	0	0	0	0	0	0	0	0	0	0.086275	0.29412	0	0	0	0	0	0	0	0.38431	0	0	0	
0	0	0	0	0	0	0	0	0	0	0	0	0	0	0	0	0.086275	0.2902	0.0039216	0	0	0	0	0	0	0	0.062745	0.30588	0.0078431	0	
0	0	0	0	0	0	0	0	0	0	0	0	0	0	0	0.090196	0.2902	0	0	0	0	0	0	0	0	0	0	0.18431	0.19608	0	
0	0.21569	0.2549	0.2549	0.2549	0.2549	0.2549	0.2549	0.2549	0.2549	0.2549	0.2549	0.2549	0.2549	0.2549	0.54118	0.2549	0.2549	0.2549	0.2549	0.2549	0.2549	0.2549	0.2549	0.2549	0.2549	0.2549	0.2549	0.40392	0	
0	0.10196	0.11765	0.11765	0.11765	0.11765	0.11765	0.11765	0.11765	0.11765	0.11765	0.11765	0.11765	0.22353	0.35294	0.11765	0.11765	0.11765	0.11765	0.11765	0.11765	0.11765	0.11765	0.11765	0.11765	0.11765	0.11765	0.11765	0.054902	0	
0	0	0	0	0	0	0	0	0	0	0	0	0	0.38431	0	0	0.054902	0.22745	0	0	0	0	0	0	0	0	0	0	0	0	
0	0	0	0	0	0	0	0	0	0	0	0	0.31765	0.062745	0	0	0.07451	0.30588	0	0	0	0	0	0	0	0	0	0	0	0	
0	0	0	0	0	0	0	0	0	0	0	0.20784	0.17255	0	0	0	0.07451	0.30588	0	0	0	0	0	0	0	0	0	0	0	0	
0	0	0	0	0	0	0	0	0	0	0.20392	0.43529	0	0	0	0	0.07451	0.30588	0	0	0	0	0	0	0	0	0	0	0	0	
0	0	0	0	0	0	0	0	0	0	0.17255	0.023529	0	0	0	0	0.07451	0.30588	0	0	0	0	0	0	0	0	0	0	0	0	
0	0	0	0	0	0	0	0	0	0	0	0	0	0	0	0	0.07451	0.30588	0	0	0	0	0	0	0	0	0	0	0	0	
0	0	0	0	0	0	0	0	0	0	0	0	0	0	0	0	0.07451	0.30588	0	0	0	0	0	0	0	0	0	0	0	0	
0	0	0	0	0	0	0	0	0	0	0	0	0	0	0	0	0.12549	0.2549	0	0	0	0	0	0	0	0	0	0	0	0	
0	0	0	0	0	0	0	0	0	0	0	0	0	0	0	0	0.38431	0	0	0	0	0	0	0	0	0	0	0	0	0	
0	0	0	0	0	0	0	0	0	0	0	0	0	0	0	0	0.38431	0	0	0	0	0	0	0	0	0	0	0	0	0	
0	0	0	0	0	0	0	0	0	0	0	0	0	0	0	0	0.32941	0	0	0	0	0	0	0	0	0	0	0	0	0	
0	0	0	0	0	0	0	0	0	0	0	0	0	0	0	0	0	0	0	0	0	0	0	0	0	0	0	0	0	0	
0	0	0	0	0	0	0	0	0	0	0	0	0	0	0	0	0	0	0	0	0	0	0	0	0	0	0	0	0	0	
0	0	0	0	0	0	0	0	0	0	0	0	0	0	0	0	0	0	0	0	0	0	0	0	0	0	0	0	0	0	
0	0	0	0	0	0	0	0	0	0	0	0	0	0	0	0	0	0	0	0	0	0	0	0	0	0	0	0	0	0	
0	0	0	0	0	0	0	0	0	0	0	0	0	0	0	0	0	0	0	0	0	0	0	0	0	0	0	0	0	0	
0	0	0	0	0	0	0	0	0	0	0	0	0	0	0	0	0	0	0	0	0	0	0	0	0	0	0	0	0	0	

1
1
30		30
2
720	408
697	367
768	409
1
697	395
35
720	408
721	409
723	408
724	406
727	402
731	396
736	391
742	385
749	379
753	375
758	370
760	368
761	367
762	369
762	373
762	376
762	379
762	382
763	386
765	389
766	390
767	392
768	393
768	394
767	395
763	395
756	395
748	395
738	395
729	395
720	395
712	395
705	395
700	395
697	395

	738	399
737	399
738	426
1
737	426
9
738	399
738	402
738	405
738	411
738	414
738	418
737	422
737	424
737	426



7
3
30	30
0	0	0	0	0	0	0	0	0	0	0	0	0	0	0	0.0039216	0.10196	0	0	0	0	0	0	0	0	0	0	0	0	0	
0	0	0	0	0	0	0	0	0	0	0	0	0	0	0	0.19608	0.20392	0	0	0	0	0	0	0	0	0	0	0	0	0	
0	0	0	0	0	0	0	0	0	0	0	0	0	0	0.082353	0.11765	0.1451	0.05098	0	0	0	0	0	0	0	0	0	0	0	0	
0	0	0	0	0	0	0	0	0	0	0	0	0	0.066667	0.17255	0	0.0078431	0.19216	0	0	0	0	0	0	0	0	0	0	0	0	
0	0	0	0	0	0	0	0	0	0	0	0	0.1451	0.13725	0	0	0	0.2	0	0	0	0	0	0	0	0	0	0	0	0	
0	0	0	0	0	0	0	0	0	0	0	0.14118	0.058824	0	0	0	0	0.082353	0.11373	0	0	0	0	0	0	0	0	0	0	0	
0	0	0	0	0	0	0	0	0	0	0.17647	0.062745	0	0	0	0	0	0	0.2	0	0	0	0	0	0	0	0	0	0	0	
0	0	0	0	0	0	0	0	0	0.17255	0.027451	0	0	0	0	0	0	0	0.2	0	0	0	0	0	0	0	0	0	0	0	
0	0	0	0	0	0	0	0	0.16863	0.031373	0	0	0	0	0	0	0	0	0.2	0	0	0	0	0	0	0	0	0	0	0	
0	0	0	0	0	0	0	0.16078	0.035294	0	0	0	0	0	0	0	0	0	0.027451	0.17255	0	0	0	0	0	0	0	0	0	0	
0	0	0	0	0	0	0.15686	0.039216	0	0	0	0	0	0	0	0	0	0	0	0.2	0	0	0	0	0	0	0	0	0	0	
0.078431	0.043137	0	0	0	0.15294	0.047059	0	0	0	0	0	0	0	0	0	0	0	0	0.2	0	0	0	0	0	0	0	0	0	0	
0	0.2	0	0	0.054902	0.14118	0	0	0	0	0	0	0	0	0	0	0	0	0.18431	0.16471	0	0	0	0	0	0	0	0	0	0	
0	0.12549	0.070588	0.019608	0.21961	0	0	0	0	0.094118	0.13725	0.13725	0.18039	0.22353	0.20392	0.20392	0.20392	0.2	0.019608	0	0	0	0	0	0	0	0	0	0	0	
0	0	0.17255	0.21569	0.20784	0.20392	0.20392	0.20392	0.20392	0.10588	0.066667	0.066667	0.054902	0.18039	0	0	0	0	0	0	0	0	0	0	0	0	0	0	0	0	
0	0	0	0	0	0	0	0	0	0	0	0	0	0.2	0	0	0	0	0	0	0	0	0	0	0	0	0	0	0	0	
0	0	0	0	0	0	0	0	0	0	0	0	0.062745	0.13333	0	0	0	0	0	0	0	0	0	0	0	0	0	0	0	0	
0	0	0	0	0	0	0	0	0	0	0	0	0.2	0	0	0	0	0	0	0	0	0	0	0	0	0	0	0	0	0	
0	0	0	0	0	0	0	0	0	0	0	0	0.2	0	0	0	0	0	0	0	0	0	0	0	0	0	0	0	0	0	
0	0	0	0	0	0	0	0	0	0	0	0.14118	0.054902	0	0	0	0	0	0	0	0	0	0	0	0	0	0	0	0	0	
0	0	0	0	0	0	0	0	0	0	0	0.2	0	0	0	0	0	0	0	0	0	0	0	0	0	0	0	0	0	0	
0	0	0	0	0	0	0	0	0	0	0.15686	0.043137	0	0	0	0	0	0	0	0	0	0	0	0	0	0	0	0	0	0	
0	0	0	0	0	0	0	0	0	0.023529	0.17647	0	0	0	0	0	0	0	0	0	0	0	0	0	0	0	0	0	0	0	
0	0	0	0	0	0	0	0	0	0.18431	0.015686	0	0	0	0	0	0	0	0	0	0	0	0	0	0	0	0	0	0	0	
0	0	0	0	0	0	0	0	0.054902	0.14118	0	0	0	0	0	0	0	0	0	0	0	0	0	0	0	0	0	0	0	0	
0	0	0	0	0	0	0	0	0.2	0	0	0	0	0	0	0	0	0	0	0	0	0	0	0	0	0	0	0	0	0	
0	0	0	0	0	0	0	0.070588	0.12941	0	0	0	0	0	0	0	0	0	0	0	0	0	0	0	0	0	0	0	0	0	
0	0	0	0	0	0	0	0.2	0	0	0	0	0	0	0	0	0	0	0	0	0	0	0	0	0	0	0	0	0	0	
0	0	0	0	0	0	0	0.2	0	0	0	0	0	0	0	0	0	0	0	0	0	0	0	0	0	0	0	0	0	0	
0	0	0	0	0	0	0	0.07451	0	0	0	0	0	0	0	0	0	0	0	0	0	0	0	0	0	0	0	0	0	0	

1
1
30		30
2
408	349
392	285
484	351
1
392	337
47
408	349
409	348
410	348
412	346
415	340
420	334
426	328
433	321
441	314
447	308
454	303
459	299
463	294
466	290
468	286
469	285
471	287
472	293
475	300
477	306
480	312
481	318
483	326
484	330
484	333
484	338
484	339
484	341
484	342
483	343
480	344
477	345
469	346
459	347
450	349
439	349
429	351
420	351
411	351
406	351
402	351
400	350
397	345
395	342
394	339
393	338
392	337

	453	349
424	349
454	423
1
424	423
20
453	349
454	351
454	354
454	359
453	363
451	369
449	373
446	379
444	383
441	388
438	393
436	397
432	403
430	408
428	411
426	416
425	418
425	420
425	422
424	423



7
3
30	30
0	0	0	0	0	0	0	0	0	0	0	0	0	0	0	0	0	0.039216	0.015686	0	0	0	0	0	0	0	0	0	0	0	
0	0	0	0	0	0	0	0	0	0	0	0	0	0	0	0	0	0.23922	0.23922	0	0	0	0	0	0	0	0	0	0	0	
0	0	0	0	0	0	0	0	0	0	0	0	0	0	0	0	0.21176	0.031373	0.24314	0	0	0	0	0	0	0	0	0	0	0	
0	0	0	0	0	0	0	0	0	0	0	0	0	0	0.015686	0.22745	0.039216	0	0.24314	0	0	0	0	0	0	0	0	0	0	0	
0	0	0	0	0	0	0	0	0	0	0	0	0	0.011765	0.21961	0.023529	0	0	0.24314	0	0	0	0	0	0	0	0	0	0	0	
0	0	0	0	0	0	0	0	0	0	0	0	0.05098	0.23922	0.011765	0	0	0	0.24314	0	0	0	0	0	0	0	0	0	0	0	
0	0	0	0	0	0	0	0	0	0	0	0.10196	0.2	0	0	0	0	0	0.24314	0	0	0	0	0	0	0	0	0	0	0	
0	0	0	0	0	0	0	0	0	0	0.15294	0.14902	0	0	0	0	0	0	0.2	0.039216	0	0	0	0	0	0	0	0	0	0	
0	0	0	0	0	0	0	0	0	0.1451	0.098039	0	0	0	0	0	0	0	0.023529	0.21569	0	0	0	0	0	0	0	0	0	0	
0	0	0	0	0	0	0	0.015686	0.2	0.10588	0	0	0	0	0	0	0	0	0	0.24314	0	0	0	0	0	0	0	0	0	0	
0	0	0	0	0	0	0.070588	0.23529	0.05098	0	0	0	0	0	0	0	0	0	0	0.24314	0	0	0	0	0	0	0	0	0	0	
0	0	0	0	0.0039216	0.22745	0.17647	0	0	0	0	0	0	0	0	0	0	0	0	0.24314	0	0	0	0	0	0	0	0	0	0	
0	0	0	0	0.21176	0.023529	0	0	0	0	0	0	0	0	0	0	0	0	0	0.24314	0	0	0	0	0	0	0	0	0	0	
0	0	0	0.20784	0.031373	0	0	0	0	0	0	0	0	0	0	0	0	0	0	0.21961	0.019608	0	0	0	0	0	0	0	0	0	
0	0	0.2	0.039216	0	0	0	0	0	0	0	0	0	0	0	0	0	0	0	0.21961	0.019608	0	0	0	0	0	0	0	0	0	
0	0.19216	0.047059	0	0	0	0	0	0	0	0	0	0	0	0	0	0	0	0	0.1098	0.24706	0	0	0	0	0	0	0	0	0	
0.066667	0.058824	0	0	0.023529	0.21961	0.21961	0.23137	0.25098	0.25098	0.25098	0.25098	0.25098	0.25098	0.25098	0.25098	0.25098	0.25098	0.25098	0.14118	0.0039216	0	0	0	0	0	0	0	0	0	
0	0	0	0.082353	0.22745	0.066667	0.23137	0.015686	0	0	0	0	0	0	0	0	0	0	0	0	0	0	0	0	0	0	0	0	0	0	
0	0	0	0	0	0	0.24314	0	0	0	0	0	0	0	0	0	0	0	0	0	0	0	0	0	0	0	0	0	0	0	
0	0	0	0	0	0	0.24314	0	0	0	0	0	0	0	0	0	0	0	0	0	0	0	0	0	0	0	0	0	0	0	
0	0	0	0	0	0	0.24314	0	0	0	0	0	0	0	0	0	0	0	0	0	0	0	0	0	0	0	0	0	0	0	
0	0	0	0	0	0.05098	0.18824	0	0	0	0	0	0	0	0	0	0	0	0	0	0	0	0	0	0	0	0	0	0	0	
0	0	0	0	0	0.13725	0.10196	0	0	0	0	0	0	0	0	0	0	0	0	0	0	0	0	0	0	0	0	0	0	0	
0	0	0	0	0	0.22745	0.011765	0	0	0	0	0	0	0	0	0	0	0	0	0	0	0	0	0	0	0	0	0	0	0	
0	0	0	0	0	0.24314	0	0	0	0	0	0	0	0	0	0	0	0	0	0	0	0	0	0	0	0	0	0	0	0	
0	0	0	0	0.035294	0.20392	0	0	0	0	0	0	0	0	0	0	0	0	0	0	0	0	0	0	0	0	0	0	0	0	
0	0	0	0	0.21961	0.023529	0	0	0	0	0	0	0	0	0	0	0	0	0	0	0	0	0	0	0	0	0	0	0	0	
0	0	0	0.023529	0.21569	0	0	0	0	0	0	0	0	0	0	0	0	0	0	0	0	0	0	0	0	0	0	0	0	0	
0	0	0	0.16863	0.070588	0	0	0	0	0	0	0	0	0	0	0	0	0	0	0	0	0	0	0	0	0	0	0	0	0	
0	0	0	0.054902	0	0	0	0	0	0	0	0	0	0	0	0	0	0	0	0	0	0	0	0	0	0	0	0	0	0	

1
1
30		30
2
681	244
681	183
760	247
1
693	247
38
681	244
682	243
686	239
691	234
698	227
707	222
715	216
723	209
733	201
740	195
746	189
750	185
751	183
753	185
753	189
753	197
754	204
756	212
756	219
757	227
759	231
759	236
760	239
760	240
760	242
757	243
752	243
745	243
739	243
732	244
724	244
715	244
708	246
702	246
697	247
696	247
694	247
693	247

	702	246
692	246
703	294
1
692	294
12
702	246
703	248
703	252
703	258
703	264
702	270
701	276
698	282
695	288
694	291
693	293
692	294



7
3
30	30
0	0	0	0	0	0	0	0	0	0	0.07451	0	0	0	0	0	0	0	0	0	0	0	0	0	0	0	0	0	0	0	
0	0	0	0	0	0	0	0	0	0	0.20784	0	0	0	0	0	0	0	0	0	0	0	0	0	0	0	0	0	0	0	
0	0	0	0	0	0	0	0	0	0	0.20784	0	0	0	0	0	0	0	0	0	0	0	0	0	0	0	0	0	0	0	
0	0	0	0	0	0	0	0	0	0	0.20784	0	0	0	0	0	0	0	0	0	0	0	0	0	0	0	0	0	0	0	
0	0	0	0	0	0	0	0	0	0	0.20784	0	0	0	0	0	0	0	0	0	0	0	0	0	0	0	0	0	0	0	
0	0	0	0	0	0	0	0	0	0	0.20784	0	0	0	0	0	0	0	0	0	0	0	0	0	0	0	0	0	0	0	
0	0	0	0	0	0	0	0	0	0	0.20784	0	0	0	0	0	0	0	0	0	0	0	0	0	0	0	0	0	0	0	
0	0	0	0	0	0	0	0	0	0	0.20784	0	0	0	0	0	0	0	0	0	0	0	0	0	0	0	0	0	0	0	
0	0	0	0	0	0	0	0	0	0	0.20784	0	0	0	0	0	0	0	0	0	0	0	0	0	0	0	0	0	0	0	
0	0	0	0	0	0	0	0	0	0	0.20784	0	0	0	0	0	0	0	0	0	0	0	0	0	0	0	0	0	0	0	
0	0	0	0	0	0	0	0	0	0	0.20784	0	0	0	0	0	0	0	0	0	0	0	0	0	0	0	0	0	0	0	
0	0	0	0	0	0	0	0	0	0	0.20784	0	0	0	0	0	0	0	0	0	0	0	0	0	0	0	0	0	0	0	
0	0	0	0	0	0	0	0	0	0	0.20784	0	0	0	0	0	0	0	0	0	0	0	0	0	0	0	0	0	0	0	
0	0	0	0	0	0	0	0	0	0	0.20784	0	0	0	0	0	0	0	0	0	0	0	0	0	0	0	0	0	0	0	
0	0	0	0	0	0	0	0	0	0	0.20784	0	0	0	0	0	0	0	0	0	0	0	0	0	0	0	0	0	0	0	
0	0	0	0	0	0	0	0	0	0	0.20784	0	0	0	0	0	0	0	0	0	0	0	0	0	0	0	0	0	0	0	
0	0	0	0	0	0	0	0	0	0	0.20784	0	0	0	0	0	0	0	0	0	0	0	0	0	0	0	0	0	0	0	
0	0	0	0	0	0	0	0	0	0	0.20784	0	0	0	0	0	0	0	0	0	0	0	0	0	0	0	0	0	0	0	
0	0	0	0	0	0	0	0	0.078431	0.21176	0.25882	0.16863	0	0	0	0	0	0	0	0	0	0	0	0	0	0	0	0	0	0	
0	0	0	0	0	0	0	0	0	0	0	0.043137	0.21176	0.21176	0.21569	0.090196	0	0	0	0	0	0	0	0	0	0	0	0	0	0	
0.090196	0	0	0	0	0	0	0	0	0	0	0	0	0	0.18431	0.019608	0	0	0	0	0	0	0	0	0	0	0	0	0	0	
0.031373	0.21176	0.05098	0	0	0	0	0	0	0	0	0	0	0.094118	0.1098	0	0	0	0	0	0	0	0	0	0	0	0	0	0	0	
0	0	0.16078	0.047059	0	0	0	0	0	0	0	0	0.090196	0.11373	0	0	0	0	0	0	0	0	0	0	0	0	0	0	0	0	
0	0	0	0.16471	0.043137	0	0	0	0	0	0	0.043137	0.16471	0	0	0	0	0	0	0	0	0	0	0	0	0	0	0	0	0	
0	0	0	0	0.16863	0.039216	0	0	0	0	0	0.20784	0	0	0	0	0	0	0	0	0	0	0	0	0	0	0	0	0	0	
0	0	0	0	0	0.20784	0	0	0	0	0.035294	0.17255	0	0	0	0	0	0	0	0	0	0	0	0	0	0	0	0	0	0	
0	0	0	0	0	0.05098	0.15686	0	0	0	0.20784	0	0	0	0	0	0	0	0	0	0	0	0	0	0	0	0	0	0	0	
0	0	0	0	0	0	0.054902	0.15294	0	0.05098	0.15686	0	0	0	0	0	0	0	0	0	0	0	0	0	0	0	0	0	0	0	
0	0	0	0	0	0	0	0.058824	0.14902	0.20784	0	0	0	0	0	0	0	0	0	0	0	0	0	0	0	0	0	0	0	0	
0	0	0	0	0	0	0	0	0.10588	0.039216	0	0	0	0	0	0	0	0	0	0	0	0	0	0	0	0	0	0	0	0	

1
1
30		30
2
249	279
249	267
318	319
1
287	267
33
249	279
251	282
254	283
258	287
262	291
265	294
270	299
274	305
278	309
282	313
285	316
286	317
286	318
287	319
288	319
289	318
291	316
294	311
297	305
300	299
304	292
309	286
313	282
316	277
318	275
316	275
313	275
308	273
303	272
297	270
292	269
289	269
287	267

	296	267
296	186
297	267
1
296	186
15
296	267
297	265
297	260
297	253
297	246
297	239
297	230
297	220
297	211
297	204
297	198
297	193
297	189
297	187
296	186



7
3
30	30
0	0	0	0	0	0	0	0	0	0	0	0	0.12157	0	0	0	0	0	0	0	0	0	0	0	0	0	0	0	0	0	
0	0	0	0	0	0	0	0	0	0	0	0.15686	0.36471	0.054902	0	0	0	0	0	0	0	0	0	0	0	0	0	0	0	0	
0	0	0	0	0	0	0	0	0	0	0.011765	0.2549	0	0.27059	0	0	0	0	0	0	0	0	0	0	0	0	0	0	0	0	
0	0	0	0	0	0	0	0	0	0	0.25098	0.019608	0	0.27059	0	0	0	0	0	0	0	0	0	0	0	0	0	0	0	0	
0	0	0	0	0	0	0	0	0	0.082353	0.18431	0	0	0.27059	0	0	0	0	0	0	0	0	0	0	0	0	0	0	0	0	
0	0	0	0	0	0	0	0	0	0.26275	0.0078431	0	0	0.07451	0.19216	0	0	0	0	0	0	0	0	0	0	0	0	0	0	0	
0	0	0	0	0	0	0	0	0.20784	0.058824	0	0	0	0	0.27059	0	0	0	0	0	0	0	0	0	0	0	0	0	0	0	
0	0	0	0	0	0	0.031373	0.26275	0.070588	0	0	0	0	0	0.27059	0	0	0	0	0	0	0	0	0	0	0	0	0	0	0	
0	0	0	0	0	0.058824	0.24706	0.015686	0	0	0	0	0	0	0.054902	0.21569	0	0	0	0	0	0	0	0	0	0	0	0	0	0	
0	0	0	0	0.12549	0.21961	0	0	0	0	0	0	0	0	0	0.27059	0	0	0	0	0	0	0	0	0	0	0	0	0	0	
0	0	0	0.19216	0.15294	0	0	0	0	0	0	0	0	0	0	0.19608	0.070588	0	0	0	0	0	0	0	0	0	0	0	0	0	
0.019608	0.078431	0.20392	0.086275	0	0	0	0	0	0	0	0	0	0	0	0.0039216	0.26275	0	0	0	0	0	0	0	0	0	0	0	0	0	
0.027451	0.2	0.07451	0	0	0	0	0.14902	0	0	0	0	0	0	0	0	0.22353	0.047059	0	0	0	0	0	0	0	0	0	0	0	0	
0	0	0	0	0	0	0.094118	0.36863	0.12941	0.12941	0.12941	0.12941	0.12941	0.12941	0.12941	0.12941	0.21176	0.10588	0	0	0	0	0	0	0	0	0	0	0	0	
0	0	0	0	0	0	0.10588	0.38039	0.14902	0.14902	0.14902	0.14902	0.14902	0.14902	0.14902	0.14902	0.094118	0	0	0	0	0	0	0	0	0	0	0	0	0	
0	0	0	0	0	0	0	0.27059	0	0	0	0	0	0	0	0	0	0	0	0	0	0	0	0	0	0	0	0	0	0	
0	0	0	0	0	0	0.18431	0.086275	0	0	0	0	0	0	0	0	0	0	0	0	0	0	0	0	0	0	0	0	0	0	
0	0	0	0	0	0	0.27059	0	0	0	0	0	0	0	0	0	0	0	0	0	0	0	0	0	0	0	0	0	0	0	
0	0	0	0	0	0.23922	0.027451	0	0	0	0	0	0	0	0	0	0	0	0	0	0	0	0	0	0	0	0	0	0	0	
0	0	0	0	0	0.27059	0	0	0	0	0	0	0	0	0	0	0	0	0	0	0	0	0	0	0	0	0	0	0	0	
0	0	0	0	0.11765	0.15294	0	0	0	0	0	0	0	0	0	0	0	0	0	0	0	0	0	0	0	0	0	0	0	0	
0	0	0	0	0.27059	0	0	0	0	0	0	0	0	0	0	0	0	0	0	0	0	0	0	0	0	0	0	0	0	0	
0	0	0	0.062745	0.20392	0	0	0	0	0	0	0	0	0	0	0	0	0	0	0	0	0	0	0	0	0	0	0	0	0	
0	0	0	0.25098	0.015686	0	0	0	0	0	0	0	0	0	0	0	0	0	0	0	0	0	0	0	0	0	0	0	0	0	
0	0	0	0.27059	0	0	0	0	0	0	0	0	0	0	0	0	0	0	0	0	0	0	0	0	0	0	0	0	0	0	
0	0	0.21961	0.05098	0	0	0	0	0	0	0	0	0	0	0	0	0	0	0	0	0	0	0	0	0	0	0	0	0	0	
0	0	0.27059	0	0	0	0	0	0	0	0	0	0	0	0	0	0	0	0	0	0	0	0	0	0	0	0	0	0	0	
0	0	0.27059	0	0	0	0	0	0	0	0	0	0	0	0	0	0	0	0	0	0	0	0	0	0	0	0	0	0	0	
0	0.062745	0.20784	0	0	0	0	0	0	0	0	0	0	0	0	0	0	0	0	0	0	0	0	0	0	0	0	0	0	0	
0	0.011765	0.027451	0	0	0	0	0	0	0	0	0	0	0	0	0	0	0	0	0	0	0	0	0	0	0	0	0	0	0	

1
1
30		30
2
503	771
503	732
562	778
1
523	778
42
503	771
504	772
508	771
511	768
515	765
520	761
525	757
529	754
535	748
538	742
541	738
543	735
544	733
544	732
546	732
547	734
549	737
549	741
550	744
552	749
553	753
555	758
556	762
558	765
559	768
559	770
561	773
562	774
562	776
561	777
560	778
558	778
553	778
549	778
544	778
538	778
535	778
531	778
528	778
526	778
525	778
523	778

	527	773
507	773
528	831
1
507	831
17
527	773
528	774
528	778
527	783
524	789
521	794
519	800
516	805
515	808
513	812
512	815
510	820
509	822
509	825
508	828
507	830
507	831



7
3
20	20
0.13725	0.11373	0.11373	0.11373	0.090196	0.0078431	0	0	0	0	0	0	0	0	0	0	0	0	0	0	
0.05098	0.066667	0	0	0.023529	0.10588	0.11373	0.11373	0.11373	0.11373	0.11373	0.011765	0	0	0	0	0	0	0	0	
0	0.12157	0	0	0	0	0	0	0	0	0.047059	0.070588	0	0	0	0	0	0	0	0	
0	0.090196	0.027451	0	0	0	0	0	0	0.019608	0.098039	0	0	0	0	0	0	0	0	0	
0	0	0.12157	0	0	0	0	0	0.027451	0.090196	0	0	0	0	0	0	0	0	0	0	
0	0	0.12157	0	0	0	0	0.062745	0.086275	0	0	0	0	0	0	0	0	0	0	0	
0	0	0.10196	0.019608	0	0	0.058824	0.058824	0.05098	0.11373	0.07451	0	0	0	0	0	0	0	0	0	
0	0	0.0039216	0.098039	0	0.086275	0.07451	0	0	0	0.035294	0.11373	0.11373	0.0078431	0	0	0	0	0	0	
0	0	0	0.039216	0.11373	0.023529	0	0	0	0	0	0	0	0.10196	0.11373	0.035294	0	0	0	0	
0	0	0	0	0	0	0	0	0	0	0	0	0	0	0	0.078431	0.078431	0	0	0	
0	0	0	0	0	0	0	0	0	0	0	0	0	0	0	0	0.035294	0.10588	0	0	
0	0	0	0	0	0	0	0	0	0	0	0	0	0	0	0	0	0.086275	0.035294	0	
0	0	0	0	0	0	0	0	0	0	0	0	0	0	0	0	0	0	0.11765	0	
0	0	0	0	0	0	0	0	0	0	0	0	0	0	0	0	0	0	0.0039216	0.070588	
0	0	0	0	0	0	0	0	0	0	0	0	0	0	0	0	0	0	0	0	
0	0	0	0	0	0	0	0	0	0	0	0	0	0	0	0	0	0	0	0	
0	0	0	0	0	0	0	0	0	0	0	0	0	0	0	0	0	0	0	0	
0	0	0	0	0	0	0	0	0	0	0	0	0	0	0	0	0	0	0	0	
0	0	0	0	0	0	0	0	0	0	0	0	0	0	0	0	0	0	0	0	
0	0	0	0	0	0	0	0	0	0	0	0	0	0	0	0	0	0	0	0	

1
1
20		20
2
857	195
835	131
923	204
1
862	203
56
857	195
857	192
857	189
856	185
854	180
854	177
853	174
851	168
850	163
847	158
845	152
842	148
842	144
840	140
839	139
838	137
838	136
838	135
837	134
836	133
836	132
835	131
836	131
838	131
842	132
849	133
858	134
868	136
879	138
888	139
896	141
905	142
911	142
916	144
919	144
921	144
922	144
923	145
923	147
921	153
917	157
913	161
907	167
902	172
897	177
892	180
889	184
885	189
880	192
875	196
873	198
869	201
866	202
865	203
864	204
862	203

	902	181
902	181
992	245
1
992	245
23
902	181
906	183
908	184
915	187
921	189
927	191
934	195
942	198
950	201
956	205
961	208
965	211
968	214
971	216
974	218
975	221
976	223
978	227
981	231
985	235
987	239
989	242
992	245



