7
3
30	30
0	0	0	0	0	0	0	0	0	0	0	0	0	0.11373	0	0	0	0	0	0	0	0	0	0	0	0	0	0	0	0	
0	0	0	0	0	0	0	0	0	0	0	0	0.058824	0.27451	0.043137	0	0	0	0	0	0	0	0	0	0	0	0	0	0	0	
0	0	0	0	0	0	0	0	0	0	0	0.05098	0.13725	0	0.19216	0	0	0	0	0	0	0	0	0	0	0	0	0	0	0	
0	0	0	0	0	0	0	0	0	0	0.043137	0.1451	0	0	0.19216	0	0	0	0	0	0	0	0	0	0	0	0	0	0	0	
0	0	0	0	0	0	0	0	0	0.07451	0.15294	0	0	0	0.19216	0	0	0	0	0	0	0	0	0	0	0	0	0	0	0	
0	0	0	0	0	0	0	0	0.066667	0.12157	0	0	0	0	0.19216	0	0	0	0	0	0	0	0	0	0	0	0	0	0	0	
0	0	0	0	0	0	0	0.058824	0.12941	0	0	0	0	0	0.19216	0	0	0	0	0	0	0	0	0	0	0	0	0	0	0	
0	0	0	0	0	0.0039216	0.2	0.13725	0	0	0	0	0	0	0.19216	0	0	0	0	0	0	0	0	0	0	0	0	0	0	0	
0	0	0	0	0.07451	0.19216	0	0	0	0	0	0	0	0	0.19216	0	0	0	0	0	0	0	0	0	0	0	0	0	0	0	
0	0	0	0.10588	0.12157	0	0	0	0	0	0	0	0	0	0.19216	0	0	0	0	0	0	0	0	0	0	0	0	0	0	0	
0	0	0.17647	0.090196	0	0	0	0	0	0	0	0	0	0	0.19216	0	0	0	0	0	0	0	0	0	0	0	0	0	0	0	
0.16078	0.32941	0.043137	0	0	0	0.07451	0	0	0	0	0	0	0	0.19216	0	0	0	0	0	0	0	0	0	0	0	0	0	0	0	
0	0	0.17647	0.2	0.2	0.2	0.35294	0.19608	0.05098	0	0	0	0	0	0.19216	0	0	0	0	0	0	0	0	0	0	0	0	0	0	0	
0	0	0	0	0	0	0.19216	0	0.1451	0.2	0.2	0.2	0.098039	0	0.19216	0	0	0	0	0	0	0	0	0	0	0	0	0	0	0	
0	0	0	0	0	0	0.19216	0	0	0	0	0	0.098039	0.2	0.16078	0	0	0	0	0	0	0	0	0	0	0	0	0	0	0	
0	0	0	0	0	0	0.19216	0	0	0	0	0	0	0	0	0	0	0	0	0	0	0	0	0	0	0	0	0	0	0	
0	0	0	0	0	0	0.19216	0	0	0	0	0	0	0	0	0	0	0	0	0	0	0	0	0	0	0	0	0	0	0	
0	0	0	0	0	0.027451	0.16078	0	0	0	0	0	0	0	0	0	0	0	0	0	0	0	0	0	0	0	0	0	0	0	
0	0	0	0	0	0.19216	0	0	0	0	0	0	0	0	0	0	0	0	0	0	0	0	0	0	0	0	0	0	0	0	
0	0	0	0	0	0.19216	0	0	0	0	0	0	0	0	0	0	0	0	0	0	0	0	0	0	0	0	0	0	0	0	
0	0	0	0	0	0.19216	0	0	0	0	0	0	0	0	0	0	0	0	0	0	0	0	0	0	0	0	0	0	0	0	
0	0	0	0	0.15294	0.035294	0	0	0	0	0	0	0	0	0	0	0	0	0	0	0	0	0	0	0	0	0	0	0	0	
0	0	0	0	0.19216	0	0	0	0	0	0	0	0	0	0	0	0	0	0	0	0	0	0	0	0	0	0	0	0	0	
0	0	0	0.090196	0.098039	0	0	0	0	0	0	0	0	0	0	0	0	0	0	0	0	0	0	0	0	0	0	0	0	0	
0	0	0	0.19216	0	0	0	0	0	0	0	0	0	0	0	0	0	0	0	0	0	0	0	0	0	0	0	0	0	0	
0	0	0.098039	0.090196	0	0	0	0	0	0	0	0	0	0	0	0	0	0	0	0	0	0	0	0	0	0	0	0	0	0	
0	0	0.19216	0	0	0	0	0	0	0	0	0	0	0	0	0	0	0	0	0	0	0	0	0	0	0	0	0	0	0	
0	0.090196	0.098039	0	0	0	0	0	0	0	0	0	0	0	0	0	0	0	0	0	0	0	0	0	0	0	0	0	0	0	
0	0.19216	0	0	0	0	0	0	0	0	0	0	0	0	0	0	0	0	0	0	0	0	0	0	0	0	0	0	0	0	
0.043137	0.027451	0	0	0	0	0	0	0	0	0	0	0	0	0	0	0	0	0	0	0	0	0	0	0	0	0	0	0	0	

1
1
30		30
2
373	244
369	189
440	258
1
369	241
59
373	244
374	243
376	241
378	239
381	237
385	235
389	231
393	228
399	224
405	221
410	216
416	210
421	206
426	201
429	198
433	194
436	191
436	190
437	189
437	192
439	195
439	201
439	206
439	213
439	221
439	227
439	235
439	243
439	249
439	254
440	257
440	258
438	258
435	257
433	257
428	254
424	254
419	252
416	251
413	251
409	251
405	250
404	249
403	249
401	249
400	248
398	248
395	248
392	248
391	248
388	248
385	248
380	248
377	246
374	245
371	245
370	244
369	243
369	241

	400	244
370	244
401	332
1
370	332
26
400	244
401	245
401	246
401	249
401	252
401	255
401	260
400	264
399	267
398	271
397	275
396	279
395	282
393	286
392	291
390	296
387	302
385	308
382	312
379	317
377	322
375	324
373	328
372	329
372	330
370	332



7
3
30	30
0	0	0	0	0	0	0	0	0	0	0	0	0	0	0	0	0	0	0	0.086275	0	0.086275	0	0	0	0	0	0	0	0	
0	0	0	0	0	0	0	0	0	0	0	0	0	0	0	0	0	0	0	0.043137	0.11765	0.16471	0	0	0	0	0	0	0	0	
0	0	0	0	0	0	0	0	0	0	0	0	0	0	0	0	0	0	0	0	0.035294	0.2902	0.05098	0	0	0	0	0	0	0	
0	0	0	0	0	0	0	0	0	0	0	0	0	0	0	0	0	0	0	0	0	0.16471	0.10196	0.1098	0	0	0	0	0	0	
0	0	0	0	0	0	0	0	0	0	0	0	0	0	0	0	0	0	0	0	0	0.16471	0	0.039216	0.1451	0.0039216	0	0	0	0	
0	0	0	0	0	0	0	0	0	0	0	0	0	0	0	0	0	0	0	0	0.10588	0.054902	0	0	0.0078431	0.14902	0.054902	0	0	0	
0.07451	0.15294	0.047059	0	0	0	0	0	0	0	0	0	0	0	0	0	0	0	0	0	0.16471	0	0	0	0	0	0.094118	0.15294	0.05098	0	
0	0	0.10588	0.15294	0.15294	0.15294	0.15294	0.15294	0.15294	0.15294	0.15294	0.15294	0.15294	0.15294	0.15294	0.15294	0.15294	0.15294	0.15294	0.11765	0.16471	0	0	0	0	0	0	0	0.1451	0.15294	
0	0	0	0	0	0	0	0	0	0	0	0	0	0	0	0	0	0	0	0	0.16471	0	0	0	0	0	0.10588	0.15294	0.10196	0	
0	0	0	0	0	0	0	0	0	0	0	0	0	0	0	0	0	0	0	0	0.16471	0	0	0.14118	0.15294	0.15294	0.043137	0	0	0	
0	0	0	0	0	0	0	0	0	0	0	0	0	0	0	0	0	0	0	0.043137	0.12157	0.13333	0.15294	0.011765	0	0	0	0	0	0	
0	0	0	0	0	0	0	0	0	0	0	0	0	0	0	0	0	0	0	0.019608	0.17255	0.019608	0	0	0	0	0	0	0	0	
0	0	0	0	0	0	0	0	0	0	0	0	0	0	0	0	0	0	0	0	0	0	0	0	0	0	0	0	0	0	
0	0	0	0	0	0	0	0	0	0	0	0	0	0	0	0	0	0	0	0	0	0	0	0	0	0	0	0	0	0	
0	0	0	0	0	0	0	0	0	0	0	0	0	0	0	0	0	0	0	0	0	0	0	0	0	0	0	0	0	0	
0	0	0	0	0	0	0	0	0	0	0	0	0	0	0	0	0	0	0	0	0	0	0	0	0	0	0	0	0	0	
0	0	0	0	0	0	0	0	0	0	0	0	0	0	0	0	0	0	0	0	0	0	0	0	0	0	0	0	0	0	
0	0	0	0	0	0	0	0	0	0	0	0	0	0	0	0	0	0	0	0	0	0	0	0	0	0	0	0	0	0	
0	0	0	0	0	0	0	0	0	0	0	0	0	0	0	0	0	0	0	0	0	0	0	0	0	0	0	0	0	0	
0	0	0	0	0	0	0	0	0	0	0	0	0	0	0	0	0	0	0	0	0	0	0	0	0	0	0	0	0	0	
0	0	0	0	0	0	0	0	0	0	0	0	0	0	0	0	0	0	0	0	0	0	0	0	0	0	0	0	0	0	
0	0	0	0	0	0	0	0	0	0	0	0	0	0	0	0	0	0	0	0	0	0	0	0	0	0	0	0	0	0	
0	0	0	0	0	0	0	0	0	0	0	0	0	0	0	0	0	0	0	0	0	0	0	0	0	0	0	0	0	0	
0	0	0	0	0	0	0	0	0	0	0	0	0	0	0	0	0	0	0	0	0	0	0	0	0	0	0	0	0	0	
0	0	0	0	0	0	0	0	0	0	0	0	0	0	0	0	0	0	0	0	0	0	0	0	0	0	0	0	0	0	
0	0	0	0	0	0	0	0	0	0	0	0	0	0	0	0	0	0	0	0	0	0	0	0	0	0	0	0	0	0	
0	0	0	0	0	0	0	0	0	0	0	0	0	0	0	0	0	0	0	0	0	0	0	0	0	0	0	0	0	0	
0	0	0	0	0	0	0	0	0	0	0	0	0	0	0	0	0	0	0	0	0	0	0	0	0	0	0	0	0	0	
0	0	0	0	0	0	0	0	0	0	0	0	0	0	0	0	0	0	0	0	0	0	0	0	0	0	0	0	0	0	
0	0	0	0	0	0	0	0	0	0	0	0	0	0	0	0	0	0	0	0	0	0	0	0	0	0	0	0	0	0	

1
1
30		30
2
600	331
600	331
660	402
1
611	331
46
600	331
600	332
604	337
607	340
614	345
619	349
624	352
629	357
634	361
637	364
642	367
646	370
650	371
652	373
656	374
657	375
658	376
660	376
659	378
655	380
648	384
642	386
634	389
626	391
619	394
614	397
608	400
607	400
606	401
604	402
603	400
603	397
604	393
605	388
607	383
608	378
608	372
608	366
610	360
610	352
610	346
610	341
610	336
611	334
611	333
611	331

	601	378
485	371
601	379
1
485	371
26
601	378
600	379
599	379
596	379
594	379
590	379
588	379
584	379
578	379
570	379
561	379
551	379
541	379
532	379
523	379
515	379
508	378
502	377
498	375
494	372
492	371
491	371
490	371
488	371
487	371
485	371



7
3
30	30
0	0	0	0	0	0	0	0	0	0	0	0	0	0	0.066667	0	0	0	0	0	0	0	0	0	0	0	0	0	0	0	
0	0	0	0	0	0	0	0	0	0	0	0	0	0	0.21176	0	0	0	0	0	0	0	0	0	0	0	0	0	0	0	
0	0	0	0	0	0	0	0	0	0	0	0	0	0	0.21176	0	0	0	0	0	0	0	0	0	0	0	0	0	0	0	
0	0	0	0	0	0	0	0	0	0	0	0	0	0	0.21176	0	0	0	0	0	0	0	0	0	0	0	0	0	0	0	
0	0	0	0	0	0	0	0	0	0	0	0	0	0	0.21176	0	0	0	0	0	0	0	0	0	0	0	0	0	0	0	
0	0	0	0	0	0	0	0	0	0	0	0	0	0	0.21176	0	0	0	0	0	0	0	0	0	0	0	0	0	0	0	
0	0	0	0	0	0	0	0	0	0	0	0	0	0.062745	0.1451	0	0	0	0	0	0	0	0	0	0	0	0	0	0	0	
0	0	0	0	0	0	0	0	0	0	0	0	0	0.21176	0	0	0	0	0	0	0	0	0	0	0	0	0	0	0	0	
0	0	0	0	0	0	0	0	0	0	0	0	0	0.21176	0	0	0	0	0	0	0	0	0	0	0	0	0	0	0	0	
0	0	0	0	0	0	0	0	0	0	0	0	0.17647	0.035294	0	0	0	0	0	0	0	0	0	0	0	0	0	0	0	0	
0	0	0	0	0	0	0	0	0	0	0	0	0.21176	0	0	0	0	0	0	0	0	0	0	0	0	0	0	0	0	0	
0	0	0	0	0	0	0	0	0	0	0	0.054902	0.15294	0	0	0	0	0	0	0	0	0	0	0	0	0	0	0	0	0	
0	0	0	0	0	0	0	0	0	0	0	0.21176	0	0	0	0	0	0	0	0	0	0	0	0	0	0	0	0	0	0	
0	0	0	0	0	0	0	0	0	0	0	0.21176	0	0	0	0	0	0	0	0	0	0	0	0	0	0	0	0	0	0	
0	0	0	0	0	0	0	0	0	0	0.14902	0.058824	0	0	0	0	0	0	0	0	0	0	0	0	0	0	0	0	0	0	
0	0	0	0	0	0	0	0	0	0	0.21176	0	0	0	0	0	0	0	0	0	0	0	0	0	0	0	0	0	0	0	
0	0	0	0	0	0	0	0	0	0.11373	0.098039	0	0	0	0	0	0	0	0	0	0	0	0	0	0	0	0	0	0	0	
0	0	0	0	0	0	0	0	0	0.21176	0	0	0	0	0	0	0	0	0	0	0	0	0	0	0	0	0	0	0	0	
0	0	0	0	0	0	0	0	0.0078431	0.2	0	0	0	0	0	0	0	0	0	0	0	0	0	0	0	0	0	0	0	0	
0.10196	0.23529	0.22353	0.22353	0.22353	0.16078	0.031373	0	0.21176	0	0	0	0	0	0	0	0	0	0	0	0	0	0	0	0	0	0	0	0	0	
0.0078431	0.2	0	0	0	0.062745	0.19216	0.22353	0.33725	0.19608	0.019608	0.019608	0.015686	0	0	0	0	0	0	0	0	0	0	0	0	0	0	0	0	0	
0	0.19608	0.015686	0	0	0	0	0	0	0.027451	0.2	0.2	0.20392	0.22353	0.22353	0.22353	0.23137	0.047059	0	0	0	0	0	0	0	0	0	0	0	0	
0	0.0039216	0.20392	0	0	0	0	0	0	0	0	0	0	0	0	0	0.035294	0.17255	0	0	0	0	0	0	0	0	0	0	0	0	
0	0	0.047059	0.16078	0	0	0	0	0	0	0	0	0	0	0	0	0.21176	0	0	0	0	0	0	0	0	0	0	0	0	0	
0	0	0	0.10588	0.10196	0	0	0	0	0	0	0	0	0	0	0.16863	0.090196	0	0	0	0	0	0	0	0	0	0	0	0	0	
0	0	0	0	0.17255	0.039216	0	0	0	0	0	0	0	0.0039216	0.2	0.054902	0	0	0	0	0	0	0	0	0	0	0	0	0	0	
0	0	0	0	0.011765	0.2	0	0	0	0	0	0	0.098039	0.21961	0.023529	0	0	0	0	0	0	0	0	0	0	0	0	0	0	0	
0	0	0	0	0	0.062745	0.14902	0	0	0	0	0.14902	0.12549	0	0	0	0	0	0	0	0	0	0	0	0	0	0	0	0	0	
0	0	0	0	0	0	0.13725	0	0	0.015686	0.21569	0.070588	0	0	0	0	0	0	0	0	0	0	0	0	0	0	0	0	0	0	
0	0	0	0	0	0	0	0	0	0.058824	0.0039216	0	0	0	0	0	0	0	0	0	0	0	0	0	0	0	0	0	0	0	

1
1
30		30
2
445	534
417	495
494	537
1
459	537
42
445	534
443	530
439	525
435	519
431	515
426	509
423	505
420	500
419	497
418	496
417	495
418	495
423	495
426	495
432	495
438	496
443	497
448	499
454	499
460	501
467	501
474	502
481	502
487	504
490	504
493	504
494	506
494	507
492	511
490	514
487	517
483	520
480	522
477	525
475	526
471	528
468	530
466	532
464	534
463	535
460	536
459	537

	454	498
454	411
481	498
1
481	411
18
454	498
455	494
457	489
460	482
463	475
466	469
469	462
472	455
474	449
477	443
479	438
481	431
481	427
481	421
481	418
481	415
481	412
481	411



7
3
30	30
0	0	0	0	0	0	0	0	0	0.015686	0.1098	0	0	0	0	0	0	0	0	0	0	0	0	0	0	0	0	0	0	0	
0	0	0	0	0	0	0	0	0.0039216	0.19608	0.2	0	0	0	0	0	0	0	0	0	0	0	0	0	0	0	0	0	0	0	
0	0	0	0	0	0	0	0.0078431	0.17647	0.015686	0.2	0	0	0	0	0	0	0	0	0	0	0	0	0	0	0	0	0	0	0	
0	0	0	0	0	0	0.062745	0.18431	0.011765	0	0.2	0	0	0	0	0	0	0	0	0	0	0	0	0	0	0	0	0	0	0	
0	0	0	0	0.082353	0.19216	0.12549	0	0	0	0.2	0	0	0	0	0	0	0	0	0	0	0	0	0	0	0	0	0	0	0	
0	0	0.023529	0.19216	0.1098	0	0	0	0	0	0.2	0	0	0	0	0	0	0	0	0	0	0	0	0	0	0	0	0	0	0	
0	0.1098	0.16471	0	0	0	0	0	0	0	0.2	0	0	0	0	0	0	0	0	0	0	0	0	0	0	0	0	0	0	0	
0.11765	0.086275	0	0	0	0	0	0	0	0	0.2	0	0	0	0	0	0	0	0	0	0	0	0	0	0	0	0	0	0	0	
0.031373	0.20392	0	0	0	0	0	0	0.054902	0.23137	0.31765	0.19216	0.19216	0.19216	0.19216	0.19216	0.19216	0.16863	0.054902	0	0	0	0	0	0	0	0	0	0	0	
0	0.098039	0.098039	0	0	0	0	0	0	0.2	0	0	0	0	0	0	0	0.019608	0.13725	0.18824	0.12549	0	0	0	0	0	0	0	0	0	
0	0	0.090196	0.12941	0	0	0	0	0	0.2	0	0	0	0	0	0	0	0	0	0	0.066667	0.19216	0.19216	0.19216	0.19216	0.19216	0.19216	0.19216	0.19216	0.07451	
0	0	0	0.058824	0.19216	0.039216	0	0	0.023529	0.17255	0	0	0	0	0	0	0	0	0	0	0	0	0	0	0	0	0	0	0	0	
0	0	0	0	0	0.15294	0.20392	0	0.19216	0.0039216	0	0	0	0	0	0	0	0	0	0	0	0	0	0	0	0	0	0	0	0	
0	0	0	0	0	0	0.062745	0.015686	0.082353	0	0	0	0	0	0	0	0	0	0	0	0	0	0	0	0	0	0	0	0	0	
0	0	0	0	0	0	0	0	0	0	0	0	0	0	0	0	0	0	0	0	0	0	0	0	0	0	0	0	0	0	
0	0	0	0	0	0	0	0	0	0	0	0	0	0	0	0	0	0	0	0	0	0	0	0	0	0	0	0	0	0	
0	0	0	0	0	0	0	0	0	0	0	0	0	0	0	0	0	0	0	0	0	0	0	0	0	0	0	0	0	0	
0	0	0	0	0	0	0	0	0	0	0	0	0	0	0	0	0	0	0	0	0	0	0	0	0	0	0	0	0	0	
0	0	0	0	0	0	0	0	0	0	0	0	0	0	0	0	0	0	0	0	0	0	0	0	0	0	0	0	0	0	
0	0	0	0	0	0	0	0	0	0	0	0	0	0	0	0	0	0	0	0	0	0	0	0	0	0	0	0	0	0	
0	0	0	0	0	0	0	0	0	0	0	0	0	0	0	0	0	0	0	0	0	0	0	0	0	0	0	0	0	0	
0	0	0	0	0	0	0	0	0	0	0	0	0	0	0	0	0	0	0	0	0	0	0	0	0	0	0	0	0	0	
0	0	0	0	0	0	0	0	0	0	0	0	0	0	0	0	0	0	0	0	0	0	0	0	0	0	0	0	0	0	
0	0	0	0	0	0	0	0	0	0	0	0	0	0	0	0	0	0	0	0	0	0	0	0	0	0	0	0	0	0	
0	0	0	0	0	0	0	0	0	0	0	0	0	0	0	0	0	0	0	0	0	0	0	0	0	0	0	0	0	0	
0	0	0	0	0	0	0	0	0	0	0	0	0	0	0	0	0	0	0	0	0	0	0	0	0	0	0	0	0	0	
0	0	0	0	0	0	0	0	0	0	0	0	0	0	0	0	0	0	0	0	0	0	0	0	0	0	0	0	0	0	
0	0	0	0	0	0	0	0	0	0	0	0	0	0	0	0	0	0	0	0	0	0	0	0	0	0	0	0	0	0	
0	0	0	0	0	0	0	0	0	0	0	0	0	0	0	0	0	0	0	0	0	0	0	0	0	0	0	0	0	0	
0	0	0	0	0	0	0	0	0	0	0	0	0	0	0	0	0	0	0	0	0	0	0	0	0	0	0	0	0	0	

1
1
30		30
2
280	518
249	453
296	518
1
288	518
46
280	518
279	515
275	513
272	512
268	509
263	506
260	503
258	501
255	498
254	497
253	495
252	494
252	493
251	491
250	491
249	490
252	486
257	483
262	479
269	475
275	472
281	469
285	465
286	464
289	461
291	459
292	457
293	456
295	454
296	453
296	455
296	458
296	462
296	465
296	469
296	474
296	477
296	483
296	488
296	492
294	498
292	503
291	509
289	514
288	516
288	518

	289	495
289	494
390	504
1
390	504
22
289	495
291	494
295	495
300	495
304	495
312	495
318	495
325	495
330	495
334	496
337	496
342	498
347	501
349	502
356	503
361	504
368	504
375	504
381	504
387	504
388	504
390	504



7
3
30	30
0	0	0	0	0	0	0	0	0	0	0	0	0	0	0	0.11373	0	0	0	0	0	0	0	0	0	0	0	0	0	0	
0	0	0	0	0	0	0	0	0	0	0	0	0	0.047059	0.19608	0.24314	0.011765	0	0	0	0	0	0	0	0	0	0	0	0	0	
0	0	0	0	0	0	0	0	0	0	0	0	0.07451	0.15294	0	0.11373	0.07451	0	0	0	0	0	0	0	0	0	0	0	0	0	
0	0	0	0	0	0	0	0	0	0	0	0.18039	0.12549	0	0	0.07451	0.11765	0	0	0	0	0	0	0	0	0	0	0	0	0	
0	0	0	0	0	0	0	0	0	0	0.18431	0.019608	0	0	0	0	0.19608	0	0	0	0	0	0	0	0	0	0	0	0	0	
0	0	0	0	0	0	0	0	0.043137	0.2	0.011765	0	0	0	0	0	0.19608	0	0	0	0	0	0	0	0	0	0	0	0	0	
0	0	0	0	0	0	0	0.070588	0.15686	0	0	0	0	0	0	0	0.19608	0	0	0	0	0	0	0	0	0	0	0	0	0	
0	0	0	0	0	0	0.12549	0.12549	0	0	0	0	0	0	0	0	0.18824	0.0039216	0	0	0	0	0	0	0	0	0	0	0	0	
0	0	0	0	0	0.11765	0.07451	0	0	0	0	0	0	0	0	0	0.066667	0.12549	0	0	0	0	0	0	0	0	0	0	0	0	
0	0	0	0	0.14902	0.082353	0	0	0	0	0	0	0	0	0	0	0	0.19608	0	0	0	0	0	0	0	0	0	0	0	0	
0	0	0.011765	0.18039	0.047059	0	0	0	0	0	0	0	0	0	0	0	0	0.19608	0	0	0	0	0	0	0	0	0	0	0	0	
0.082353	0.2	0.18824	0.019608	0	0	0	0	0	0.0078431	0	0	0	0	0	0	0	0.12157	0.070588	0	0	0	0	0	0	0	0	0	0	0	
0	0	0	0	0	0	0	0	0	0.19216	0	0	0	0	0	0	0	0	0.19608	0	0	0	0	0	0	0	0	0	0	0	
0	0	0	0	0	0	0.078431	0	0	0.19216	0	0	0	0	0	0	0	0	0.19608	0	0	0	0	0	0	0	0	0	0	0	
0	0	0	0	0	0	0.062745	0.2	0.2	0.23922	0	0	0	0	0	0	0	0	0.1098	0.082353	0	0	0	0	0	0	0	0	0	0	
0	0	0	0	0	0	0	0	0	0.31373	0.2	0.2	0.2	0.2	0.2	0.2	0.2	0.2	0.2	0.082353	0	0	0	0	0	0	0	0	0	0	
0	0	0	0	0	0	0	0	0	0.19608	0	0	0	0	0	0	0	0	0	0	0	0	0	0	0	0	0	0	0	0	
0	0	0	0	0	0	0	0	0	0.19608	0	0	0	0	0	0	0	0	0	0	0	0	0	0	0	0	0	0	0	0	
0	0	0	0	0	0	0	0	0	0.19608	0	0	0	0	0	0	0	0	0	0	0	0	0	0	0	0	0	0	0	0	
0	0	0	0	0	0	0	0	0	0.19608	0	0	0	0	0	0	0	0	0	0	0	0	0	0	0	0	0	0	0	0	
0	0	0	0	0	0	0	0	0	0.19608	0	0	0	0	0	0	0	0	0	0	0	0	0	0	0	0	0	0	0	0	
0	0	0	0	0	0	0	0	0	0.19608	0	0	0	0	0	0	0	0	0	0	0	0	0	0	0	0	0	0	0	0	
0	0	0	0	0	0	0	0	0	0.19608	0	0	0	0	0	0	0	0	0	0	0	0	0	0	0	0	0	0	0	0	
0	0	0	0	0	0	0	0	0.16863	0.023529	0	0	0	0	0	0	0	0	0	0	0	0	0	0	0	0	0	0	0	0	
0	0	0	0	0	0	0	0	0.19608	0	0	0	0	0	0	0	0	0	0	0	0	0	0	0	0	0	0	0	0	0	
0	0	0	0	0	0	0	0.039216	0.15294	0	0	0	0	0	0	0	0	0	0	0	0	0	0	0	0	0	0	0	0	0	
0	0	0	0	0	0	0	0.16471	0.027451	0	0	0	0	0	0	0	0	0	0	0	0	0	0	0	0	0	0	0	0	0	
0	0	0	0	0	0	0	0.19608	0	0	0	0	0	0	0	0	0	0	0	0	0	0	0	0	0	0	0	0	0	0	
0	0	0	0	0	0	0	0.19608	0	0	0	0	0	0	0	0	0	0	0	0	0	0	0	0	0	0	0	0	0	0	
0	0	0	0	0	0	0	0.07451	0	0	0	0	0	0	0	0	0	0	0	0	0	0	0	0	0	0	0	0	0	0	

1
1
30		30
2
356	636
356	582
451	654
1
385	647
45
356	636
357	637
358	637
360	637
363	637
368	633
376	627
383	620
392	613
403	604
410	598
418	593
424	588
429	585
432	582
433	584
434	588
434	593
436	600
437	609
439	618
442	628
445	637
446	642
448	647
449	650
451	652
451	653
449	654
444	654
437	653
429	653
420	653
411	653
404	653
400	653
396	651
395	651
394	651
392	651
391	650
389	650
388	649
387	648
385	647

	403	638
389	638
403	723
1
389	723
23
403	638
403	642
403	647
403	653
402	658
402	665
400	671
400	675
400	680
399	686
399	689
399	692
397	695
397	698
396	700
395	703
394	705
393	710
391	713
390	718
390	720
390	722
389	723



7
3
30	30
0	0	0	0	0	0	0	0	0	0	0	0	0	0	0	0	0	0.12941	0.047059	0	0	0	0	0	0	0	0	0	0	0	
0	0	0	0	0	0	0	0	0	0	0	0	0	0	0	0	0	0.031373	0.21569	0.25098	0.027451	0	0	0	0	0	0	0	0	0	
0	0	0	0	0	0	0	0	0	0	0	0	0	0	0	0	0.015686	0.0078431	0	0.0078431	0.23137	0.035294	0	0	0	0	0	0	0	0	
0	0	0	0	0	0	0	0	0	0	0	0	0	0	0	0	0.17647	0.10196	0	0	0	0.22353	0.05098	0	0	0	0	0	0	0	
0	0	0	0	0	0	0	0	0	0	0	0	0	0	0	0	0.17647	0.10196	0	0	0	0	0.20784	0.070588	0	0	0	0	0	0	
0.039216	0.26275	0.26275	0.21176	0	0	0	0	0	0	0	0	0	0	0	0	0.17647	0.10196	0	0	0	0	0	0.18824	0.26275	0.21961	0.015686	0	0	0	
0	0	0	0.047059	0.26275	0.25098	0.070588	0	0	0	0	0	0.015686	0.15686	0.15686	0.15686	0.36471	0.24706	0	0	0	0	0	0	0	0.039216	0.24706	0.23529	0.0039216	0	
0	0	0	0	0	0.011765	0.19216	0.26275	0.26275	0.26275	0.26275	0.26275	0.24314	0.10196	0.10196	0.10196	0.21569	0.090196	0	0	0	0	0	0	0	0	0	0.023529	0.23529	0.015686	
0	0	0	0	0	0	0	0	0	0	0	0	0	0	0	0.0039216	0.27059	0	0	0	0	0	0	0	0	0	0	0.011765	0.21176	0.066667	
0	0	0	0	0	0	0	0	0	0	0	0	0	0	0	0.015686	0.25882	0	0	0	0	0	0	0	0	0.05098	0.26275	0.24706	0.066667	0	
0	0	0	0	0	0	0	0	0	0	0	0	0	0	0	0.015686	0.25882	0	0	0	0	0	0	0.16078	0.26275	0.20784	0	0	0	0	
0	0	0	0	0	0	0	0	0	0	0	0	0	0	0	0.26275	0.011765	0	0	0	0.082353	0.25882	0.26275	0.098039	0	0	0	0	0	0	
0	0	0	0	0	0	0	0	0	0	0	0	0	0	0	0.27843	0	0	0.082353	0.26275	0.17647	0	0	0	0	0	0	0	0	0	
0	0	0	0	0	0	0	0	0	0	0	0	0	0	0	0.26275	0.20784	0.26275	0.17647	0	0	0	0	0	0	0	0	0	0	0	
0	0	0	0	0	0	0	0	0	0	0	0	0	0	0	0	0.054902	0	0	0	0	0	0	0	0	0	0	0	0	0	
0	0	0	0	0	0	0	0	0	0	0	0	0	0	0	0	0	0	0	0	0	0	0	0	0	0	0	0	0	0	
0	0	0	0	0	0	0	0	0	0	0	0	0	0	0	0	0	0	0	0	0	0	0	0	0	0	0	0	0	0	
0	0	0	0	0	0	0	0	0	0	0	0	0	0	0	0	0	0	0	0	0	0	0	0	0	0	0	0	0	0	
0	0	0	0	0	0	0	0	0	0	0	0	0	0	0	0	0	0	0	0	0	0	0	0	0	0	0	0	0	0	
0	0	0	0	0	0	0	0	0	0	0	0	0	0	0	0	0	0	0	0	0	0	0	0	0	0	0	0	0	0	
0	0	0	0	0	0	0	0	0	0	0	0	0	0	0	0	0	0	0	0	0	0	0	0	0	0	0	0	0	0	
0	0	0	0	0	0	0	0	0	0	0	0	0	0	0	0	0	0	0	0	0	0	0	0	0	0	0	0	0	0	
0	0	0	0	0	0	0	0	0	0	0	0	0	0	0	0	0	0	0	0	0	0	0	0	0	0	0	0	0	0	
0	0	0	0	0	0	0	0	0	0	0	0	0	0	0	0	0	0	0	0	0	0	0	0	0	0	0	0	0	0	
0	0	0	0	0	0	0	0	0	0	0	0	0	0	0	0	0	0	0	0	0	0	0	0	0	0	0	0	0	0	
0	0	0	0	0	0	0	0	0	0	0	0	0	0	0	0	0	0	0	0	0	0	0	0	0	0	0	0	0	0	
0	0	0	0	0	0	0	0	0	0	0	0	0	0	0	0	0	0	0	0	0	0	0	0	0	0	0	0	0	0	
0	0	0	0	0	0	0	0	0	0	0	0	0	0	0	0	0	0	0	0	0	0	0	0	0	0	0	0	0	0	
0	0	0	0	0	0	0	0	0	0	0	0	0	0	0	0	0	0	0	0	0	0	0	0	0	0	0	0	0	0	
0	0	0	0	0	0	0	0	0	0	0	0	0	0	0	0	0	0	0	0	0	0	0	0	0	0	0	0	0	0	

1
1
30		30
2
522	662
516	662
563	712
1
520	670
45
522	662
523	662
527	664
530	665
535	670
540	675
543	678
547	679
550	681
552	681
553	682
555	682
556	682
558	684
559	685
561	687
562	688
563	689
563	690
560	693
555	696
551	697
546	699
540	702
536	703
530	706
525	709
521	709
518	711
517	712
516	711
516	706
517	700
517	696
518	691
520	688
520	685
520	682
520	680
520	678
520	676
520	675
520	673
520	672
520	670

	522	683
463	680
522	687
1
463	680
20
522	683
521	684
520	684
517	685
513	685
508	685
503	687
498	687
493	687
488	687
483	686
479	684
474	682
472	681
470	680
469	680
467	680
466	680
464	680
463	680



7
3
30	30
0	0	0	0	0	0	0	0	0	0	0	0	0.015686	0.039216	0	0	0	0	0	0	0	0	0	0	0	0	0	0	0	0	
0	0	0	0	0	0	0	0	0	0	0	0	0.14902	0.098039	0	0	0	0	0	0	0	0	0	0	0	0	0	0	0	0	
0	0	0	0	0	0	0	0	0	0	0	0	0.25098	0	0	0	0	0	0	0	0	0	0	0	0	0	0	0	0	0	
0	0	0	0	0	0	0	0	0	0	0	0	0.25098	0	0	0	0	0	0	0	0	0	0	0	0	0	0	0	0	0	
0	0	0	0	0	0	0	0	0	0	0	0	0.25098	0	0	0	0	0	0	0	0	0	0	0	0	0	0	0	0	0	
0	0	0	0	0	0	0	0	0	0	0	0	0.25098	0	0	0	0	0	0	0	0	0	0	0	0	0	0	0	0	0	
0	0	0	0	0	0	0	0	0	0	0	0	0.25098	0	0	0	0	0	0	0	0	0	0	0	0	0	0	0	0	0	
0	0	0	0	0	0	0	0	0	0	0	0.062745	0.18824	0	0	0	0	0	0	0	0	0	0	0	0	0	0	0	0	0	
0	0	0	0	0	0	0	0	0	0	0	0.16078	0.090196	0	0	0	0	0	0	0	0	0	0	0	0	0	0	0	0	0	
0	0	0	0	0	0	0	0	0	0	0	0.25098	0	0	0	0	0	0	0	0	0	0	0	0	0	0	0	0	0	0	
0	0	0	0	0	0	0	0	0	0	0	0.25098	0	0	0	0	0	0	0	0	0	0	0	0	0	0	0	0	0	0	
0	0	0	0	0	0	0	0	0	0	0.14118	0.1098	0	0	0	0	0	0	0	0	0	0	0	0	0	0	0	0	0	0	
0	0	0	0	0	0	0	0	0	0	0.25098	0	0	0	0	0	0	0	0	0	0	0	0	0	0	0	0	0	0	0	
0	0	0	0	0	0	0	0	0	0.031373	0.21961	0	0	0	0	0	0	0	0	0	0	0	0	0	0	0	0	0	0	0	
0	0	0	0	0	0	0	0	0	0.21961	0.031373	0	0	0	0	0	0	0	0	0	0	0	0	0	0	0	0	0	0	0	
0	0	0	0	0	0	0	0	0	0.25098	0	0	0	0	0	0	0	0	0	0	0	0	0	0	0	0	0	0	0	0	
0	0	0	0	0	0	0	0	0	0.0078431	0	0	0	0	0	0	0	0	0	0	0	0	0	0	0	0	0	0	0	0	
0	0	0	0	0	0	0	0	0	0	0	0	0	0	0	0	0	0	0	0	0	0	0	0	0	0	0	0	0	0	
0	0	0	0	0	0	0	0	0	0	0	0	0	0	0	0	0	0	0	0	0	0	0	0	0	0	0	0	0	0	
0.058824	0.2549	0.4	0.26667	0.2549	0.2549	0.2549	0.2549	0.2549	0.2549	0.2549	0.2549	0.2549	0.2549	0.2549	0.2549	0.3451	0.058824	0	0	0	0	0	0	0	0	0	0	0	0	
0	0	0.25098	0	0	0	0	0	0	0	0	0	0	0	0	0.14902	0.16471	0	0	0	0	0	0	0	0	0	0	0	0	0	
0	0.11765	0.12941	0	0	0	0	0	0	0	0	0	0	0	0.1451	0.10588	0	0	0	0	0	0	0	0	0	0	0	0	0	0	
0	0.22353	0.027451	0	0	0	0	0	0	0	0	0	0	0.20392	0.1098	0	0	0	0	0	0	0	0	0	0	0	0	0	0	0	
0	0.22353	0.027451	0	0	0	0	0	0	0	0	0.070588	0.2549	0.05098	0	0	0	0	0	0	0	0	0	0	0	0	0	0	0	0	
0	0.22353	0.027451	0	0	0	0	0	0	0	0.2	0.18431	0	0	0	0	0	0	0	0	0	0	0	0	0	0	0	0	0	0	
0	0.22353	0.027451	0	0	0	0	0	0.015686	0.24314	0.054902	0	0	0	0	0	0	0	0	0	0	0	0	0	0	0	0	0	0	0	
0	0.22353	0.027451	0	0	0	0	0.12549	0.23922	0.011765	0	0	0	0	0	0	0	0	0	0	0	0	0	0	0	0	0	0	0	0	
0	0.031373	0.2549	0.027451	0	0	0.18824	0.12941	0	0	0	0	0	0	0	0	0	0	0	0	0	0	0	0	0	0	0	0	0	0	
0	0	0	0.22745	0.043137	0.23922	0.066667	0	0	0	0	0	0	0	0	0	0	0	0	0	0	0	0	0	0	0	0	0	0	0	
0	0	0	0	0.20784	0.015686	0	0	0	0	0	0	0	0	0	0	0	0	0	0	0	0	0	0	0	0	0	0	0	0	

1
1
30		30
2
457	858
449	857
513	895
1
449	857
56
457	858
454	865
453	869
453	873
453	878
453	881
453	882
453	884
453	885
454	888
455	889
457	890
458	891
460	893
461	894
462	895
463	895
465	895
466	894
469	892
472	890
475	887
480	884
488	878
494	874
500	870
505	865
509	862
511	860
512	858
513	859
509	859
505	859
500	859
494	859
489	859
485	859
482	859
481	859
480	859
478	859
476	859
475	859
473	859
470	859
469	858
466	858
463	858
461	858
460	858
458	858
456	857
454	857
452	857
451	857
449	857

	484	844
484	786
497	844
1
497	786
19
484	844
484	841
485	837
488	833
488	829
490	825
491	820
493	815
494	810
494	807
494	804
494	801
496	798
496	795
496	792
496	790
497	788
497	787
497	786



7
3
30	30
0	0	0	0	0	0	0	0	0	0	0	0.11765	0	0	0	0	0	0	0	0	0	0	0	0	0	0	0	0	0	0	
0	0	0	0	0	0	0	0	0	0.082353	0.19608	0.23137	0	0	0	0	0	0	0	0	0	0	0	0	0	0	0	0	0	0	
0	0	0	0	0	0	0.12157	0.2	0.2	0.11765	0	0.2	0	0	0	0	0	0	0	0	0	0	0	0	0	0	0	0	0	0	
0	0	0	0.13333	0.2	0.2	0.078431	0	0	0	0	0.2	0	0	0	0	0	0	0	0	0	0	0	0	0	0	0	0	0	0	
0	0.062745	0.2	0.066667	0	0	0	0	0	0	0	0.2	0	0	0	0	0	0	0	0	0	0	0	0	0	0	0	0	0	0	
0.11373	0.16471	0	0	0	0	0	0	0	0	0	0.2	0	0	0	0	0	0	0	0	0	0	0	0	0	0	0	0	0	0	
0	0.17255	0.2	0.070588	0	0	0	0	0	0	0.027451	0.17255	0	0	0	0	0	0	0	0	0	0	0	0	0	0	0	0	0	0	
0	0	0	0.19608	0.0039216	0	0	0	0	0	0.32157	0.21176	0.2	0.2	0.062745	0	0	0	0	0	0	0	0	0	0	0	0	0	0	0	
0	0	0	0.011765	0.18824	0	0	0	0	0	0.2	0	0	0	0.13725	0.2	0.2	0.2	0.043137	0	0	0	0	0	0	0	0	0	0	0	
0	0	0	0	0.047059	0.15294	0	0	0	0	0.2	0	0	0	0	0	0	0	0.15294	0.2	0.2	0.2	0.14118	0.082353	0.082353	0.082353	0.082353	0.082353	0.082353	0.054902	
0	0	0	0	0	0.15294	0.047059	0	0	0.082353	0.11765	0	0	0	0	0	0	0	0	0	0	0	0.058824	0.11765	0.11765	0.11765	0.11765	0.11765	0.11765	0.019608	
0	0	0	0	0	0	0.16863	0.027451	0	0.2	0	0	0	0	0	0	0	0	0	0	0	0	0	0	0	0	0	0	0	0	
0	0	0	0	0	0	0	0.2	0	0.2	0	0	0	0	0	0	0	0	0	0	0	0	0	0	0	0	0	0	0	0	
0	0	0	0	0	0	0	0.090196	0.1098	0.2	0	0	0	0	0	0	0	0	0	0	0	0	0	0	0	0	0	0	0	0	
0	0	0	0	0	0	0	0	0.41961	0.10588	0	0	0	0	0	0	0	0	0	0	0	0	0	0	0	0	0	0	0	0	
0	0	0	0	0	0	0	0	0.40392	0	0	0	0	0	0	0	0	0	0	0	0	0	0	0	0	0	0	0	0	0	
0	0	0	0	0	0	0	0	0.11765	0	0	0	0	0	0	0	0	0	0	0	0	0	0	0	0	0	0	0	0	0	
0	0	0	0	0	0	0	0	0	0	0	0	0	0	0	0	0	0	0	0	0	0	0	0	0	0	0	0	0	0	
0	0	0	0	0	0	0	0	0	0	0	0	0	0	0	0	0	0	0	0	0	0	0	0	0	0	0	0	0	0	
0	0	0	0	0	0	0	0	0	0	0	0	0	0	0	0	0	0	0	0	0	0	0	0	0	0	0	0	0	0	
0	0	0	0	0	0	0	0	0	0	0	0	0	0	0	0	0	0	0	0	0	0	0	0	0	0	0	0	0	0	
0	0	0	0	0	0	0	0	0	0	0	0	0	0	0	0	0	0	0	0	0	0	0	0	0	0	0	0	0	0	
0	0	0	0	0	0	0	0	0	0	0	0	0	0	0	0	0	0	0	0	0	0	0	0	0	0	0	0	0	0	
0	0	0	0	0	0	0	0	0	0	0	0	0	0	0	0	0	0	0	0	0	0	0	0	0	0	0	0	0	0	
0	0	0	0	0	0	0	0	0	0	0	0	0	0	0	0	0	0	0	0	0	0	0	0	0	0	0	0	0	0	
0	0	0	0	0	0	0	0	0	0	0	0	0	0	0	0	0	0	0	0	0	0	0	0	0	0	0	0	0	0	
0	0	0	0	0	0	0	0	0	0	0	0	0	0	0	0	0	0	0	0	0	0	0	0	0	0	0	0	0	0	
0	0	0	0	0	0	0	0	0	0	0	0	0	0	0	0	0	0	0	0	0	0	0	0	0	0	0	0	0	0	
0	0	0	0	0	0	0	0	0	0	0	0	0	0	0	0	0	0	0	0	0	0	0	0	0	0	0	0	0	0	
0	0	0	0	0	0	0	0	0	0	0	0	0	0	0	0	0	0	0	0	0	0	0	0	0	0	0	0	0	0	

1
1
30		30
2
266	849
229	779
283	856
1
267	847
53
266	849
266	846
266	843
264	840
261	835
256	830
254	825
250	821
248	818
245	815
243	811
240	809
237	808
235	806
232	806
230	804
229	803
233	801
236	799
241	796
246	794
252	792
256	791
262	789
267	788
272	786
275	785
278	783
281	780
282	779
283	780
283	782
283	785
283	788
283	789
283	792
282	795
282	797
282	800
282	805
280	810
279	816
277	824
274	831
273	840
270	848
268	853
268	855
267	856
267	855
267	853
267	850
267	847

	276	812
276	812
370	825
1
370	824
19
276	812
277	812
279	812
282	812
287	813
291	814
298	816
302	817
309	819
315	820
322	823
328	823
337	825
346	825
354	825
361	825
366	825
369	825
370	824



7
3
30	30
0	0	0	0	0	0	0	0	0	0	0.078431	0	0	0	0	0	0	0	0	0	0	0	0	0	0	0	0	0	0	0	
0	0	0	0	0	0	0	0	0	0.16471	0.30196	0	0	0	0	0	0	0	0	0	0	0	0	0	0	0	0	0	0	0	
0	0	0	0	0	0	0	0	0.16078	0.070588	0.23529	0	0	0	0	0	0	0	0	0	0	0	0	0	0	0	0	0	0	0	
0	0	0	0	0	0	0	0.10588	0.12549	0	0.23529	0	0	0	0	0	0	0	0	0	0	0	0	0	0	0	0	0	0	0	
0	0	0	0	0	0	0.0039216	0.22745	0	0	0.23529	0	0	0	0	0	0	0	0	0	0	0	0	0	0	0	0	0	0	0	
0	0	0	0	0	0	0.22353	0.0078431	0	0	0.23529	0	0	0	0	0	0	0	0	0	0	0	0	0	0	0	0	0	0	0	
0	0	0	0	0	0.17255	0.058824	0	0	0	0.23529	0	0	0	0	0	0	0	0	0	0	0	0	0	0	0	0	0	0	0	
0	0	0	0	0.17255	0.058824	0	0	0	0	0.21961	0.011765	0	0	0	0	0	0	0	0	0	0	0	0	0	0	0	0	0	0	
0	0	0	0.058824	0.17255	0	0	0	0	0	0.16863	0.062745	0	0	0	0	0	0	0	0	0	0	0	0	0	0	0	0	0	0	
0	0	0.054902	0.17647	0	0	0	0	0	0	0	0.23529	0	0	0	0	0	0	0	0	0	0	0	0	0	0	0	0	0	0	
0	0	0.22353	0.0078431	0	0	0	0	0	0	0	0.23529	0	0	0	0	0	0	0	0	0	0	0	0	0	0	0	0	0	0	
0	0.15294	0.078431	0	0	0	0	0	0	0	0	0.23529	0	0	0	0	0	0	0	0	0	0	0	0	0	0	0	0	0	0	
0.011765	0.21961	0	0	0	0	0	0	0	0	0	0.23529	0	0	0	0	0	0	0	0	0	0	0	0	0	0	0	0	0	0	
0.05098	0.19216	0.23529	0.23529	0.23529	0.23529	0.23529	0.23529	0.23529	0.23529	0.23529	0.12157	0	0	0	0	0	0	0	0	0	0	0	0	0	0	0	0	0	0	
0	0	0	0	0	0	0	0	0	0	0	0	0	0	0	0	0	0	0	0	0	0	0	0	0	0	0	0	0	0	
0	0	0	0.14902	0	0	0	0	0	0	0	0	0	0	0	0	0	0	0	0	0	0	0	0	0	0	0	0	0	0	
0	0	0	0.23137	0	0	0	0	0	0	0	0	0	0	0	0	0	0	0	0	0	0	0	0	0	0	0	0	0	0	
0	0	0	0.23529	0	0	0	0	0	0	0	0	0	0	0	0	0	0	0	0	0	0	0	0	0	0	0	0	0	0	
0	0	0.14118	0.090196	0	0	0	0	0	0	0	0	0	0	0	0	0	0	0	0	0	0	0	0	0	0	0	0	0	0	
0	0	0.21176	0.019608	0	0	0	0	0	0	0	0	0	0	0	0	0	0	0	0	0	0	0	0	0	0	0	0	0	0	
0	0	0.23529	0	0	0	0	0	0	0	0	0	0	0	0	0	0	0	0	0	0	0	0	0	0	0	0	0	0	0	
0	0	0.23529	0	0	0	0	0	0	0	0	0	0	0	0	0	0	0	0	0	0	0	0	0	0	0	0	0	0	0	
0	0.10196	0.12941	0	0	0	0	0	0	0	0	0	0	0	0	0	0	0	0	0	0	0	0	0	0	0	0	0	0	0	
0	0.23529	0	0	0	0	0	0	0	0	0	0	0	0	0	0	0	0	0	0	0	0	0	0	0	0	0	0	0	0	
0	0.23529	0	0	0	0	0	0	0	0	0	0	0	0	0	0	0	0	0	0	0	0	0	0	0	0	0	0	0	0	
0.011765	0.21961	0	0	0	0	0	0	0	0	0	0	0	0	0	0	0	0	0	0	0	0	0	0	0	0	0	0	0	0	
0.070588	0.16078	0	0	0	0	0	0	0	0	0	0	0	0	0	0	0	0	0	0	0	0	0	0	0	0	0	0	0	0	
0.23529	0	0	0	0	0	0	0	0	0	0	0	0	0	0	0	0	0	0	0	0	0	0	0	0	0	0	0	0	0	
0.23529	0	0	0	0	0	0	0	0	0	0	0	0	0	0	0	0	0	0	0	0	0	0	0	0	0	0	0	0	0	
0.023529	0.039216	0	0	0	0	0	0	0	0	0	0	0	0	0	0	0	0	0	0	0	0	0	0	0	0	0	0	0	0	

1
1
30		30
2
177	634
177	582
221	636
1
179	636
42
177	634
179	632
182	627
186	621
191	615
196	608
202	602
206	597
209	591
213	587
215	585
217	583
218	582
218	587
218	593
218	600
218	607
220	612
221	617
221	620
221	623
221	626
221	627
221	629
221	630
221	632
221	635
220	636
217	636
212	636
208	636
205	636
200	636
196	636
193	636
188	636
187	636
185	636
184	636
182	636
181	636
179	636

	190	644
177	644
190	702
1
178	702
19
190	644
190	648
187	655
186	660
184	666
183	672
181	678
180	683
180	686
178	689
178	690
178	692
177	693
177	695
177	696
177	698
177	699
177	701
178	702



7
3
30	30
0	0	0	0	0	0	0.05098	0.070588	0	0	0	0	0	0	0	0	0	0	0	0	0	0	0	0	0	0	0	0	0	0	
0	0	0	0	0	0	0.17255	0.17255	0	0	0	0	0	0	0	0	0	0	0	0	0	0	0	0	0	0	0	0	0	0	
0	0	0	0	0	0	0.17255	0.17255	0	0	0	0	0	0	0	0	0	0	0	0	0	0	0	0	0	0	0	0	0	0	
0	0	0	0	0	0.0078431	0.16078	0.07451	0.094118	0	0	0	0	0	0	0	0	0	0	0	0	0	0	0	0	0	0	0	0	0	
0	0	0	0	0	0.1098	0.062745	0	0.17255	0	0	0	0	0	0	0	0	0	0	0	0	0	0	0	0	0	0	0	0	0	
0	0	0	0	0.043137	0.12549	0	0	0.17255	0	0	0	0	0	0	0	0	0	0	0	0	0	0	0	0	0	0	0	0	0	
0	0	0	0.035294	0.13333	0	0	0	0.17255	0	0	0	0	0	0	0	0	0	0	0	0	0	0	0	0	0	0	0	0	0	
0	0	0	0.17255	0	0	0	0	0.17255	0	0	0	0	0	0	0	0	0	0	0	0	0	0	0	0	0	0	0	0	0	
0	0	0.13725	0.031373	0	0	0	0	0.13725	0.035294	0	0	0	0	0	0	0	0	0	0	0	0	0	0	0	0	0	0	0	0	
0	0.098039	0.07451	0	0	0	0	0	0	0.17255	0	0	0	0	0	0	0	0	0	0	0	0	0	0	0	0	0	0	0	0	
0.090196	0.082353	0	0	0	0	0	0	0	0.17255	0	0	0	0	0	0	0	0	0	0	0	0	0	0	0	0	0	0	0	0	
0.17255	0	0	0	0	0	0	0	0	0.07451	0.094118	0	0	0	0	0	0	0	0	0	0	0	0	0	0	0	0	0	0	0	
0.12941	0.18039	0.18039	0.21569	0.18039	0.18039	0.18039	0.18039	0.18039	0.18039	0.16078	0	0	0	0	0	0	0	0	0	0	0	0	0	0	0	0	0	0	0	
0	0	0	0.17255	0	0	0	0	0	0	0	0	0	0	0	0	0	0	0	0	0	0	0	0	0	0	0	0	0	0	
0	0	0	0.17255	0	0	0	0	0	0	0	0	0	0	0	0	0	0	0	0	0	0	0	0	0	0	0	0	0	0	
0	0	0	0.17255	0	0	0	0	0	0	0	0	0	0	0	0	0	0	0	0	0	0	0	0	0	0	0	0	0	0	
0	0	0	0.17255	0	0	0	0	0	0	0	0	0	0	0	0	0	0	0	0	0	0	0	0	0	0	0	0	0	0	
0	0	0	0.17255	0	0	0	0	0	0	0	0	0	0	0	0	0	0	0	0	0	0	0	0	0	0	0	0	0	0	
0	0	0	0.17255	0	0	0	0	0	0	0	0	0	0	0	0	0	0	0	0	0	0	0	0	0	0	0	0	0	0	
0	0	0.11765	0.054902	0	0	0	0	0	0	0	0	0	0	0	0	0	0	0	0	0	0	0	0	0	0	0	0	0	0	
0	0	0.17255	0	0	0	0	0	0	0	0	0	0	0	0	0	0	0	0	0	0	0	0	0	0	0	0	0	0	0	
0	0	0.17255	0	0	0	0	0	0	0	0	0	0	0	0	0	0	0	0	0	0	0	0	0	0	0	0	0	0	0	
0	0	0.17255	0	0	0	0	0	0	0	0	0	0	0	0	0	0	0	0	0	0	0	0	0	0	0	0	0	0	0	
0	0.11373	0.058824	0	0	0	0	0	0	0	0	0	0	0	0	0	0	0	0	0	0	0	0	0	0	0	0	0	0	0	
0	0.17255	0	0	0	0	0	0	0	0	0	0	0	0	0	0	0	0	0	0	0	0	0	0	0	0	0	0	0	0	
0	0.17255	0	0	0	0	0	0	0	0	0	0	0	0	0	0	0	0	0	0	0	0	0	0	0	0	0	0	0	0	
0.035294	0.13725	0	0	0	0	0	0	0	0	0	0	0	0	0	0	0	0	0	0	0	0	0	0	0	0	0	0	0	0	
0.16863	0	0	0	0	0	0	0	0	0	0	0	0	0	0	0	0	0	0	0	0	0	0	0	0	0	0	0	0	0	
0.17255	0	0	0	0	0	0	0	0	0	0	0	0	0	0	0	0	0	0	0	0	0	0	0	0	0	0	0	0	0	
0.078431	0	0	0	0	0	0	0	0	0	0	0	0	0	0	0	0	0	0	0	0	0	0	0	0	0	0	0	0	0	

1
1
30		30
2
166	281
165	217
221	283
1
166	282
43
166	281
165	279
165	274
169	269
175	263
180	257
186	249
191	244
196	238
198	231
200	227
200	223
200	220
201	218
202	217
203	220
203	222
205	226
206	230
208	233
208	237
209	242
211	246
212	252
212	258
214	263
215	269
218	274
220	278
221	281
221	282
218	283
214	283
209	283
203	283
199	283
192	282
187	282
180	282
175	282
170	282
167	282
166	282

	181	284
165	284
181	374
1
165	374
20
181	284
181	285
181	290
181	293
181	299
181	303
181	309
181	315
178	321
177	327
175	332
174	339
172	345
171	351
168	359
166	364
166	368
165	371
165	372
165	374



7
3
30	30
0	0	0	0	0	0	0	0	0	0	0	0	0	0	0	0.10196	0.15686	0.094118	0	0	0	0	0	0	0	0	0	0	0	0	
0	0	0	0	0	0	0	0	0	0	0	0	0	0	0	0.15294	0	0.062745	0.15686	0.14902	0.019608	0	0	0	0	0	0	0	0	0	
0.066667	0.14118	0.14118	0.14118	0.14118	0.14118	0.14118	0.14118	0.12549	0	0	0	0	0	0	0.17255	0	0	0	0.0039216	0.13333	0.15686	0.12549	0	0	0	0	0	0	0	
0.0039216	0.015686	0.015686	0.015686	0.015686	0.015686	0.015686	0.015686	0.027451	0.15686	0.15686	0.15686	0.043137	0	0	0.17255	0	0	0	0	0	0	0.027451	0.15686	0.15686	0.090196	0	0	0	0	
0	0	0	0	0	0	0	0	0	0	0	0	0.11373	0.15686	0.15686	0.28235	0	0	0	0	0	0	0	0	0	0.066667	0.15686	0.15686	0.16078	0.14118	
0	0	0	0	0	0	0	0	0	0	0	0	0	0	0	0.17255	0	0	0	0	0	0	0	0	0	0	0.12157	0.15686	0.15294	0.0078431	
0	0	0	0	0	0	0	0	0	0	0	0	0	0	0	0.17255	0	0	0	0	0	0	0.027451	0.15686	0.15686	0.15686	0.035294	0	0	0	
0	0	0	0	0	0	0	0	0	0	0	0	0	0	0.035294	0.13333	0	0	0	0	0.086275	0.15686	0.12549	0	0	0	0	0	0	0	
0	0	0	0	0	0	0	0	0	0	0	0	0	0	0.17255	0	0.0078431	0.12549	0.15686	0.15686	0.066667	0	0	0	0	0	0	0	0	0	
0	0	0	0	0	0	0	0	0	0	0	0	0	0	0.090196	0.15686	0.14902	0.027451	0	0	0	0	0	0	0	0	0	0	0	0	
0	0	0	0	0	0	0	0	0	0	0	0	0	0	0	0	0	0	0	0	0	0	0	0	0	0	0	0	0	0	
0	0	0	0	0	0	0	0	0	0	0	0	0	0	0	0	0	0	0	0	0	0	0	0	0	0	0	0	0	0	
0	0	0	0	0	0	0	0	0	0	0	0	0	0	0	0	0	0	0	0	0	0	0	0	0	0	0	0	0	0	
0	0	0	0	0	0	0	0	0	0	0	0	0	0	0	0	0	0	0	0	0	0	0	0	0	0	0	0	0	0	
0	0	0	0	0	0	0	0	0	0	0	0	0	0	0	0	0	0	0	0	0	0	0	0	0	0	0	0	0	0	
0	0	0	0	0	0	0	0	0	0	0	0	0	0	0	0	0	0	0	0	0	0	0	0	0	0	0	0	0	0	
0	0	0	0	0	0	0	0	0	0	0	0	0	0	0	0	0	0	0	0	0	0	0	0	0	0	0	0	0	0	
0	0	0	0	0	0	0	0	0	0	0	0	0	0	0	0	0	0	0	0	0	0	0	0	0	0	0	0	0	0	
0	0	0	0	0	0	0	0	0	0	0	0	0	0	0	0	0	0	0	0	0	0	0	0	0	0	0	0	0	0	
0	0	0	0	0	0	0	0	0	0	0	0	0	0	0	0	0	0	0	0	0	0	0	0	0	0	0	0	0	0	
0	0	0	0	0	0	0	0	0	0	0	0	0	0	0	0	0	0	0	0	0	0	0	0	0	0	0	0	0	0	
0	0	0	0	0	0	0	0	0	0	0	0	0	0	0	0	0	0	0	0	0	0	0	0	0	0	0	0	0	0	
0	0	0	0	0	0	0	0	0	0	0	0	0	0	0	0	0	0	0	0	0	0	0	0	0	0	0	0	0	0	
0	0	0	0	0	0	0	0	0	0	0	0	0	0	0	0	0	0	0	0	0	0	0	0	0	0	0	0	0	0	
0	0	0	0	0	0	0	0	0	0	0	0	0	0	0	0	0	0	0	0	0	0	0	0	0	0	0	0	0	0	
0	0	0	0	0	0	0	0	0	0	0	0	0	0	0	0	0	0	0	0	0	0	0	0	0	0	0	0	0	0	
0	0	0	0	0	0	0	0	0	0	0	0	0	0	0	0	0	0	0	0	0	0	0	0	0	0	0	0	0	0	
0	0	0	0	0	0	0	0	0	0	0	0	0	0	0	0	0	0	0	0	0	0	0	0	0	0	0	0	0	0	
0	0	0	0	0	0	0	0	0	0	0	0	0	0	0	0	0	0	0	0	0	0	0	0	0	0	0	0	0	0	
0	0	0	0	0	0	0	0	0	0	0	0	0	0	0	0	0	0	0	0	0	0	0	0	0	0	0	0	0	0	

1
1
30		30
2
635	113
631	113
715	169
1
634	117
43
635	113
637	113
641	114
645	115
652	118
659	121
665	124
673	127
681	130
688	133
696	136
703	138
708	139
712	139
714	139
715	139
715	140
712	142
709	144
703	145
694	149
686	151
677	154
667	159
657	163
647	166
640	168
634	169
632	169
631	168
631	165
632	161
634	155
634	151
635	147
635	141
635	136
635	132
635	129
635	126
635	121
635	120
634	117

	637	139
550	128
637	139
1
550	128
28
637	139
635	139
634	139
632	138
631	138
628	138
623	138
620	137
617	135
613	134
609	133
606	131
602	131
598	129
594	128
590	128
586	128
581	128
577	128
572	128
568	128
565	128
563	128
560	128
557	128
554	128
551	128
550	128



7
3
30	30
0	0	0	0	0.070588	0	0	0	0	0	0	0	0	0	0	0	0	0	0	0	0	0	0	0	0	0	0	0	0	0	
0	0	0	0	0.094118	0.10196	0	0	0	0	0	0	0	0	0	0	0	0	0	0	0	0	0	0	0	0	0	0	0	0	
0	0	0	0	0	0.2	0	0	0	0	0	0	0	0	0	0	0	0	0	0	0	0	0	0	0	0	0	0	0	0	
0	0	0	0	0	0.2	0	0	0	0	0	0	0	0	0	0	0	0	0	0	0	0	0	0	0	0	0	0	0	0	
0	0	0	0	0	0.19608	0	0	0	0	0	0	0	0	0	0	0	0	0	0	0	0	0	0	0	0	0	0	0	0	
0	0	0	0	0	0.19608	0	0	0	0	0	0	0	0	0	0	0	0	0	0	0	0	0	0	0	0	0	0	0	0	
0	0	0	0	0	0.19608	0	0	0	0	0	0	0	0	0	0	0	0	0	0	0	0	0	0	0	0	0	0	0	0	
0	0	0	0	0	0.19608	0	0	0	0	0	0	0	0	0	0	0	0	0	0	0	0	0	0	0	0	0	0	0	0	
0	0	0	0	0	0.19608	0	0	0	0	0	0	0	0	0	0	0	0	0	0	0	0	0	0	0	0	0	0	0	0	
0	0	0	0	0	0.19608	0	0	0	0	0	0	0	0	0	0	0	0	0	0	0	0	0	0	0	0	0	0	0	0	
0	0	0	0	0	0.19608	0	0	0	0	0	0	0	0	0	0	0	0	0	0	0	0	0	0	0	0	0	0	0	0	
0	0	0	0	0	0.19608	0	0	0	0	0	0	0	0	0	0	0	0	0	0	0	0	0	0	0	0	0	0	0	0	
0	0	0	0	0	0.2	0	0	0	0	0	0	0	0	0	0	0	0	0	0	0	0	0	0	0	0	0	0	0	0	
0	0	0	0	0	0.2	0	0	0	0	0	0	0	0	0	0	0	0	0	0	0	0	0	0	0	0	0	0	0	0	
0	0	0	0	0	0.2	0	0	0	0	0	0	0	0	0	0	0	0	0	0	0	0	0	0	0	0	0	0	0	0	
0	0	0	0	0	0.2	0	0	0	0	0	0	0	0	0	0	0	0	0	0	0	0	0	0	0	0	0	0	0	0	
0	0	0	0	0	0.2	0	0	0	0	0	0	0	0	0	0	0	0	0	0	0	0	0	0	0	0	0	0	0	0	
0	0	0	0	0	0.2	0	0	0	0	0	0	0	0	0	0	0	0	0	0	0	0	0	0	0	0	0	0	0	0	
0	0	0	0	0	0.2	0	0	0	0	0	0	0	0	0	0	0	0	0	0	0	0	0	0	0	0	0	0	0	0	
0	0	0.039216	0.21176	0	0.11373	0	0	0	0.082353	0.039216	0	0	0	0	0	0	0	0	0	0	0	0	0	0	0	0	0	0	0	
0.082353	0.11373	0	0	0.21176	0.21176	0.21176	0.21176	0.21176	0.12549	0.2	0	0	0	0	0	0	0	0	0	0	0	0	0	0	0	0	0	0	0	
0	0.19608	0	0	0	0	0	0	0	0	0.2	0	0	0	0	0	0	0	0	0	0	0	0	0	0	0	0	0	0	0	
0	0.023529	0.17255	0	0	0	0	0	0	0.12941	0.066667	0	0	0	0	0	0	0	0	0	0	0	0	0	0	0	0	0	0	0	
0	0	0.2	0	0	0	0	0	0	0.2	0	0	0	0	0	0	0	0	0	0	0	0	0	0	0	0	0	0	0	0	
0	0	0.13333	0.062745	0	0	0	0	0.062745	0.13333	0	0	0	0	0	0	0	0	0	0	0	0	0	0	0	0	0	0	0	0	
0	0	0	0.2	0	0	0	0	0.2	0	0	0	0	0	0	0	0	0	0	0	0	0	0	0	0	0	0	0	0	0	
0	0	0	0.031373	0.16471	0	0	0.078431	0.11765	0	0	0	0	0	0	0	0	0	0	0	0	0	0	0	0	0	0	0	0	0	
0	0	0	0	0.043137	0.15294	0	0.2	0	0	0	0	0	0	0	0	0	0	0	0	0	0	0	0	0	0	0	0	0	0	
0	0	0	0	0	0.14118	0.19216	0.058824	0	0	0	0	0	0	0	0	0	0	0	0	0	0	0	0	0	0	0	0	0	0	
0	0	0	0	0	0	0.10196	0	0	0	0	0	0	0	0	0	0	0	0	0	0	0	0	0	0	0	0	0	0	0	

1
1
30		30
2
497	253
497	251
545	295
1
508	251
47
497	253
499	254
500	255
502	257
503	260
505	263
506	267
508	272
511	277
512	279
515	282
517	284
519	286
521	288
523	290
523	291
524	293
526	295
527	294
527	292
530	289
532	286
535	281
536	278
539	273
541	269
542	265
544	262
545	258
545	256
545	255
545	253
545	252
544	251
541	252
536	252
530	252
526	252
523	252
520	252
518	252
517	252
515	252
514	252
511	251
509	251
508	251

	519	249
516	161
523	249
1
516	161
25
519	249
520	248
520	247
520	245
520	243
520	240
520	237
520	233
520	228
520	222
521	217
523	211
523	204
523	197
523	190
523	184
523	180
522	175
520	172
519	168
519	165
518	164
517	163
517	162
516	161



7
3
30	30
0	0	0	0	0	0	0	0	0	0	0	0	0.078431	0.19216	0	0	0	0	0	0	0	0	0	0	0	0	0	0	0	0	
0	0	0	0	0	0	0	0	0	0.011765	0.10196	0.16078	0.078431	0.16471	0	0	0	0	0	0	0	0	0	0	0	0	0	0	0	0	
0	0	0	0	0	0	0.062745	0.16078	0.16078	0.1451	0.058824	0	0.0078431	0.15294	0	0	0	0	0	0	0	0	0	0	0	0	0	0	0	0	
0.070588	0.16078	0.16078	0.16078	0.16078	0.16078	0.094118	0	0	0	0	0	0.15686	0.0039216	0	0	0	0	0	0	0	0	0	0	0	0	0	0	0	0	
0.090196	0.12157	0	0	0	0	0	0	0	0	0	0	0.16471	0	0	0	0	0	0	0	0	0	0	0	0	0	0	0	0	0	
0	0.035294	0.15294	0	0	0	0	0	0	0	0	0	0.16471	0	0	0	0	0	0	0	0	0	0	0	0	0	0	0	0	0	
0	0	0.0039216	0.16078	0.047059	0	0	0	0	0	0	0.023529	0.13725	0.12941	0.16078	0.16078	0.16078	0.16078	0.16078	0.16078	0.16078	0.16078	0.16078	0.16078	0.16078	0.16078	0.16078	0.16078	0.11765	0.011765	
0	0	0	0	0.1098	0.10588	0	0	0	0	0	0.15294	0.0078431	0	0	0	0	0	0	0	0	0	0	0	0	0	0	0	0.039216	0.066667	
0	0	0	0	0	0.054902	0.13333	0	0	0	0	0.16471	0	0	0	0	0	0	0	0	0	0	0	0	0	0	0	0	0	0	
0	0	0	0	0	0	0.023529	0.16078	0.027451	0	0	0.16471	0	0	0	0	0	0	0	0	0	0	0	0	0	0	0	0	0	0	
0	0	0	0	0	0	0	0	0.12941	0.15686	0.05098	0.16471	0	0	0	0	0	0	0	0	0	0	0	0	0	0	0	0	0	0	
0	0	0	0	0	0	0	0	0	0	0.1098	0.1451	0	0	0	0	0	0	0	0	0	0	0	0	0	0	0	0	0	0	
0	0	0	0	0	0	0	0	0	0	0	0	0	0	0	0	0	0	0	0	0	0	0	0	0	0	0	0	0	0	
0	0	0	0	0	0	0	0	0	0	0	0	0	0	0	0	0	0	0	0	0	0	0	0	0	0	0	0	0	0	
0	0	0	0	0	0	0	0	0	0	0	0	0	0	0	0	0	0	0	0	0	0	0	0	0	0	0	0	0	0	
0	0	0	0	0	0	0	0	0	0	0	0	0	0	0	0	0	0	0	0	0	0	0	0	0	0	0	0	0	0	
0	0	0	0	0	0	0	0	0	0	0	0	0	0	0	0	0	0	0	0	0	0	0	0	0	0	0	0	0	0	
0	0	0	0	0	0	0	0	0	0	0	0	0	0	0	0	0	0	0	0	0	0	0	0	0	0	0	0	0	0	
0	0	0	0	0	0	0	0	0	0	0	0	0	0	0	0	0	0	0	0	0	0	0	0	0	0	0	0	0	0	
0	0	0	0	0	0	0	0	0	0	0	0	0	0	0	0	0	0	0	0	0	0	0	0	0	0	0	0	0	0	
0	0	0	0	0	0	0	0	0	0	0	0	0	0	0	0	0	0	0	0	0	0	0	0	0	0	0	0	0	0	
0	0	0	0	0	0	0	0	0	0	0	0	0	0	0	0	0	0	0	0	0	0	0	0	0	0	0	0	0	0	
0	0	0	0	0	0	0	0	0	0	0	0	0	0	0	0	0	0	0	0	0	0	0	0	0	0	0	0	0	0	
0	0	0	0	0	0	0	0	0	0	0	0	0	0	0	0	0	0	0	0	0	0	0	0	0	0	0	0	0	0	
0	0	0	0	0	0	0	0	0	0	0	0	0	0	0	0	0	0	0	0	0	0	0	0	0	0	0	0	0	0	
0	0	0	0	0	0	0	0	0	0	0	0	0	0	0	0	0	0	0	0	0	0	0	0	0	0	0	0	0	0	
0	0	0	0	0	0	0	0	0	0	0	0	0	0	0	0	0	0	0	0	0	0	0	0	0	0	0	0	0	0	
0	0	0	0	0	0	0	0	0	0	0	0	0	0	0	0	0	0	0	0	0	0	0	0	0	0	0	0	0	0	
0	0	0	0	0	0	0	0	0	0	0	0	0	0	0	0	0	0	0	0	0	0	0	0	0	0	0	0	0	0	
0	0	0	0	0	0	0	0	0	0	0	0	0	0	0	0	0	0	0	0	0	0	0	0	0	0	0	0	0	0	

1
1
30		30
2
288	89
207	89
288	156
1
283	91
56
288	89
286	89
282	90
280	91
277	94
275	96
272	96
271	97
269	97
267	98
262	99
257	100
250	102
242	105
233	106
224	108
217	109
211	109
208	109
207	110
208	111
211	115
215	117
219	120
223	124
228	127
233	132
239	136
245	141
250	145
254	148
257	149
261	151
263	152
264	153
265	153
267	154
268	154
270	156
271	156
273	156
274	154
274	151
274	148
274	144
274	139
275	133
277	127
278	120
280	114
281	108
283	103
283	99
283	96
283	93
283	91

	284	126
284	126
382	129
1
382	129
16
284	126
286	126
290	126
297	126
307	126
318	126
330	126
342	126
352	126
362	126
369	127
373	127
378	129
379	129
381	129
382	129



7
3
30	30
0	0	0	0	0	0	0	0	0	0	0	0	0	0	0	0	0	0	0	0	0	0.07451	0.12157	0	0	0	0	0	0	0	
0	0	0	0	0	0	0	0	0	0	0	0	0	0	0	0	0	0	0	0.054902	0.28235	0.20784	0.16078	0.2	0	0	0	0	0	0	
0	0	0	0	0	0	0	0	0	0	0	0	0	0	0	0	0.035294	0.24314	0.28235	0.22745	0	0	0	0.27843	0	0	0	0	0	0	
0	0	0	0	0	0	0	0	0	0	0	0	0	0	0.14118	0.28235	0.24706	0.039216	0	0	0	0	0	0.20392	0.070588	0	0	0	0	0	
0	0	0	0	0	0	0	0	0	0	0	0.039216	0.24706	0.28235	0.14118	0	0	0	0	0	0	0	0	0.015686	0.25882	0	0	0	0	0	
0	0	0	0	0	0	0	0	0.019608	0.28235	0.28235	0.24314	0.035294	0	0	0	0	0	0	0	0	0	0	0	0.27451	0	0	0	0	0	
0	0	0	0.011765	0.14118	0.16078	0.28235	0.28235	0.26275	0	0	0	0	0	0	0	0	0	0	0	0	0	0	0	0.23529	0.039216	0	0	0	0	
0	0	0	0.25098	0.14118	0.12157	0	0	0	0	0	0	0	0	0	0	0	0	0	0	0	0	0	0	0.18039	0.094118	0	0	0	0	
0.043137	0.28235	0.10196	0	0	0	0	0	0	0	0	0	0	0	0	0	0	0	0	0	0	0	0	0	0.05098	0.22353	0	0	0	0	
0	0	0.17647	0.28235	0.28235	0.0039216	0	0	0	0	0	0	0	0	0	0	0	0	0	0	0	0	0	0	0	0.27843	0	0	0	0	
0	0	0	0	0	0.27843	0.23922	0.14118	0.14118	0.14118	0.12157	0	0	0	0	0.11765	0	0	0	0	0	0	0	0	0	0.24706	0.027451	0	0	0	
0	0	0	0	0	0	0.043137	0.14118	0.14118	0.14118	0.15686	0.28235	0.28235	0.28235	0.28235	0.48235	0.28235	0.16078	0	0	0	0	0	0	0	0.027451	0.24706	0	0	0	
0	0	0	0	0	0	0	0	0	0	0	0	0	0	0	0.27843	0	0.12157	0.28235	0.28235	0.28235	0.20784	0.043137	0	0	0	0.1451	0.21176	0	0	
0	0	0	0	0	0	0	0	0	0	0	0	0	0	0	0.27843	0	0	0	0	0	0.07451	0.23922	0.28235	0.28235	0.28235	0.28235	0.48235	0.043137	0	
0	0	0	0	0	0	0	0	0	0	0	0	0	0	0	0.27843	0	0	0	0	0	0	0	0	0	0	0	0	0	0	
0	0	0	0	0	0	0	0	0	0	0	0	0	0	0.20392	0.070588	0	0	0	0	0	0	0	0	0	0	0	0	0	0	
0	0	0	0	0	0	0	0	0	0	0	0	0	0	0.27843	0	0	0	0	0	0	0	0	0	0	0	0	0	0	0	
0	0	0	0	0	0	0	0	0	0	0	0	0	0	0.27843	0	0	0	0	0	0	0	0	0	0	0	0	0	0	0	
0	0	0	0	0	0	0	0	0	0	0	0	0	0.14902	0.12549	0	0	0	0	0	0	0	0	0	0	0	0	0	0	0	
0	0	0	0	0	0	0	0	0	0	0	0	0	0.27843	0	0	0	0	0	0	0	0	0	0	0	0	0	0	0	0	
0	0	0	0	0	0	0	0	0	0	0	0	0.12157	0.15294	0	0	0	0	0	0	0	0	0	0	0	0	0	0	0	0	
0	0	0	0	0	0	0	0	0	0	0	0	0.25882	0.011765	0	0	0	0	0	0	0	0	0	0	0	0	0	0	0	0	
0	0	0	0	0	0	0	0	0	0	0	0.2	0.07451	0	0	0	0	0	0	0	0	0	0	0	0	0	0	0	0	0	
0	0	0	0	0	0	0	0	0	0	0	0.27843	0	0	0	0	0	0	0	0	0	0	0	0	0	0	0	0	0	0	
0	0	0	0	0	0	0	0	0	0	0.15294	0.12157	0	0	0	0	0	0	0	0	0	0	0	0	0	0	0	0	0	0	
0	0	0	0	0	0	0	0	0	0	0.27843	0	0	0	0	0	0	0	0	0	0	0	0	0	0	0	0	0	0	0	
0	0	0	0	0	0	0	0	0.0078431	0.2549	0.0078431	0	0	0	0	0	0	0	0	0	0	0	0	0	0	0	0	0	0	0	
0	0	0	0	0	0	0	0	0.24706	0.027451	0	0	0	0	0	0	0	0	0	0	0	0	0	0	0	0	0	0	0	0	
0	0	0	0	0	0	0	0.13725	0.14118	0	0	0	0	0	0	0	0	0	0	0	0	0	0	0	0	0	0	0	0	0	
0	0	0	0	0	0	0	0.027451	0.011765	0	0	0	0	0	0	0	0	0	0	0	0	0	0	0	0	0	0	0	0	0	

1
1
30		30
2
451	47
443	24
540	69
1
443	50
44
451	47
455	45
460	45
466	44
474	41
481	39
489	36
497	33
504	30
509	29
514	26
518	24
519	24
520	24
523	26
523	29
526	34
527	39
529	44
530	50
532	55
533	59
535	63
539	66
539	68
540	69
536	69
533	69
529	69
523	68
517	66
511	65
503	63
495	62
487	62
479	60
472	59
464	59
460	57
453	54
449	53
446	51
444	50
443	50

	496	58
468	58
497	122
1
468	122
17
496	58
497	62
496	66
495	71
493	75
492	82
489	87
486	94
481	101
480	105
477	110
475	112
474	113
472	115
470	118
468	120
468	122



7
3
30	30
0	0	0	0	0	0	0	0	0	0	0	0	0	0	0	0	0	0	0	0	0	0	0.078431	0	0	0	0	0	0	0	
0	0	0	0	0	0	0	0	0	0	0	0	0	0	0	0	0	0	0	0	0	0	0.054902	0.17255	0	0	0	0	0	0	
0	0	0	0	0	0	0	0	0	0	0	0	0	0	0	0	0	0	0	0	0	0.18431	0	0.22745	0	0	0	0	0	0	
0	0	0	0	0	0	0	0	0	0	0	0	0	0	0	0	0	0	0	0	0	0.086275	0.14118	0.22745	0	0	0	0	0	0	
0	0	0	0	0	0	0	0	0	0	0	0	0	0	0	0	0	0	0	0	0	0.043137	0.22353	0.22745	0	0	0	0	0	0	
0	0	0	0	0	0	0	0	0	0	0	0	0	0	0	0	0	0	0	0	0	0	0.05098	0.19608	0.21961	0	0	0	0	0	
0	0	0	0	0	0	0	0	0	0	0	0	0	0	0	0	0	0	0	0	0	0	0	0.18039	0.32549	0	0	0	0	0	
0	0	0	0	0	0	0	0	0	0	0	0	0	0	0	0	0	0	0	0	0	0	0	0	0.29804	0.15686	0	0	0	0	
0.066667	0.21569	0.21569	0.21569	0.21569	0.21569	0.21569	0.21569	0.21569	0.21569	0.21569	0.21569	0.21569	0.21569	0.21569	0.21569	0.21569	0.21569	0.21569	0.21569	0.21569	0.21569	0.21569	0.16863	0.22745	0.058824	0.21569	0.10588	0	0	
0	0	0	0	0	0	0	0	0	0	0	0	0	0	0	0	0	0	0	0	0	0	0	0	0.22745	0	0	0.1098	0.21569	0.047059	
0	0	0	0	0	0	0	0	0	0	0	0	0	0	0	0	0	0	0	0	0	0	0	0	0.22745	0	0	0	0.039216	0.18824	
0	0	0	0	0	0	0	0	0	0	0	0	0	0	0	0	0	0	0	0	0	0	0	0	0.22745	0	0	0.011765	0.2549	0.011765	
0	0	0	0	0	0	0	0	0	0	0	0	0	0	0	0	0	0	0	0	0	0	0	0	0.22745	0	0.062745	0.20392	0.0078431	0	
0	0	0	0	0	0	0	0	0	0	0	0	0	0	0	0	0	0	0	0	0	0	0	0	0.22745	0.17255	0.14902	0	0	0	
0	0	0	0	0	0	0	0	0	0	0	0	0	0	0	0	0	0	0	0	0	0	0	0	0.41961	0.043137	0	0	0	0	
0	0	0	0	0	0	0	0	0	0	0	0	0	0	0	0	0	0	0	0	0	0	0	0	0.10588	0	0	0	0	0	
0	0	0	0	0	0	0	0	0	0	0	0	0	0	0	0	0	0	0	0	0	0	0	0	0	0	0	0	0	0	
0	0	0	0	0	0	0	0	0	0	0	0	0	0	0	0	0	0	0	0	0	0	0	0	0	0	0	0	0	0	
0	0	0	0	0	0	0	0	0	0	0	0	0	0	0	0	0	0	0	0	0	0	0	0	0	0	0	0	0	0	
0	0	0	0	0	0	0	0	0	0	0	0	0	0	0	0	0	0	0	0	0	0	0	0	0	0	0	0	0	0	
0	0	0	0	0	0	0	0	0	0	0	0	0	0	0	0	0	0	0	0	0	0	0	0	0	0	0	0	0	0	
0	0	0	0	0	0	0	0	0	0	0	0	0	0	0	0	0	0	0	0	0	0	0	0	0	0	0	0	0	0	
0	0	0	0	0	0	0	0	0	0	0	0	0	0	0	0	0	0	0	0	0	0	0	0	0	0	0	0	0	0	
0	0	0	0	0	0	0	0	0	0	0	0	0	0	0	0	0	0	0	0	0	0	0	0	0	0	0	0	0	0	
0	0	0	0	0	0	0	0	0	0	0	0	0	0	0	0	0	0	0	0	0	0	0	0	0	0	0	0	0	0	
0	0	0	0	0	0	0	0	0	0	0	0	0	0	0	0	0	0	0	0	0	0	0	0	0	0	0	0	0	0	
0	0	0	0	0	0	0	0	0	0	0	0	0	0	0	0	0	0	0	0	0	0	0	0	0	0	0	0	0	0	
0	0	0	0	0	0	0	0	0	0	0	0	0	0	0	0	0	0	0	0	0	0	0	0	0	0	0	0	0	0	
0	0	0	0	0	0	0	0	0	0	0	0	0	0	0	0	0	0	0	0	0	0	0	0	0	0	0	0	0	0	
0	0	0	0	0	0	0	0	0	0	0	0	0	0	0	0	0	0	0	0	0	0	0	0	0	0	0	0	0	0	

1
1
30		30
2
742	232
742	225
776	291
1
747	225
45
742	232
745	236
746	243
751	247
753	252
756	253
758	255
761	258
765	261
768	262
772	265
774	265
775	266
776	267
776	269
776	270
774	274
771	276
768	279
764	282
762	284
760	285
758	286
756	288
755	291
754	290
754	288
754	285
754	282
754	277
754	273
754	268
754	264
754	259
754	255
754	249
754	245
753	240
753	237
751	233
750	230
750	228
749	227
748	226
747	225

	752	260
653	260
752	262
1
653	262
14
752	260
748	261
742	261
735	261
727	261
718	261
709	261
698	261
688	261
678	261
669	261
662	262
656	262
653	262



7
3
30	30
0	0	0	0	0	0	0	0	0	0.070588	0	0	0	0	0	0	0	0	0	0	0	0	0	0	0	0	0	0	0	0	
0	0	0	0	0	0	0	0	0	0.2	0	0	0	0	0	0	0	0	0	0	0	0	0	0	0	0	0	0	0	0	
0	0	0	0	0	0	0	0	0	0.2	0	0	0	0	0	0	0	0	0	0	0	0	0	0	0	0	0	0	0	0	
0	0	0	0	0	0	0	0	0	0.2	0	0	0	0	0	0	0	0	0	0	0	0	0	0	0	0	0	0	0	0	
0	0	0	0	0	0	0	0	0	0.2	0	0	0	0	0	0	0	0	0	0	0	0	0	0	0	0	0	0	0	0	
0	0	0	0	0	0	0	0	0	0.2	0	0	0	0	0	0	0	0	0	0	0	0	0	0	0	0	0	0	0	0	
0	0	0	0	0	0	0	0	0.10588	0.090196	0	0	0	0	0	0	0	0	0	0	0	0	0	0	0	0	0	0	0	0	
0	0	0	0	0	0	0	0	0.2	0	0	0	0	0	0	0	0	0	0	0	0	0	0	0	0	0	0	0	0	0	
0	0	0	0	0	0	0	0	0.2	0	0	0	0	0	0	0	0	0	0	0	0	0	0	0	0	0	0	0	0	0	
0	0	0	0	0	0	0	0	0.2	0	0	0	0	0	0	0	0	0	0	0	0	0	0	0	0	0	0	0	0	0	
0	0	0	0	0	0	0	0	0.2	0	0	0	0	0	0	0	0	0	0	0	0	0	0	0	0	0	0	0	0	0	
0	0	0	0	0	0	0	0	0.2	0	0	0	0	0	0	0	0	0	0	0	0	0	0	0	0	0	0	0	0	0	
0	0	0	0	0	0	0	0	0.2	0	0	0	0	0	0	0	0	0	0	0	0	0	0	0	0	0	0	0	0	0	
0	0	0	0	0	0	0	0	0.2	0	0	0	0	0	0	0	0	0	0	0	0	0	0	0	0	0	0	0	0	0	
0	0	0	0	0	0	0	0	0.2	0	0	0	0	0	0	0	0	0	0	0	0	0	0	0	0	0	0	0	0	0	
0	0	0	0	0	0	0	0	0.2	0	0	0	0	0	0	0	0	0	0	0	0	0	0	0	0	0	0	0	0	0	
0	0	0	0	0	0	0	0	0.2	0	0	0	0	0	0	0	0	0	0	0	0	0	0	0	0	0	0	0	0	0	
0	0	0	0	0	0	0	0.023529	0.17647	0	0	0	0	0	0	0	0	0	0	0	0	0	0	0	0	0	0	0	0	0	
0	0	0	0	0	0	0	0.066667	0.13333	0	0	0	0	0	0	0	0	0	0	0	0	0	0	0	0	0	0	0	0	0	
0	0	0	0	0	0	0	0	0	0	0	0	0	0	0	0	0	0	0	0	0	0	0	0	0	0	0	0	0	0	
0.082353	0.21569	0.21569	0.21569	0.21569	0.21569	0.21569	0.21569	0.21569	0.21569	0.21569	0.21569	0.21961	0.13725	0	0	0	0	0	0	0	0	0	0	0	0	0	0	0	0	
0	0	0	0	0	0	0	0	0	0	0	0	0.05098	0.14902	0	0	0	0	0	0	0	0	0	0	0	0	0	0	0	0	
0	0.035294	0.21569	0.1451	0	0	0	0	0	0	0	0	0.2	0	0	0	0	0	0	0	0	0	0	0	0	0	0	0	0	0	
0	0	0	0.066667	0.21569	0.023529	0	0	0	0	0	0.011765	0.18431	0	0	0	0	0	0	0	0	0	0	0	0	0	0	0	0	0	
0	0	0	0	0	0.18431	0.011765	0	0	0	0	0.2	0	0	0	0	0	0	0	0	0	0	0	0	0	0	0	0	0	0	
0	0	0	0	0	0.0039216	0.18824	0.0078431	0	0	0.011765	0.18824	0	0	0	0	0	0	0	0	0	0	0	0	0	0	0	0	0	0	
0	0	0	0	0	0	0.0078431	0.18824	0	0	0.043137	0.15294	0	0	0	0	0	0	0	0	0	0	0	0	0	0	0	0	0	0	
0	0	0	0	0	0	0	0.015686	0.18431	0.0078431	0.19216	0	0	0	0	0	0	0	0	0	0	0	0	0	0	0	0	0	0	0	
0	0	0	0	0	0	0	0	0.11373	0.25098	0.039216	0	0	0	0	0	0	0	0	0	0	0	0	0	0	0	0	0	0	0	
0	0	0	0	0	0	0	0	0	0.14118	0	0	0	0	0	0	0	0	0	0	0	0	0	0	0	0	0	0	0	0	

1
1
30		30
2
583	516
577	507
639	549
1
577	508
47
583	516
585	516
587	517
590	519
591	520
594	522
598	524
601	527
604	530
608	534
611	537
614	540
616	544
617	545
619	547
620	549
621	549
623	544
628	538
629	532
631	528
634	523
635	520
637	516
638	514
638	513
638	511
639	509
638	509
637	509
634	509
629	509
625	509
622	509
617	509
613	509
609	507
605	507
602	507
598	507
595	507
590	507
584	507
583	507
580	508
578	508
577	508

	614	501
613	417
622	501
1
622	417
18
614	501
613	499
614	495
614	490
614	484
614	478
614	471
614	465
616	459
617	453
617	447
619	441
620	435
622	430
622	426
622	421
622	418
622	417



7
3
30	30
0	0	0	0	0	0	0.090196	0.16078	0.17255	0.066667	0	0	0	0	0	0	0	0	0	0	0	0	0	0	0	0	0	0	0	0	
0.086275	0.16078	0.16078	0.16078	0.16078	0.16078	0.066667	0	0	0.16471	0	0	0	0	0	0	0	0	0	0	0	0	0	0	0	0	0	0	0	0	
0.078431	0.086275	0	0	0	0	0	0	0.023529	0.13725	0	0	0	0	0	0	0	0	0	0	0	0	0	0	0	0	0	0	0	0	
0	0.15686	0.0039216	0	0	0	0	0	0.047059	0.11373	0	0	0	0	0	0	0	0	0	0	0	0	0	0	0	0	0	0	0	0	
0	0	0.16078	0	0	0	0	0	0.047059	0.11373	0	0	0	0	0	0	0	0	0	0	0	0	0	0	0	0	0	0	0	0	
0	0	0.047059	0.11373	0	0	0	0	0.047059	0.15294	0	0	0	0	0	0	0	0	0	0	0	0	0	0	0	0	0	0	0	0	
0	0	0	0.12549	0.035294	0	0	0	0.047059	0.16471	0.15686	0.066667	0	0	0	0	0	0	0	0	0	0	0	0	0	0	0	0	0	0	
0	0	0	0	0.16078	0	0	0	0.047059	0.11373	0.0039216	0.094118	0.16078	0.16078	0.16078	0.094118	0	0	0	0	0	0	0	0	0	0	0	0	0	0	
0	0	0	0	0.070588	0.090196	0	0	0.047059	0.11373	0	0	0	0	0	0.066667	0.16078	0.16078	0.16078	0.16078	0.16078	0.16078	0.12941	0.019608	0	0	0	0	0	0	
0	0	0	0	0	0.12157	0.039216	0	0.0078431	0.15294	0	0	0	0	0	0	0	0	0	0	0	0	0.031373	0.14118	0.16078	0.16078	0.16078	0.16078	0.16078	0.082353	
0	0	0	0	0	0	0.1451	0.039216	0	0.16471	0	0	0	0	0	0	0	0	0	0	0	0	0	0	0	0	0	0	0	0	
0	0	0	0	0	0	0	0.031373	0	0.16471	0	0	0	0	0	0	0	0	0	0	0	0	0	0	0	0	0	0	0	0	
0	0	0	0	0	0	0	0	0	0.082353	0	0	0	0	0	0	0	0	0	0	0	0	0	0	0	0	0	0	0	0	
0	0	0	0	0	0	0	0	0	0	0	0	0	0	0	0	0	0	0	0	0	0	0	0	0	0	0	0	0	0	
0	0	0	0	0	0	0	0	0	0	0	0	0	0	0	0	0	0	0	0	0	0	0	0	0	0	0	0	0	0	
0	0	0	0	0	0	0	0	0	0	0	0	0	0	0	0	0	0	0	0	0	0	0	0	0	0	0	0	0	0	
0	0	0	0	0	0	0	0	0	0	0	0	0	0	0	0	0	0	0	0	0	0	0	0	0	0	0	0	0	0	
0	0	0	0	0	0	0	0	0	0	0	0	0	0	0	0	0	0	0	0	0	0	0	0	0	0	0	0	0	0	
0	0	0	0	0	0	0	0	0	0	0	0	0	0	0	0	0	0	0	0	0	0	0	0	0	0	0	0	0	0	
0	0	0	0	0	0	0	0	0	0	0	0	0	0	0	0	0	0	0	0	0	0	0	0	0	0	0	0	0	0	
0	0	0	0	0	0	0	0	0	0	0	0	0	0	0	0	0	0	0	0	0	0	0	0	0	0	0	0	0	0	
0	0	0	0	0	0	0	0	0	0	0	0	0	0	0	0	0	0	0	0	0	0	0	0	0	0	0	0	0	0	
0	0	0	0	0	0	0	0	0	0	0	0	0	0	0	0	0	0	0	0	0	0	0	0	0	0	0	0	0	0	
0	0	0	0	0	0	0	0	0	0	0	0	0	0	0	0	0	0	0	0	0	0	0	0	0	0	0	0	0	0	
0	0	0	0	0	0	0	0	0	0	0	0	0	0	0	0	0	0	0	0	0	0	0	0	0	0	0	0	0	0	
0	0	0	0	0	0	0	0	0	0	0	0	0	0	0	0	0	0	0	0	0	0	0	0	0	0	0	0	0	0	
0	0	0	0	0	0	0	0	0	0	0	0	0	0	0	0	0	0	0	0	0	0	0	0	0	0	0	0	0	0	
0	0	0	0	0	0	0	0	0	0	0	0	0	0	0	0	0	0	0	0	0	0	0	0	0	0	0	0	0	0	
0	0	0	0	0	0	0	0	0	0	0	0	0	0	0	0	0	0	0	0	0	0	0	0	0	0	0	0	0	0	
0	0	0	0	0	0	0	0	0	0	0	0	0	0	0	0	0	0	0	0	0	0	0	0	0	0	0	0	0	0	

1
1
30		30
2
180	514
139	450
193	522
1
193	522
46
180	514
178	513
177	511
172	506
168	501
165	497
160	488
156	482
151	475
147	470
144	466
142	462
140	459
139	458
142	458
145	458
150	458
154	458
159	458
162	456
168	455
174	453
180	452
184	450
187	450
189	450
190	450
191	452
191	453
191	456
191	461
190	467
190	472
190	477
190	483
190	488
190	491
190	495
190	499
191	503
192	508
193	512
193	515
193	519
193	521
193	522

	193	482
193	482
313	506
1
313	506
18
193	482
194	483
196	485
199	487
202	489
207	490
213	492
221	494
232	496
244	498
258	499
271	501
285	504
294	504
304	505
309	505
312	505
313	506



7
3
30	30
0	0	0	0	0	0.031373	0.15294	0	0	0	0	0	0	0	0	0	0	0	0	0	0	0	0	0	0	0	0	0	0	0	
0	0	0	0	0	0.16078	0.078431	0.078431	0	0	0	0	0	0	0	0	0	0	0	0	0	0	0	0	0	0	0	0	0	0	
0	0	0	0	0	0.15686	0	0.16078	0	0	0	0	0	0	0	0	0	0	0	0	0	0	0	0	0	0	0	0	0	0	
0	0	0	0	0.13333	0.027451	0	0.13725	0.019608	0	0	0	0	0	0	0	0	0	0	0	0	0	0	0	0	0	0	0	0	0	
0	0	0	0	0.16078	0	0	0	0.15686	0	0	0	0	0	0	0	0	0	0	0	0	0	0	0	0	0	0	0	0	0	
0	0	0	0.094118	0.062745	0	0	0	0.13333	0.023529	0	0	0	0	0	0	0	0	0	0	0	0	0	0	0	0	0	0	0	0	
0	0	0	0.16078	0	0	0	0	0	0.16078	0	0	0	0	0	0	0	0	0	0	0	0	0	0	0	0	0	0	0	0	
0	0	0.098039	0.058824	0	0	0	0	0	0.11765	0.039216	0	0	0	0	0	0	0	0	0	0	0	0	0	0	0	0	0	0	0	
0	0	0.16078	0	0	0	0	0	0	0	0.15686	0	0	0	0	0	0	0	0	0	0	0	0	0	0	0	0	0	0	0	
0	0.07451	0.090196	0	0	0	0	0	0	0	0.015686	0.14118	0	0	0	0	0	0	0	0	0	0	0	0	0	0	0	0	0	0	
0	0	0	0	0	0	0	0	0	0	0	0.07451	0.082353	0	0	0	0	0	0	0	0	0	0	0	0	0	0	0	0	0	
0.066667	0	0	0	0	0	0	0	0	0	0	0	0.14902	0.0078431	0	0	0	0	0	0	0	0	0	0	0	0	0	0	0	0	
0.015686	0.17647	0.094118	0.094118	0.094118	0.094118	0.22745	0.094118	0.094118	0.094118	0.094118	0.094118	0.10196	0.16863	0	0	0	0	0	0	0	0	0	0	0	0	0	0	0	0	
0	0.015686	0.070588	0.070588	0.070588	0.070588	0.21961	0.070588	0.070588	0.070588	0.070588	0.070588	0.070588	0.023529	0	0	0	0	0	0	0	0	0	0	0	0	0	0	0	0	
0	0	0	0	0	0	0.16078	0	0	0	0	0	0	0	0	0	0	0	0	0	0	0	0	0	0	0	0	0	0	0	
0	0	0	0	0	0	0.16078	0	0	0	0	0	0	0	0	0	0	0	0	0	0	0	0	0	0	0	0	0	0	0	
0	0	0	0	0	0	0.16078	0	0	0	0	0	0	0	0	0	0	0	0	0	0	0	0	0	0	0	0	0	0	0	
0	0	0	0	0	0	0.16078	0	0	0	0	0	0	0	0	0	0	0	0	0	0	0	0	0	0	0	0	0	0	0	
0	0	0	0	0	0	0.16078	0	0	0	0	0	0	0	0	0	0	0	0	0	0	0	0	0	0	0	0	0	0	0	
0	0	0	0	0	0	0.16078	0	0	0	0	0	0	0	0	0	0	0	0	0	0	0	0	0	0	0	0	0	0	0	
0	0	0	0	0	0	0.16078	0	0	0	0	0	0	0	0	0	0	0	0	0	0	0	0	0	0	0	0	0	0	0	
0	0	0	0	0	0	0.16078	0	0	0	0	0	0	0	0	0	0	0	0	0	0	0	0	0	0	0	0	0	0	0	
0	0	0	0	0	0	0.11373	0.043137	0	0	0	0	0	0	0	0	0	0	0	0	0	0	0	0	0	0	0	0	0	0	
0	0	0	0	0	0	0.0078431	0.14902	0	0	0	0	0	0	0	0	0	0	0	0	0	0	0	0	0	0	0	0	0	0	
0	0	0	0	0	0	0	0.16078	0	0	0	0	0	0	0	0	0	0	0	0	0	0	0	0	0	0	0	0	0	0	
0	0	0	0	0	0	0	0.16078	0	0	0	0	0	0	0	0	0	0	0	0	0	0	0	0	0	0	0	0	0	0	
0	0	0	0	0	0	0	0.16078	0	0	0	0	0	0	0	0	0	0	0	0	0	0	0	0	0	0	0	0	0	0	
0	0	0	0	0	0	0	0.16078	0	0	0	0	0	0	0	0	0	0	0	0	0	0	0	0	0	0	0	0	0	0	
0	0	0	0	0	0	0	0.16078	0	0	0	0	0	0	0	0	0	0	0	0	0	0	0	0	0	0	0	0	0	0	
0	0	0	0	0	0	0	0.078431	0	0	0	0	0	0	0	0	0	0	0	0	0	0	0	0	0	0	0	0	0	0	

1
1
30		30
2
478	386
471	331
551	405
1
471	397
45
478	386
480	385
482	381
485	376
487	370
490	364
494	358
495	353
498	348
501	342
503	339
504	335
504	333
506	331
509	332
511	336
513	340
516	346
518	352
522	359
526	368
531	376
537	383
542	390
546	395
549	400
550	402
551	404
550	405
545	405
537	405
528	405
517	405
506	405
495	405
488	405
482	405
479	405
477	404
476	403
475	402
475	401
474	400
472	398
471	397

	507	400
507	400
515	503
1
515	503
20
507	400
507	403
507	406
507	410
507	416
507	424
507	430
507	437
509	445
509	451
510	458
512	466
512	473
513	481
515	488
515	494
515	497
515	500
515	502
515	503



7
3
30	30
0	0	0	0	0	0	0	0	0	0	0	0	0	0	0	0.043137	0	0	0	0	0	0	0	0	0	0	0	0	0	0	
0	0	0	0	0	0	0	0	0	0	0	0	0	0.0078431	0.25882	0.37647	0	0	0	0	0	0	0	0	0	0	0	0	0	0	
0	0	0	0	0	0	0	0	0	0	0	0	0.054902	0.26275	0.015686	0.16078	0.098039	0	0	0	0	0	0	0	0	0	0	0	0	0	
0	0	0	0	0	0	0	0	0	0	0	0.039216	0.21961	0	0	0.058824	0.2	0	0	0	0	0	0	0	0	0	0	0	0	0	
0	0	0	0	0	0	0	0	0	0	0.027451	0.23137	0	0	0	0.058824	0.2	0	0	0	0	0	0	0	0	0	0	0	0	0	
0	0	0	0	0	0	0	0	0	0.16471	0.24706	0	0	0	0	0.058824	0.2	0	0	0	0	0	0	0	0	0	0	0	0	0	
0	0	0	0	0	0	0	0	0.15294	0.1098	0	0	0	0	0	0.058824	0.2	0	0	0	0	0	0	0	0	0	0	0	0	0	
0	0	0	0	0	0	0	0.21176	0.12157	0	0	0	0	0	0	0.058824	0.2	0	0	0	0	0	0	0	0	0	0	0	0	0	
0	0	0	0	0	0	0.2	0.058824	0	0	0	0	0	0	0	0.058824	0.2	0	0	0	0	0	0	0	0	0	0	0	0	0	
0	0	0	0	0	0	0.26275	0	0	0	0	0	0	0	0	0.058824	0.2	0	0	0	0	0	0	0	0	0	0	0	0	0	
0	0	0	0	0	0	0	0	0	0	0	0	0	0	0	0.058824	0.2	0	0	0	0	0	0	0	0	0	0	0	0	0	
0	0	0	0	0	0	0	0	0	0	0	0	0	0	0	0.058824	0.2	0	0	0	0	0	0	0	0	0	0	0	0	0	
0	0	0	0.058824	0	0	0	0	0	0	0	0	0	0	0	0.058824	0.2	0	0	0	0	0	0	0	0	0	0	0	0	0	
0	0	0	0.16471	0.14902	0.1098	0.1098	0.015686	0.027451	0	0	0	0	0	0	0.058824	0.2	0	0	0	0	0	0	0	0	0	0	0	0	0	
0	0	0	0	0.12157	0.16471	0.16471	0.2549	0.46667	0.27451	0.27451	0.26275	0	0	0	0.058824	0.2	0	0	0	0	0	0	0	0	0	0	0	0	0	
0	0	0	0	0	0	0	0	0.26275	0	0	0.011765	0.27451	0.27451	0.27451	0.28235	0.16863	0	0	0	0	0	0	0	0	0	0	0	0	0	
0	0	0	0	0	0	0	0.027451	0.23529	0	0	0	0	0	0	0.027451	0	0	0	0	0	0	0	0	0	0	0	0	0	0	
0	0	0	0	0	0	0	0.21176	0.05098	0	0	0	0	0	0	0	0	0	0	0	0	0	0	0	0	0	0	0	0	0	
0	0	0	0	0	0	0.0078431	0.2549	0	0	0	0	0	0	0	0	0	0	0	0	0	0	0	0	0	0	0	0	0	0	
0	0	0	0	0	0	0.18824	0.07451	0	0	0	0	0	0	0	0	0	0	0	0	0	0	0	0	0	0	0	0	0	0	
0	0	0	0	0	0.086275	0.17647	0	0	0	0	0	0	0	0	0	0	0	0	0	0	0	0	0	0	0	0	0	0	0	
0	0	0	0	0	0.26275	0	0	0	0	0	0	0	0	0	0	0	0	0	0	0	0	0	0	0	0	0	0	0	0	
0	0	0	0	0.19216	0.070588	0	0	0	0	0	0	0	0	0	0	0	0	0	0	0	0	0	0	0	0	0	0	0	0	
0	0	0	0.18039	0.082353	0	0	0	0	0	0	0	0	0	0	0	0	0	0	0	0	0	0	0	0	0	0	0	0	0	
0	0	0.16863	0.094118	0	0	0	0	0	0	0	0	0	0	0	0	0	0	0	0	0	0	0	0	0	0	0	0	0	0	
0	0	0.26275	0	0	0	0	0	0	0	0	0	0	0	0	0	0	0	0	0	0	0	0	0	0	0	0	0	0	0	
0	0.2	0.062745	0	0	0	0	0	0	0	0	0	0	0	0	0	0	0	0	0	0	0	0	0	0	0	0	0	0	0	
0	0.26275	0	0	0	0	0	0	0	0	0	0	0	0	0	0	0	0	0	0	0	0	0	0	0	0	0	0	0	0	
0.019608	0.23922	0	0	0	0	0	0	0	0	0	0	0	0	0	0	0	0	0	0	0	0	0	0	0	0	0	0	0	0	
0.031373	0.0078431	0	0	0	0	0	0	0	0	0	0	0	0	0	0	0	0	0	0	0	0	0	0	0	0	0	0	0	0	

1
1
30		30
2
636	572
626	540
672	594
1
626	583
37
636	572
635	570
638	566
642	563
646	559
651	556
654	553
658	549
661	546
663	545
666	543
668	542
670	540
670	542
672	546
672	551
672	557
672	563
672	570
672	576
672	581
672	585
672	588
672	590
672	593
669	594
664	593
657	591
651	590
644	590
639	588
633	587
630	587
628	587
627	586
626	585
626	583

	643	587
615	587
643	641
1
615	641
18
643	587
643	591
643	594
642	598
641	602
638	606
633	613
631	616
626	621
623	624
621	629
620	630
618	632
618	635
618	636
617	638
617	639
615	641



