7
3
20	20
0	0	0	0	0	0	0	0	0	0	0.015686	0.07451	0.07451	0.07451	0.07451	0.07451	0.07451	0.07451	0.07451	0.1098	
0.023529	0.07451	0.07451	0.07451	0.07451	0.07451	0.07451	0.07451	0.07451	0.07451	0.054902	0	0	0	0	0	0	0	0	0.078431	
0.078431	0	0	0	0	0	0	0	0	0	0	0	0	0	0	0	0	0	0	0.078431	
0.078431	0	0	0	0	0	0	0	0	0	0	0	0	0	0	0	0	0	0	0.078431	
0.078431	0	0	0	0	0	0	0	0	0	0	0	0	0	0	0	0	0	0	0.078431	
0.011765	0.062745	0	0	0	0	0	0	0	0	0	0	0	0	0	0	0	0	0	0.078431	
0	0.078431	0	0	0	0	0	0	0	0	0	0	0	0	0	0	0	0	0	0.078431	
0	0.047059	0.027451	0	0	0	0	0	0	0	0	0	0	0	0	0	0	0	0.043137	0.035294	
0	0	0.078431	0	0	0	0	0	0	0	0	0	0	0	0	0	0	0	0.078431	0	
0	0	0.043137	0	0	0.011765	0.066667	0.07451	0.07451	0.07451	0.07451	0.07451	0.07451	0.07451	0.07451	0.035294	0	0	0.078431	0	
0	0	0.054902	0.07451	0.07451	0.058824	0.0039216	0	0	0	0	0	0	0	0	0.039216	0.07451	0.07451	0.12157	0	
0	0	0	0	0	0	0	0	0	0	0	0	0	0	0	0	0	0	0	0	
0	0	0	0	0	0	0	0	0	0	0	0	0	0	0	0	0	0	0	0	
0	0	0	0	0	0	0	0	0	0	0	0	0	0	0	0	0	0	0	0	
0	0	0	0	0	0	0	0	0	0	0	0	0	0	0	0	0	0	0	0	
0	0	0	0	0	0	0	0	0	0	0	0	0	0	0	0	0	0	0	0	
0	0	0	0	0	0	0	0	0	0	0	0	0	0	0	0	0	0	0	0	
0	0	0	0	0	0	0	0	0	0	0	0	0	0	0	0	0	0	0	0	
0	0	0	0	0	0	0	0	0	0	0	0	0	0	0	0	0	0	0	0	
0	0	0	0	0	0	0	0	0	0	0	0	0	0	0	0	0	0	0	0	

1
1
20		20
1
277	277
259	163
503	302
1
274	289
67
289	286
289	280
284	271
281	261
277	250
272	241
269	231
267	220
267	213
264	206
262	199
262	195
259	192
259	191
264	186
279	184
302	180
326	178
358	176
393	173
424	170
453	167
475	165
494	164
501	164
503	163
503	165
503	174
503	187
503	202
503	217
499	234
496	248
494	261
491	274
491	284
491	291
491	297
491	300
491	301
492	302
491	302
486	301
480	300
472	298
465	297
455	294
444	291
429	291
413	291
398	291
379	291
360	291
343	291
327	293
317	295
310	295
305	295
303	295
302	295
300	295
298	294
295	295
293	296
289	297
286	298
284	299



7
3
20	20
0	0	0	0.12157	0.078431	0.078431	0.07451	0.011765	0	0	0	0	0	0	0	0	0	0	0	0	
0	0	0	0.086275	0	0	0	0.062745	0.078431	0.078431	0.078431	0.078431	0.078431	0.078431	0.078431	0.078431	0.078431	0.078431	0.078431	0.10588	
0	0	0	0.086275	0	0	0	0	0	0	0	0	0	0	0	0	0	0	0	0.086275	
0	0	0	0.078431	0.0078431	0	0	0	0	0	0	0	0	0	0	0	0	0	0	0.086275	
0	0	0	0.031373	0.054902	0	0	0	0	0	0	0	0	0	0	0	0	0	0	0.086275	
0	0	0	0	0.086275	0	0	0	0	0	0	0	0	0	0	0	0	0	0	0.086275	
0	0	0	0	0.047059	0	0	0	0	0	0	0	0	0	0	0	0	0	0.023529	0.058824	
0.054902	0.078431	0.078431	0.078431	0.078431	0.078431	0.078431	0.078431	0.078431	0.078431	0.078431	0.078431	0.078431	0.078431	0.078431	0.078431	0.078431	0.078431	0.1098	0	
0	0	0	0	0	0	0	0	0	0	0	0	0	0	0	0	0	0	0	0	
0	0	0	0	0	0	0	0	0	0	0	0	0	0	0	0	0	0	0	0	
0	0	0	0	0	0	0	0	0	0	0	0	0	0	0	0	0	0	0	0	
0	0	0	0	0	0	0	0	0	0	0	0	0	0	0	0	0	0	0	0	
0	0	0	0	0	0	0	0	0	0	0	0	0	0	0	0	0	0	0	0	
0	0	0	0	0	0	0	0	0	0	0	0	0	0	0	0	0	0	0	0	
0	0	0	0	0	0	0	0	0	0	0	0	0	0	0	0	0	0	0	0	
0	0	0	0	0	0	0	0	0	0	0	0	0	0	0	0	0	0	0	0	
0	0	0	0	0	0	0	0	0	0	0	0	0	0	0	0	0	0	0	0	
0	0	0	0	0	0	0	0	0	0	0	0	0	0	0	0	0	0	0	0	
0	0	0	0	0	0	0	0	0	0	0	0	0	0	0	0	0	0	0	0	
0	0	0	0	0	0	0	0	0	0	0	0	0	0	0	0	0	0	0	0	

1
1
20		20
1
620	298
589	235
805	328
1
589	310
55
632	313
632	309
632	304
632	298
632	293
630	286
630	279
629	273
629	264
626	257
626	249
625	244
622	239
622	236
622	235
633	235
647	241
663	244
683	248
705	249
730	249
752	249
772	249
787	249
797	249
804	248
805	252
805	259
805	267
805	277
804	286
801	293
801	301
799	307
799	312
797	317
797	319
795	323
794	327
793	328
790	328
788	328
780	328
772	328
761	328
747	328
726	328
705	328
681	328
659	328
634	328
615	328
601	328
593	328
589	328



7
3
20	20
0	0	0	0	0.10196	0.10588	0.10588	0.10588	0.10588	0.10588	0.10588	0.10588	0.10588	0.10588	0.10588	0.10588	0.10588	0.10588	0.1098	0	
0	0	0	0	0.1098	0	0	0	0	0	0	0	0	0	0	0	0	0	0.1098	0	
0	0	0	0	0.082353	0.027451	0	0	0	0	0	0	0	0	0	0	0	0	0.1098	0	
0	0	0	0	0	0.1098	0	0	0	0	0	0	0	0	0	0	0	0	0.1098	0	
0	0	0	0	0	0.1098	0	0	0	0	0	0	0	0	0	0	0	0	0.1098	0	
0	0	0	0	0	0.1098	0	0	0	0	0	0	0	0	0	0	0	0	0.1098	0	
0	0	0	0	0	0.1098	0	0	0	0	0	0	0	0	0	0	0	0	0.1098	0	
0	0	0	0	0	0.082353	0	0	0	0	0	0	0	0	0	0	0	0	0.1098	0	
0	0	0	0	0	0	0	0	0	0	0	0	0	0	0	0	0	0	0.1098	0	
0.086275	0.10588	0.10588	0.10588	0.10588	0.10588	0.10588	0.10588	0.10588	0.10588	0.10588	0.10588	0.10588	0.10588	0.10588	0.10588	0.10588	0.10588	0.18824	0.019608	
0.0078431	0	0	0	0	0	0	0	0	0	0	0	0	0	0	0	0	0	0.0039216	0.011765	
0	0	0	0	0	0	0	0	0	0	0	0	0	0	0	0	0	0	0	0	
0	0	0	0	0	0	0	0	0	0	0	0	0	0	0	0	0	0	0	0	
0	0	0	0	0	0	0	0	0	0	0	0	0	0	0	0	0	0	0	0	
0	0	0	0	0	0	0	0	0	0	0	0	0	0	0	0	0	0	0	0	
0	0	0	0	0	0	0	0	0	0	0	0	0	0	0	0	0	0	0	0	
0	0	0	0	0	0	0	0	0	0	0	0	0	0	0	0	0	0	0	0	
0	0	0	0	0	0	0	0	0	0	0	0	0	0	0	0	0	0	0	0	
0	0	0	0	0	0	0	0	0	0	0	0	0	0	0	0	0	0	0	0	
0	0	0	0	0	0	0	0	0	0	0	0	0	0	0	0	0	0	0	0	

1
1
20		20
1
801	326
754	254
929	349
1
754	346
52
801	322
802	320
802	316
801	310
801	302
800	295
798	286
797	278
795	272
792	265
791	261
789	259
789	258
792	258
801	258
811	258
827	258
843	258
861	258
876	258
890	257
903	256
912	254
916	254
918	254
919	256
919	263
919	275
919	286
919	299
919	313
919	324
921	334
922	340
924	342
925	344
922	343
917	342
910	340
901	340
887	337
872	337
857	337
837	337
818	337
800	337
783	338
771	339
761	341
756	343
754	343
754	341



7
3
20	20
0.078431	0.066667	0.066667	0.066667	0.066667	0.066667	0.066667	0.066667	0.066667	0.066667	0.066667	0.066667	0.066667	0.066667	0.066667	0.066667	0.066667	0.066667	0.066667	0.10196	
0.066667	0	0	0	0	0	0	0	0	0	0	0	0	0	0	0	0	0	0	0.066667	
0.066667	0	0	0	0	0	0	0	0	0	0	0	0	0	0	0	0	0	0	0.066667	
0.066667	0	0	0	0	0	0	0	0	0	0	0	0	0	0	0	0	0	0	0.070588	
0.082353	0.015686	0.062745	0.066667	0.066667	0.066667	0.066667	0.066667	0.066667	0.066667	0.066667	0.066667	0.066667	0.066667	0.066667	0.066667	0.047059	0	0	0.039216	
0.035294	0.047059	0	0	0	0	0	0	0	0	0	0	0	0	0	0	0	0	0	0	
0	0	0	0	0	0	0	0	0	0	0	0	0	0	0	0	0	0	0	0	
0	0	0	0	0	0	0	0	0	0	0	0	0	0	0	0	0	0	0	0	
0	0	0	0	0	0	0	0	0	0	0	0	0	0	0	0	0	0	0	0	
0	0	0	0	0	0	0	0	0	0	0	0	0	0	0	0	0	0	0	0	
0	0	0	0	0	0	0	0	0	0	0	0	0	0	0	0	0	0	0	0	
0	0	0	0	0	0	0	0	0	0	0	0	0	0	0	0	0	0	0	0	
0	0	0	0	0	0	0	0	0	0	0	0	0	0	0	0	0	0	0	0	
0	0	0	0	0	0	0	0	0	0	0	0	0	0	0	0	0	0	0	0	
0	0	0	0	0	0	0	0	0	0	0	0	0	0	0	0	0	0	0	0	
0	0	0	0	0	0	0	0	0	0	0	0	0	0	0	0	0	0	0	0	
0	0	0	0	0	0	0	0	0	0	0	0	0	0	0	0	0	0	0	0	
0	0	0	0	0	0	0	0	0	0	0	0	0	0	0	0	0	0	0	0	
0	0	0	0	0	0	0	0	0	0	0	0	0	0	0	0	0	0	0	0	
0	0	0	0	0	0	0	0	0	0	0	0	0	0	0	0	0	0	0	0	

1
1
20		20
1
544	468
382	381
662	478
1
524	468
54
653	445
653	444
653	441
652	438
652	436
653	434
653	429
657	426
658	421
658	415
662	407
662	399
662	393
662	387
662	383
662	381
662	381
642	381
608	383
570	383
532	385
487	385
452	385
422	385
402	385
392	384
387	383
385	383
385	386
385	394
385	402
385	414
385	424
385	435
385	442
383	448
382	450
382	452
383	452
392	452
407	452
425	451
447	450
472	447
497	447
525	445
552	443
575	443
592	443
605	443
612	443
613	444
617	444
618	445



7
3
20	20
0	0	0	0	0.066667	0.086275	0.086275	0.086275	0.086275	0.086275	0.086275	0.086275	0.086275	0.086275	0.086275	0.086275	0.070588	0	0	0	
0.082353	0.086275	0.086275	0.086275	0.019608	0	0	0	0	0	0	0	0	0	0	0	0.086275	0	0	0	
0.086275	0	0	0	0	0	0	0	0	0	0	0	0	0	0	0	0.086275	0	0	0	
0.086275	0	0	0	0	0	0	0	0	0	0	0	0	0	0	0	0.086275	0	0	0	
0.086275	0	0	0	0	0	0	0	0	0	0	0	0	0	0	0	0.086275	0	0	0	
0.086275	0	0	0	0	0	0	0	0	0	0	0	0	0	0	0	0.086275	0	0	0	
0.086275	0	0	0	0	0	0	0	0	0	0	0	0	0	0	0	0.086275	0	0	0	
0.086275	0	0	0	0	0	0	0	0	0	0	0	0	0	0	0	0.086275	0	0	0	
0.086275	0	0	0	0	0	0	0	0	0	0	0	0	0	0	0	0.086275	0	0	0	
0.086275	0	0	0	0	0	0	0	0	0	0	0	0	0	0	0	0.086275	0	0	0	
0.086275	0	0	0	0	0	0	0	0	0	0	0	0	0	0	0	0.086275	0	0	0	
0.086275	0	0	0	0	0	0	0	0	0	0	0	0	0	0	0	0.086275	0	0	0	
0.086275	0	0	0	0	0	0	0	0	0	0	0	0	0	0	0	0.086275	0	0	0	
0.086275	0	0	0	0	0	0	0	0	0	0	0	0	0	0	0	0.086275	0	0	0	
0.086275	0	0	0	0	0	0	0	0	0	0	0	0	0	0	0	0.086275	0	0	0	
0.086275	0	0	0	0	0	0	0	0	0	0	0	0	0	0	0	0.086275	0	0	0	
0.086275	0	0	0	0	0	0	0	0	0	0	0	0	0	0	0	0.086275	0	0	0	
0.086275	0	0	0	0	0	0	0	0	0	0	0	0	0	0	0	0.086275	0	0	0	
0.039216	0.0039216	0	0.011765	0.086275	0.086275	0.086275	0.086275	0.086275	0.019608	0	0	0	0	0	0	0.066667	0.015686	0	0	
0	0.082353	0.086275	0.070588	0	0	0	0	0	0.062745	0.086275	0.086275	0.086275	0.086275	0.086275	0.086275	0.086275	0.066667	0	0	

1
1
20		20
1
756	506
747	390
946	611
1
755	509
146
754	595
754	591
754	588
754	582
754	575
754	563
754	548
754	534
754	518
752	500
751	484
749	470
748	457
748	448
747	439
747	438
747	429
747	422
747	418
747	413
747	407
747	406
751	404
759	404
768	404
777	404
786	400
793	398
801	395
806	395
812	395
818	395
823	395
826	395
829	395
831	395
834	397
835	397
838	397
843	397
846	397
849	397
853	397
855	397
857	397
860	397
861	397
863	397
864	397
866	397
867	397
871	397
873	397
877	397
882	397
888	397
896	395
904	393
910	390
916	390
919	390
923	390
925	390
926	390
928	390
928	391
929	397
929	404
929	414
929	425
929	438
929	452
929	463
929	473
929	481
929	489
929	497
929	502
931	506
931	511
931	518
931	525
933	531
933	541
933	552
933	566
935	575
936	584
936	589
936	591
936	595
936	597
937	598
938	600
939	602
939	604
940	607
940	609
940	609
939	611
937	609
936	609
934	609
930	606
925	606
919	606
910	606
902	604
892	604
883	604
874	604
865	604
857	604
851	604
845	602
839	602
834	598
830	598
825	598
821	598
817	600
812	600
808	600
801	600
796	602
791	602
786	604
783	604
780	604
778	604
777	604
775	604
774	604
771	604
769	604
768	604
766	604
765	604
764	604
762	604
760	604
759	604
757	604
756	604
755	602
754	602



7
3
20	20
0	0	0	0	0	0	0	0	0	0	0	0	0	0	0	0	0	0	0.070588	0	
0	0	0	0	0	0	0	0	0	0	0	0	0	0	0	0	0	0	0.1098	0	
0.0078431	0	0	0	0	0	0	0.011765	0.078431	0.1098	0.1098	0.1098	0.1098	0.1098	0.1098	0.1098	0.086275	0	0.1098	0	
0.16863	0.1098	0.1098	0.1098	0.1098	0.1098	0.1098	0.098039	0.031373	0	0	0	0	0	0	0	0	0	0.1098	0	
0.1098	0	0	0	0	0	0	0	0	0	0	0	0	0	0	0	0	0	0.1098	0	
0.1098	0	0	0	0	0	0	0	0	0	0	0	0	0	0	0	0	0	0.1098	0	
0.1098	0	0	0	0	0	0	0	0	0	0	0	0	0	0	0	0	0	0.1098	0	
0.1098	0	0	0	0	0	0	0	0	0	0	0	0	0	0	0	0	0	0.1098	0	
0.1098	0	0	0	0	0	0	0	0	0	0	0	0	0	0	0	0	0	0.1098	0	
0.1098	0	0	0	0	0	0	0	0	0	0	0	0	0	0	0	0	0	0.1098	0	
0.10588	0	0	0	0	0	0	0	0	0	0	0	0	0	0	0	0	0	0.1098	0	
0.10196	0.0039216	0	0	0	0	0	0	0	0	0	0	0	0	0	0	0	0	0.1098	0	
0.10196	0.0039216	0	0	0	0	0	0	0	0	0	0	0	0	0	0	0	0	0.1098	0	
0.10196	0.0039216	0	0	0	0	0	0	0	0	0	0	0	0	0	0	0	0	0.1098	0	
0.10196	0.0039216	0	0	0	0	0	0	0	0	0	0	0	0	0	0	0	0	0.1098	0	
0.10588	0.0039216	0	0	0	0	0	0	0	0	0	0	0	0	0	0	0	0	0.1098	0	
0.1098	0	0	0	0	0	0	0	0	0	0	0	0	0	0	0	0	0	0.1098	0	
0.1098	0	0	0	0	0	0	0	0	0	0	0	0	0	0	0	0	0.082353	0.027451	0	
0.1098	0	0	0	0	0	0	0	0	0	0	0	0	0	0	0	0	0.1098	0	0	
0.047059	0.1098	0.1098	0.1098	0.1098	0.1098	0.1098	0.1098	0.1098	0.1098	0.1098	0.1098	0.1098	0.1098	0.1098	0.1098	0.1098	0.094118	0	0	

1
1
20		20
1
589	566
478	553
641	722
1
601	563
78
624	568
621	568
613	568
601	569
585	570
564	574
543	577
521	577
508	577
495	578
485	578
481	578
480	577
478	576
478	578
479	588
481	605
481	624
483	643
483	661
483	676
483	687
481	696
480	702
480	708
480	709
480	711
480	713
480	715
480	717
481	718
484	718
493	720
508	722
525	722
544	722
561	722
580	722
596	722
610	722
621	722
628	722
630	720
633	718
633	713
634	706
637	699
637	691
638	686
638	678
638	670
638	663
638	655
638	649
638	641
638	636
638	627
638	620
638	614
638	609
638	602
638	599
638	595
638	591
638	590
638	587
638	586
638	583
638	582
641	577
641	572
641	567
641	563
641	556
641	553
641	558
641	561
641	565



7
3
20	20
0.11765	0.094118	0.094118	0.094118	0.094118	0.094118	0.094118	0.094118	0.094118	0.094118	0.094118	0.094118	0.094118	0.094118	0.094118	0.094118	0.094118	0.094118	0.094118	0.070588	
0.098039	0	0	0	0	0	0	0	0	0	0	0	0	0	0	0	0	0	0	0.098039	
0.098039	0	0	0	0	0	0	0	0	0	0	0	0	0	0	0	0	0	0	0.098039	
0.098039	0	0	0	0	0	0	0	0	0	0	0	0	0	0	0	0	0	0	0.098039	
0.098039	0	0	0	0	0	0	0	0	0	0	0	0	0	0	0	0	0	0	0.098039	
0.098039	0	0	0	0	0	0	0	0	0	0	0	0	0	0	0	0	0	0	0.098039	
0.098039	0	0	0	0	0	0	0	0	0	0	0	0	0	0	0	0	0	0	0.098039	
0.039216	0.058824	0	0	0	0	0	0	0	0	0	0	0	0	0	0	0	0	0	0.098039	
0	0.098039	0	0	0	0	0	0	0	0	0	0	0	0	0	0	0	0	0	0.098039	
0	0.098039	0	0	0	0	0	0	0	0	0	0	0	0	0	0	0	0	0	0.098039	
0	0.098039	0	0	0	0	0	0	0	0	0	0	0	0	0	0	0	0	0	0.098039	
0	0.098039	0	0	0	0	0	0	0	0	0	0	0	0	0	0	0	0	0	0.098039	
0	0.098039	0	0	0	0	0	0	0	0	0	0	0	0	0	0	0	0	0	0.098039	
0	0.094118	0.0039216	0	0	0	0	0	0	0	0	0	0	0	0	0	0	0	0	0.098039	
0	0.054902	0.043137	0	0	0	0	0	0	0	0	0	0	0	0	0	0	0	0	0.098039	
0	0	0	0	0	0	0	0	0	0	0	0	0	0	0	0	0.047059	0.094118	0.094118	0.094118	
0	0	0.0039216	0	0	0	0	0	0.011765	0.094118	0.094118	0.094118	0.094118	0.094118	0.094118	0.094118	0.047059	0	0	0	
0	0	0.066667	0.094118	0.094118	0.094118	0.094118	0.094118	0.078431	0	0	0	0	0	0	0	0	0	0	0	
0	0	0	0	0	0	0	0	0	0	0	0	0	0	0	0	0	0	0	0	
0	0	0	0	0	0	0	0	0	0	0	0	0	0	0	0	0	0	0	0	

1
1
20		20
1
881	688
868	593
1060	773
1
882	701
68
886	745
885	742
884	731
881	718
879	702
876	684
875	667
872	649
870	633
868	615
868	605
868	596
868	594
869	593
875	593
882	594
892	594
905	594
920	594
937	594
955	594
977	594
994	594
1012	594
1028	594
1039	594
1046	594
1049	594
1052	593
1057	596
1057	602
1057	613
1060	626
1060	641
1060	655
1060	667
1060	679
1060	686
1060	694
1060	699
1060	700
1060	705
1058	708
1058	710
1058	715
1058	723
1058	729
1058	737
1058	744
1055	752
1055	754
1052	755
1044	755
1033	755
1022	758
1009	758
991	760
977	763
958	765
942	770
926	770
916	773
908	773
902	773
898	771
892	768
889	768
888	766



7
3
20	20
0	0	0	0	0	0	0	0.035294	0.14118	0.14118	0.14118	0.14118	0.14118	0.14118	0.14118	0.14118	0.14118	0.14118	0.15686	0	
0.16078	0.14118	0.14118	0.14118	0.14118	0.14118	0.14118	0.10196	0	0	0	0	0	0	0	0	0	0	0.1451	0	
0.1451	0	0	0	0	0	0	0	0	0	0	0	0	0	0	0	0	0	0.1098	0.035294	
0.1451	0	0	0	0	0	0	0	0	0	0	0	0	0	0	0	0	0	0.019608	0.12157	
0.1451	0	0	0	0	0	0	0	0	0	0	0	0	0	0	0	0	0	0	0.14118	
0.1451	0	0	0	0	0	0	0	0	0	0	0	0	0	0	0	0	0	0	0.1451	
0.1451	0	0	0	0	0	0	0	0	0	0	0	0	0	0	0	0	0	0	0.1451	
0.1451	0	0	0	0	0	0	0	0	0	0	0	0	0	0	0	0	0	0	0.1451	
0.1451	0	0	0	0	0	0	0	0	0	0	0	0	0	0	0	0	0	0	0.1451	
0.058824	0	0	0	0	0	0	0	0	0	0	0	0	0	0	0	0	0	0	0.1451	
0.12157	0.14118	0.14118	0.14118	0.14118	0.14118	0.14118	0.14118	0.14118	0.14118	0.14118	0.14118	0.14118	0.14118	0.14118	0.14118	0.14118	0.14118	0.14118	0.12157	
0	0	0	0	0	0	0	0	0	0	0	0	0	0	0	0	0	0	0	0	
0	0	0	0	0	0	0	0	0	0	0	0	0	0	0	0	0	0	0	0	
0	0	0	0	0	0	0	0	0	0	0	0	0	0	0	0	0	0	0	0	
0	0	0	0	0	0	0	0	0	0	0	0	0	0	0	0	0	0	0	0	
0	0	0	0	0	0	0	0	0	0	0	0	0	0	0	0	0	0	0	0	
0	0	0	0	0	0	0	0	0	0	0	0	0	0	0	0	0	0	0	0	
0	0	0	0	0	0	0	0	0	0	0	0	0	0	0	0	0	0	0	0	
0	0	0	0	0	0	0	0	0	0	0	0	0	0	0	0	0	0	0	0	
0	0	0	0	0	0	0	0	0	0	0	0	0	0	0	0	0	0	0	0	

1
1
20		20
1
189	673
189	608
319	685
1
191	679
163
189	668
189	667
189	664
189	662
189	661
189	659
189	659
189	657
189	653
189	650
189	647
189	643
189	640
189	637
189	634
189	633
189	632
189	631
189	629
189	628
189	626
189	625
189	623
189	622
189	620
189	618
189	617
189	615
189	614
192	613
198	613
205	613
211	613
217	613
223	613
230	613
236	613
241	611
244	611
247	610
250	610
251	610
253	610
254	610
257	610
260	610
263	610
265	610
266	610
270	610
273	610
276	610
278	610
281	610
282	610
284	610
285	610
287	610
288	610
290	610
291	610
293	610
296	610
299	608
300	608
301	608
302	608
303	608
305	608
306	608
309	608
312	608
314	609
314	613
314	616
314	619
314	620
314	621
315	623
316	624
316	625
316	628
316	630
316	631
317	634
317	638
317	640
317	642
317	644
317	645
317	646
317	647
317	649
317	650
317	652
317	655
317	658
317	659
319	661
319	663
319	664
319	667
319	669
319	670
319	672
319	672
319	674
319	675
319	677
317	678
316	678
313	678
307	678
303	678
300	678
295	678
291	678
286	678
283	678
280	678
277	678
274	678
271	678
267	678
266	678
264	678
263	678
261	678
260	678
257	678
255	678
252	678
249	678
248	678
246	678
243	678
240	677
237	677
234	678
230	678
226	678
221	678
217	678
215	678
214	678
212	678
211	677
209	677
208	677
206	678
205	678
202	678
200	678
199	678
197	678
196	678
194	678
193	678
191	679
190	678
190	676
190	675
191	673



7
3
20	20
0	0.070588	0.1098	0.1098	0.1098	0.1098	0.1098	0.1098	0.1098	0.1098	0.1098	0.1098	0.1098	0.1098	0.1098	0.1098	0.1098	0.1098	0.1098	0.12157	
0.12157	0.035294	0	0	0	0	0	0	0	0	0	0	0	0	0	0	0	0	0	0.1098	
0.1098	0	0	0	0	0	0	0	0	0	0	0	0	0	0	0	0	0	0	0.1098	
0.1098	0	0	0	0	0	0	0	0	0	0	0	0	0	0	0	0	0	0	0.1098	
0.1098	0	0	0	0	0	0	0	0	0	0	0	0	0	0	0	0	0	0	0.1098	
0.1098	0	0	0	0	0	0	0	0	0	0	0	0	0	0	0	0	0	0	0.1098	
0.1098	0	0	0	0	0	0	0	0	0	0	0	0	0	0	0	0	0	0	0.1098	
0.1098	0	0	0	0	0	0	0	0	0	0	0	0	0	0	0	0	0	0	0.1098	
0.086275	0.019608	0	0	0	0	0	0	0	0	0	0	0	0	0	0	0	0	0	0.1098	
0	0.1098	0	0	0	0	0	0	0	0	0	0	0	0	0	0	0	0	0	0.1098	
0	0.1098	0	0	0	0	0	0	0	0	0	0	0	0	0	0	0	0	0	0.1098	
0	0.1098	0	0	0	0	0	0	0	0	0	0	0	0	0	0	0	0	0	0.1098	
0	0.1098	0	0	0	0	0	0	0	0	0	0	0	0	0	0	0	0	0	0.1098	
0	0.1098	0	0	0	0	0	0	0	0	0	0	0	0	0	0	0	0	0.082353	0.023529	
0	0.1098	0	0	0	0	0	0	0	0	0	0	0	0	0	0	0	0	0.1098	0	
0	0.023529	0	0	0	0	0	0	0	0	0	0	0	0	0	0	0	0	0.1098	0	
0	0	0	0	0	0	0	0	0	0	0	0	0.082353	0.1098	0.1098	0.1098	0.1098	0.1098	0.070588	0	
0.023529	0.1098	0.1098	0.1098	0.1098	0.1098	0.1098	0.1098	0.1098	0.1098	0.1098	0.1098	0.023529	0	0	0	0	0	0	0	
0	0	0	0	0	0	0	0	0	0	0	0	0	0	0	0	0	0	0	0	
0	0	0	0	0	0	0	0	0	0	0	0	0	0	0	0	0	0	0	0	

1
1
20		20
1
165	513
156	383
328	539
1
160	532
81
165	517
165	512
165	502
165	493
165	483
163	472
162	460
160	449
159	437
157	427
156	419
156	412
156	408
156	406
156	402
156	400
156	397
156	396
156	394
156	393
157	392
162	390
169	387
177	387
187	386
198	384
211	384
227	384
244	384
262	384
280	384
295	384
310	384
320	384
325	383
327	383
328	387
328	396
328	408
325	423
324	437
324	452
324	464
324	473
324	483
324	490
324	494
323	499
322	500
322	501
321	504
321	506
321	508
321	511
321	513
321	514
321	516
320	517
319	518
319	519
319	520
319	522
319	523
319	525
316	527
310	527
302	529
290	530
277	532
261	534
244	539
230	539
214	539
200	539
188	539
178	539
169	539
164	539
162	537
161	537
160	536



7
3
20	20
0.058824	0.066667	0.10196	0.066667	0.066667	0.082353	0	0	0	0	0	0	0	0	0	0	0	0	0	0	
0.062745	0	0	0	0	0.062745	0	0	0	0	0	0	0	0	0	0	0	0	0	0	
0.062745	0	0	0	0	0.062745	0	0	0	0	0	0	0	0	0	0	0	0	0	0	
0.062745	0	0	0	0	0.062745	0	0	0	0	0	0	0	0	0	0	0	0	0	0	
0.062745	0	0	0	0	0.062745	0	0	0	0	0	0	0	0	0	0	0	0	0	0	
0.062745	0	0	0	0	0.062745	0	0	0	0	0	0	0	0	0	0	0	0	0	0	
0.062745	0	0	0	0	0.05098	0.0078431	0	0	0	0	0	0	0	0	0	0	0	0	0	
0.062745	0	0	0	0	0.019608	0.039216	0	0	0	0	0	0	0	0	0	0	0	0	0	
0.062745	0	0	0	0	0.015686	0.043137	0	0	0	0	0	0	0	0	0	0	0	0	0	
0.062745	0	0	0	0	0	0.062745	0	0	0	0	0	0	0	0	0	0	0	0	0	
0.062745	0	0	0	0	0	0.062745	0	0	0	0	0	0	0	0	0	0	0	0	0	
0.062745	0	0	0	0	0	0.062745	0	0	0	0	0	0	0	0	0	0	0	0	0	
0.062745	0	0	0	0	0	0.062745	0	0	0	0	0	0	0	0	0	0	0	0	0	
0.062745	0	0	0	0	0	0.062745	0	0	0	0	0	0	0	0	0	0	0	0	0	
0.062745	0	0	0	0	0	0.062745	0	0	0	0	0	0	0	0	0	0	0	0	0	
0.062745	0	0	0	0	0	0.043137	0.015686	0	0	0	0	0	0	0	0	0	0	0	0	
0.062745	0	0	0	0	0	0	0.062745	0	0	0	0	0	0	0	0	0	0	0	0	
0.062745	0	0	0	0	0	0	0.062745	0	0	0	0	0	0	0	0	0	0	0	0	
0.062745	0	0	0	0	0	0.047059	0.086275	0	0	0	0	0	0	0	0	0	0	0	0	
0.070588	0.066667	0.066667	0.066667	0.066667	0.066667	0.015686	0	0	0	0	0	0	0	0	0	0	0	0	0	

1
1
20		20
1
838	78
775	71
941	359
1
826	71
87
819	82
817	82
812	80
803	77
796	77
789	77
784	77
780	77
778	77
777	80
777	82
777	90
777	104
775	125
775	147
775	175
775	205
775	231
775	255
775	276
775	293
777	311
778	324
779	332
780	341
782	346
782	349
782	354
782	357
784	356
784	357
785	359
789	359
793	357
800	356
813	353
828	353
843	353
858	351
871	348
881	343
887	345
890	345
891	343
891	336
890	332
887	324
885	314
883	304
880	290
878	276
877	263
875	245
873	231
869	212
867	197
866	181
866	168
865	154
864	141
864	130
863	122
861	114
861	107
861	106
861	101
861	98
860	96
860	93
861	90
861	87
862	83
863	82
863	79
863	77
862	75
858	75
852	75
844	75
838	75
831	75
825	75
821	75
817	75
813	72
811	71
810	71



7
3
20	20
0	0	0	0	0	0.054902	0.066667	0.066667	0.066667	0.066667	0.066667	0.066667	0.066667	0.066667	0.066667	0.066667	0.066667	0.066667	0.066667	0.054902	
0.047059	0.066667	0.066667	0.066667	0.066667	0.011765	0	0	0	0	0	0	0	0	0	0	0	0	0	0.070588	
0.070588	0	0	0	0	0	0	0	0	0	0	0	0	0	0	0	0	0	0	0.070588	
0.070588	0	0	0	0	0	0	0	0	0	0	0	0	0	0	0	0	0	0	0.070588	
0.070588	0	0	0	0	0	0	0	0	0	0	0	0	0	0	0	0	0	0	0.070588	
0.070588	0	0	0	0	0	0	0	0	0	0	0	0	0	0	0	0	0	0.011765	0.054902	
0.027451	0.039216	0	0	0	0	0	0	0	0	0	0	0	0	0	0	0	0	0.066667	0	
0	0.070588	0	0	0	0	0	0	0	0	0	0	0	0	0	0	0	0	0.070588	0	
0	0.070588	0	0	0	0	0	0	0	0	0	0	0	0	0	0	0	0	0.070588	0	
0	0.015686	0	0	0	0	0	0	0	0	0	0	0	0	0	0	0	0	0.070588	0	
0	0	0	0	0	0	0	0	0	0	0	0	0	0	0	0	0	0	0.070588	0	
0.05098	0.066667	0.066667	0.066667	0.066667	0.066667	0.066667	0.066667	0.066667	0.066667	0.066667	0.066667	0.066667	0.066667	0.066667	0.066667	0.066667	0.066667	0.058824	0	
0	0	0	0	0	0	0	0	0	0	0	0	0	0	0	0	0	0	0	0	
0	0	0	0	0	0	0	0	0	0	0	0	0	0	0	0	0	0	0	0	
0	0	0	0	0	0	0	0	0	0	0	0	0	0	0	0	0	0	0	0	
0	0	0	0	0	0	0	0	0	0	0	0	0	0	0	0	0	0	0	0	
0	0	0	0	0	0	0	0	0	0	0	0	0	0	0	0	0	0	0	0	
0	0	0	0	0	0	0	0	0	0	0	0	0	0	0	0	0	0	0	0	
0	0	0	0	0	0	0	0	0	0	0	0	0	0	0	0	0	0	0	0	
0	0	0	0	0	0	0	0	0	0	0	0	0	0	0	0	0	0	0	0	

1
1
20		20
1
461	302
449	223
724	391
1
449	324
76
469	354
469	349
466	336
462	321
459	309
459	296
459	284
455	273
454	264
454	256
454	249
454	246
454	244
460	243
474	243
486	239
498	239
510	238
520	234
532	231
544	228
556	224
570	224
582	223
596	223
611	223
623	223
637	223
647	223
657	224
667	223
681	226
691	228
702	231
714	231
719	231
721	231
722	231
724	234
724	239
721	253
721	264
719	276
715	289
714	303
712	318
709	328
705	341
705	349
703	358
703	368
703	373
703	379
703	384
703	388
703	389
697	391
690	391
679	391
666	391
649	391
628	391
608	391
587	391
568	391
548	391
527	391
508	391
491	391
479	391
469	391
462	391
457	391
452	391
449	391
449	391



7
3
20	20
0.066667	0.035294	0.035294	0.035294	0.035294	0.035294	0.035294	0.035294	0.035294	0.015686	0	0	0	0	0	0	0	0	0.023529	0.023529	
0	0.043137	0	0	0	0	0	0	0	0.015686	0.035294	0.035294	0.035294	0.035294	0.035294	0.035294	0.035294	0.035294	0.011765	0.043137	
0	0.0039216	0.035294	0	0	0	0	0	0	0	0	0	0	0	0	0	0	0	0	0.043137	
0	0	0.019608	0.019608	0	0	0	0	0	0	0	0	0	0	0	0	0	0	0	0.043137	
0	0	0	0.054902	0.035294	0.035294	0.035294	0.035294	0.035294	0.035294	0.035294	0.035294	0.035294	0.035294	0.035294	0.035294	0.035294	0.035294	0.035294	0.05098	
0	0	0	0	0	0	0	0	0	0	0	0	0	0	0	0	0	0	0	0	
0	0	0	0	0	0	0	0	0	0	0	0	0	0	0	0	0	0	0	0	
0	0	0	0	0	0	0	0	0	0	0	0	0	0	0	0	0	0	0	0	
0	0	0	0	0	0	0	0	0	0	0	0	0	0	0	0	0	0	0	0	
0	0	0	0	0	0	0	0	0	0	0	0	0	0	0	0	0	0	0	0	
0	0	0	0	0	0	0	0	0	0	0	0	0	0	0	0	0	0	0	0	
0	0	0	0	0	0	0	0	0	0	0	0	0	0	0	0	0	0	0	0	
0	0	0	0	0	0	0	0	0	0	0	0	0	0	0	0	0	0	0	0	
0	0	0	0	0	0	0	0	0	0	0	0	0	0	0	0	0	0	0	0	
0	0	0	0	0	0	0	0	0	0	0	0	0	0	0	0	0	0	0	0	
0	0	0	0	0	0	0	0	0	0	0	0	0	0	0	0	0	0	0	0	
0	0	0	0	0	0	0	0	0	0	0	0	0	0	0	0	0	0	0	0	
0	0	0	0	0	0	0	0	0	0	0	0	0	0	0	0	0	0	0	0	
0	0	0	0	0	0	0	0	0	0	0	0	0	0	0	0	0	0	0	0	
0	0	0	0	0	0	0	0	0	0	0	0	0	0	0	0	0	0	0	0	

1
1
20		20
1
253	583
203	474
655	598
1
245	585
61
282	585
277	577
272	567
264	554
255	541
247	529
239	515
228	502
217	491
210	484
206	478
203	474
207	474
222	474
247	479
287	485
337	491
385	494
436	499
480	500
526	500
564	500
596	500
617	498
631	495
640	490
640	487
642	490
645	499
645	510
647	523
647	536
647	547
647	557
647	566
647	573
650	578
650	582
651	584
653	585
655	586
650	588
642	588
631	589
620	590
609	591
594	592
577	594
556	595
531	598
501	598
466	598
431	598
396	598
364	597
336	594
312	593
295	590
280	588
274	588
269	587



7
3
20	20
0	0	0	0	0	0	0	0	0	0	0.054902	0.14118	0	0	0	0	0	0	0	0	
0.082353	0	0	0	0	0	0	0	0	0.066667	0.047059	0.090196	0	0	0	0	0	0	0	0	
0.14902	0	0	0	0	0	0	0.019608	0.098039	0.039216	0	0.090196	0	0	0	0	0	0	0	0	
0.14902	0.05098	0	0	0	0.019608	0.098039	0.07451	0	0	0	0.090196	0	0	0	0	0	0	0	0	
0.090196	0.054902	0.098039	0.098039	0.098039	0.07451	0	0	0	0	0	0.090196	0	0	0	0	0	0	0	0	
0.090196	0	0	0	0	0	0	0	0	0	0	0.090196	0	0	0	0	0	0	0	0	
0.090196	0	0	0	0	0	0	0	0	0	0	0.090196	0	0	0	0	0	0	0	0	
0.090196	0	0	0	0	0	0	0	0	0	0	0.090196	0	0	0	0	0	0	0	0	
0.090196	0	0	0	0	0	0	0	0	0	0	0.090196	0	0	0	0	0	0	0	0	
0.090196	0	0	0	0	0	0	0	0	0	0	0.090196	0	0	0	0	0	0	0	0	
0.090196	0	0	0	0	0	0	0	0	0	0	0.090196	0	0	0	0	0	0	0	0	
0.090196	0	0	0	0	0	0	0	0	0	0.011765	0.078431	0	0	0	0	0	0	0	0	
0.090196	0	0	0	0	0	0	0	0	0	0.090196	0	0	0	0	0	0	0	0	0	
0.090196	0	0	0	0	0	0	0	0	0	0.090196	0	0	0	0	0	0	0	0	0	
0.090196	0	0	0	0	0	0	0	0	0	0.090196	0	0	0	0	0	0	0	0	0	
0.090196	0	0	0	0	0	0	0	0	0	0.090196	0	0	0	0	0	0	0	0	0	
0.090196	0	0	0	0	0	0	0	0	0.058824	0.10196	0	0	0	0	0	0	0	0	0	
0.090196	0	0	0	0	0	0	0	0.035294	0.062745	0	0	0	0	0	0	0	0	0	0	
0.10588	0.082353	0.082353	0.082353	0.082353	0.082353	0.082353	0.086275	0.086275	0	0	0	0	0	0	0	0	0	0	0	
0.066667	0.011765	0.011765	0.011765	0.011765	0.011765	0.011765	0.0078431	0	0	0	0	0	0	0	0	0	0	0	0	

1
1
20		20
1
437	427
434	317
569	513
1
441	423
81
435	513
435	506
435	492
435	476
435	460
434	438
434	417
434	392
434	370
434	350
434	336
434	329
434	325
434	329
435	338
438	345
441	350
445	352
450	358
459	358
468	358
479	356
490	356
500	352
510	347
521	342
531	336
538	331
542	325
545	322
545	322
547	322
548	322
550	324
553	322
556	320
558	318
560	317
560	329
559	345
558	361
557	375
556	388
555	401
553	415
553	426
550	438
549	452
547	461
547	467
547	472
548	474
548	477
546	481
543	483
541	485
537	485
533	486
530	492
526	495
524	497
523	501
521	502
519	502
516	504
514	506
511	506
508	506
505	506
498	506
491	506
483	506
475	506
468	506
461	506
454	506
448	506
444	506
443	506
441	506
440	506



7
3
20	20
0.054902	0.058824	0.058824	0.058824	0.058824	0.058824	0.058824	0.058824	0.058824	0.058824	0.058824	0.058824	0.058824	0.058824	0.058824	0.058824	0.058824	0.058824	0.098039	0	
0.062745	0	0	0	0	0	0	0	0	0	0	0	0	0	0	0	0	0	0.062745	0	
0.062745	0	0	0	0	0	0	0	0	0	0	0	0	0	0	0	0	0	0.039216	0.019608	
0.062745	0	0	0	0	0	0	0	0	0	0	0	0	0	0	0	0	0	0	0.062745	
0.035294	0.027451	0	0	0	0	0	0	0	0	0	0	0	0	0	0	0	0	0	0.062745	
0	0.027451	0	0	0	0	0	0	0	0	0	0	0	0	0	0	0	0	0	0.062745	
0	0.031373	0.058824	0.058824	0.058824	0.058824	0.058824	0.058824	0.058824	0.058824	0.058824	0.058824	0.058824	0.058824	0.058824	0.058824	0.058824	0.058824	0.058824	0.082353	
0	0	0	0	0	0	0	0	0	0	0	0	0	0	0	0	0	0	0	0	
0	0	0	0	0	0	0	0	0	0	0	0	0	0	0	0	0	0	0	0	
0	0	0	0	0	0	0	0	0	0	0	0	0	0	0	0	0	0	0	0	
0	0	0	0	0	0	0	0	0	0	0	0	0	0	0	0	0	0	0	0	
0	0	0	0	0	0	0	0	0	0	0	0	0	0	0	0	0	0	0	0	
0	0	0	0	0	0	0	0	0	0	0	0	0	0	0	0	0	0	0	0	
0	0	0	0	0	0	0	0	0	0	0	0	0	0	0	0	0	0	0	0	
0	0	0	0	0	0	0	0	0	0	0	0	0	0	0	0	0	0	0	0	
0	0	0	0	0	0	0	0	0	0	0	0	0	0	0	0	0	0	0	0	
0	0	0	0	0	0	0	0	0	0	0	0	0	0	0	0	0	0	0	0	
0	0	0	0	0	0	0	0	0	0	0	0	0	0	0	0	0	0	0	0	
0	0	0	0	0	0	0	0	0	0	0	0	0	0	0	0	0	0	0	0	
0	0	0	0	0	0	0	0	0	0	0	0	0	0	0	0	0	0	0	0	

1
1
20		20
1
744	515
732	417
1030	539
1
744	528
60
749	501
749	500
748	498
748	492
744	487
743	479
740	469
738	462
738	454
736	446
735	440
735	434
733	431
732	428
732	427
738	424
749	423
761	421
780	419
799	418
819	418
841	418
867	418
894	417
919	417
943	417
962	417
982	417
998	417
1009	417
1014	417
1012	418
1014	419
1014	421
1017	428
1017	437
1017	447
1019	458
1020	471
1020	484
1020	497
1020	506
1025	512
1027	516
1030	519
1027	520
1017	518
1003	516
985	516
962	513
936	513
909	513
878	513
848	513
819	513
796	513
777	513
762	513
756	511
751	511



7
3
20	20
0.12549	0.094118	0.094118	0.094118	0.094118	0.094118	0.094118	0.094118	0.094118	0.094118	0.094118	0.094118	0.094118	0.094118	0.094118	0.094118	0.10196	0	0	0	
0.098039	0	0	0	0	0	0	0	0	0	0	0	0	0	0	0	0.098039	0	0	0	
0.098039	0	0	0	0	0	0	0	0	0	0	0	0	0	0	0	0.098039	0	0	0	
0.098039	0	0	0	0	0	0	0	0	0	0	0	0	0	0	0	0.098039	0	0	0	
0.098039	0	0	0	0	0	0	0	0	0	0	0	0	0	0	0	0.098039	0	0	0	
0.098039	0	0	0	0	0	0	0	0	0	0	0	0	0	0	0	0.098039	0	0	0	
0.098039	0	0	0	0	0	0	0	0	0	0	0	0	0	0	0.039216	0.058824	0	0	0	
0.098039	0	0	0	0	0	0	0	0	0	0	0	0	0	0	0.094118	0.0039216	0	0	0	
0.043137	0.054902	0	0	0	0	0	0	0	0	0	0	0	0	0	0.098039	0	0	0	0	
0	0.098039	0	0	0	0	0	0	0	0	0	0	0	0	0	0.098039	0	0	0	0	
0	0.039216	0.07451	0.094118	0.094118	0.094118	0.066667	0	0	0	0	0	0	0	0	0.098039	0	0	0	0	
0	0.070588	0.015686	0	0	0	0.023529	0.094118	0.094118	0.094118	0.094118	0.094118	0.094118	0.094118	0.094118	0.12941	0	0	0	0	
0	0	0	0	0	0	0	0	0	0	0	0	0	0	0	0	0	0	0	0	
0	0	0	0	0	0	0	0	0	0	0	0	0	0	0	0	0	0	0	0	
0	0	0	0	0	0	0	0	0	0	0	0	0	0	0	0	0	0	0	0	
0	0	0	0	0	0	0	0	0	0	0	0	0	0	0	0	0	0	0	0	
0	0	0	0	0	0	0	0	0	0	0	0	0	0	0	0	0	0	0	0	
0	0	0	0	0	0	0	0	0	0	0	0	0	0	0	0	0	0	0	0	
0	0	0	0	0	0	0	0	0	0	0	0	0	0	0	0	0	0	0	0	
0	0	0	0	0	0	0	0	0	0	0	0	0	0	0	0	0	0	0	0	

1
1
20		20
1
493	657
486	567
676	687
1
499	669
63
494	673
493	670
493	663
493	654
491	641
490	626
488	610
486	594
486	584
486	575
486	570
486	567
488	568
491	570
495	570
500	570
508	570
518	570
532	570
546	570
563	570
579	570
596	570
613	570
627	570
637	570
644	570
646	570
647	570
648	572
646	577
646	585
644	597
644	608
642	622
640	639
639	652
639	663
637	673
637	681
637	684
637	685
637	687
635	687
629	687
624	687
616	687
607	687
598	687
588	685
581	684
570	682
561	681
551	681
541	678
530	677
521	677
513	677
508	677
503	681
499	682
496	684
497	685



7
3
20	20
0	0.011765	0.14118	0.090196	0.090196	0.090196	0.090196	0.090196	0.086275	0.047059	0	0	0	0	0	0	0	0	0	0.0039216	
0	0.015686	0.078431	0	0	0	0	0	0.0039216	0.043137	0.090196	0.090196	0.090196	0.090196	0.090196	0.090196	0.090196	0.090196	0.090196	0.1451	
0	0.0078431	0.086275	0	0	0	0	0	0	0	0	0	0	0	0	0	0	0	0	0.098039	
0	0	0.098039	0	0	0	0	0	0	0	0	0	0	0	0	0	0	0	0	0.098039	
0.07451	0.090196	0.1098	0.090196	0.090196	0.090196	0.078431	0.0078431	0	0	0	0	0	0	0	0	0	0	0	0.098039	
0	0	0	0	0	0	0.011765	0.082353	0.090196	0.090196	0.090196	0.090196	0.090196	0.090196	0.090196	0.090196	0.090196	0.090196	0.090196	0.011765	
0	0	0	0	0	0	0	0	0	0	0	0	0	0	0	0	0	0	0	0	
0	0	0	0	0	0	0	0	0	0	0	0	0	0	0	0	0	0	0	0	
0	0	0	0	0	0	0	0	0	0	0	0	0	0	0	0	0	0	0	0	
0	0	0	0	0	0	0	0	0	0	0	0	0	0	0	0	0	0	0	0	
0	0	0	0	0	0	0	0	0	0	0	0	0	0	0	0	0	0	0	0	
0	0	0	0	0	0	0	0	0	0	0	0	0	0	0	0	0	0	0	0	
0	0	0	0	0	0	0	0	0	0	0	0	0	0	0	0	0	0	0	0	
0	0	0	0	0	0	0	0	0	0	0	0	0	0	0	0	0	0	0	0	
0	0	0	0	0	0	0	0	0	0	0	0	0	0	0	0	0	0	0	0	
0	0	0	0	0	0	0	0	0	0	0	0	0	0	0	0	0	0	0	0	
0	0	0	0	0	0	0	0	0	0	0	0	0	0	0	0	0	0	0	0	
0	0	0	0	0	0	0	0	0	0	0	0	0	0	0	0	0	0	0	0	
0	0	0	0	0	0	0	0	0	0	0	0	0	0	0	0	0	0	0	0	
0	0	0	0	0	0	0	0	0	0	0	0	0	0	0	0	0	0	0	0	

1
1
20		20
1
728	246
711	183
906	262
1
711	253
68
732	224
732	223
732	220
732	217
732	212
728	207
728	202
728	197
728	193
728	189
728	187
728	184
728	183
729	183
736	183
745	184
758	186
773	188
787	189
806	191
826	192
845	192
862	192
878	192
891	192
898	192
903	192
905	190
906	191
906	194
905	198
903	202
902	207
902	212
902	215
902	218
902	221
902	223
902	226
902	228
900	230
900	232
900	233
900	234
899	234
895	234
885	234
875	234
859	234
843	234
826	234
809	234
794	234
780	234
765	232
753	231
744	230
737	229
731	228
725	227
722	227
719	227
718	227
715	227
713	227
712	227
712	228
711	228



7
3
20	20
0.12157	0.11373	0.11373	0.11373	0.11373	0.11373	0.11373	0.11373	0.11373	0.11373	0.11373	0.11373	0.11373	0.082353	0.082353	0.082353	0.082353	0.082353	0.066667	0	
0.11765	0	0	0	0	0	0	0	0	0	0	0	0	0.027451	0.027451	0.027451	0.027451	0.027451	0.082353	0.05098	
0.11765	0	0	0	0	0	0	0	0	0	0	0	0	0	0	0	0	0	0	0.11765	
0.11765	0	0	0	0	0	0	0	0	0	0	0	0	0	0	0	0	0	0	0.11765	
0.11765	0	0	0	0	0	0	0	0	0	0	0	0	0	0	0	0	0	0	0.11765	
0.11765	0	0	0	0	0	0	0	0	0	0	0	0	0	0	0	0	0	0	0.11765	
0.11765	0	0	0	0	0	0	0	0	0	0	0	0	0	0	0	0	0	0	0.11765	
0.11765	0	0	0	0	0	0	0	0	0	0	0	0	0	0	0	0	0	0	0.11765	
0.11765	0	0	0	0	0	0	0	0	0	0	0	0	0	0	0	0	0	0	0.11765	
0.11765	0	0	0	0	0	0	0	0	0	0	0	0	0	0	0	0	0	0	0.11765	
0.11765	0	0	0	0	0	0	0	0	0	0	0	0	0	0	0	0	0	0	0.11765	
0.11765	0	0	0	0	0	0	0	0	0	0	0	0	0	0	0	0	0	0	0.11765	
0.11765	0	0	0	0	0	0	0	0	0	0	0	0	0	0	0	0	0	0	0.11765	
0.070588	0.07451	0	0	0	0	0	0	0	0	0	0	0	0	0	0	0	0	0	0.11765	
0	0.027451	0	0	0	0.078431	0.11373	0.11373	0.11373	0.11373	0.11373	0.11373	0.11373	0.11373	0.11373	0.11373	0.11373	0.11373	0.11373	0.12157	
0	0	0	0	0	0	0	0	0	0	0	0	0	0	0	0	0	0	0	0	
0	0	0	0	0	0	0	0	0	0	0	0	0	0	0	0	0	0	0	0	
0	0	0	0	0	0	0	0	0	0	0	0	0	0	0	0	0	0	0	0	
0	0	0	0	0	0	0	0	0	0	0	0	0	0	0	0	0	0	0	0	
0	0	0	0	0	0	0	0	0	0	0	0	0	0	0	0	0	0	0	0	

1
1
20		20
1
540	182
533	115
696	239
1
564	185
64
542	232
541	234
539	234
538	228
537	220
537	209
537	197
537	185
537	174
537	164
537	155
537	146
535	139
534	136
534	134
534	129
533	122
533	118
533	116
534	115
541	115
552	116
567	118
583	118
604	118
623	118
641	120
658	120
670	120
678	120
685	120
687	120
689	120
691	122
691	123
692	129
692	134
692	143
692	150
692	160
692	169
692	179
692	188
692	197
692	206
692	216
695	221
695	227
695	232
696	234
696	237
695	239
685	239
671	239
656	239
640	239
625	239
610	239
596	239
588	239
581	239
578	237
577	237
575	237



7
3
20	20
0	0.15686	0.1098	0.1098	0.1098	0.1098	0.1098	0.1098	0.1098	0.1098	0.10588	0.062745	0	0	0	0	0	0	0	0	
0	0.11765	0	0	0	0	0	0	0	0	0	0.043137	0.1098	0.1098	0.1098	0.1098	0.1098	0.1098	0.14118	0	
0	0.11765	0	0	0	0	0	0	0	0	0	0	0	0	0	0	0	0	0.11765	0	
0	0.11765	0	0	0	0	0	0	0	0	0	0	0	0	0	0	0	0.031373	0.082353	0	
0	0.11765	0	0	0	0	0	0	0	0	0	0	0	0	0	0	0	0.11765	0	0	
0	0.11765	0	0	0	0	0	0	0	0	0	0	0	0	0	0	0	0.11765	0	0	
0	0.11765	0	0	0	0	0	0	0	0	0	0	0	0	0	0	0	0.11765	0	0	
0	0.070588	0	0	0	0	0	0	0	0	0	0	0	0	0	0	0	0.11765	0	0	
0.082353	0.1098	0.1098	0.1098	0.1098	0.1098	0.1098	0.1098	0.1098	0.1098	0.1098	0.1098	0.1098	0.1098	0.1098	0.039216	0	0.11765	0	0	
0	0	0	0	0	0	0	0	0	0	0	0	0	0	0	0.066667	0.1098	0.14902	0	0	
0	0	0	0	0	0	0	0	0	0	0	0	0	0	0	0	0	0.011765	0	0	
0	0	0	0	0	0	0	0	0	0	0	0	0	0	0	0	0	0	0	0	
0	0	0	0	0	0	0	0	0	0	0	0	0	0	0	0	0	0	0	0	
0	0	0	0	0	0	0	0	0	0	0	0	0	0	0	0	0	0	0	0	
0	0	0	0	0	0	0	0	0	0	0	0	0	0	0	0	0	0	0	0	
0	0	0	0	0	0	0	0	0	0	0	0	0	0	0	0	0	0	0	0	
0	0	0	0	0	0	0	0	0	0	0	0	0	0	0	0	0	0	0	0	
0	0	0	0	0	0	0	0	0	0	0	0	0	0	0	0	0	0	0	0	
0	0	0	0	0	0	0	0	0	0	0	0	0	0	0	0	0	0	0	0	
0	0	0	0	0	0	0	0	0	0	0	0	0	0	0	0	0	0	0	0	

1
1
20		20
1
346	189
338	121
501	212
1
338	198
62
345	185
345	182
345	175
345	169
345	162
345	155
345	148
345	141
345	135
345	131
345	126
345	123
345	122
345	121
350	121
358	121
369	121
384	124
400	125
417	125
434	127
452	127
468	127
479	127
487	127
490	127
491	131
490	136
488	142
488	150
485	159
484	165
482	174
482	182
481	188
481	193
481	197
481	200
481	202
481	202
481	204
482	205
482	207
482	206
482	205
480	202
475	200
469	199
461	197
450	196
438	196
425	196
411	196
398	196
384	196
372	196
362	196
353	196
348	196
342	196
339	196
338	194



7
3
20	20
0.14118	0.14118	0.14118	0.14118	0.14118	0.0078431	0	0	0	0	0	0	0	0	0	0	0	0	0	0	
0.13725	0.0039216	0	0	0	0.12941	0.14118	0.14118	0.14118	0.14118	0.14118	0.14118	0.14118	0.14118	0.14118	0.14118	0.14118	0.14118	0.14118	0.14118	
0.015686	0.12549	0	0	0	0	0	0	0	0	0	0	0	0	0	0	0	0	0	0.14118	
0	0.14118	0	0	0	0	0	0	0	0	0	0	0	0	0	0	0	0	0	0.14118	
0	0.14118	0	0	0	0	0	0	0	0	0	0	0	0	0	0	0	0	0	0.14118	
0	0.14118	0	0	0	0	0	0	0	0	0	0	0	0	0	0	0	0	0	0.14118	
0	0.14118	0	0	0	0	0	0	0	0	0	0	0	0	0	0	0	0	0	0.14118	
0	0.13333	0.0078431	0	0	0	0	0	0	0	0	0	0	0	0	0	0	0	0	0.14118	
0	0.11373	0.027451	0	0	0	0	0	0	0	0	0	0	0	0	0	0	0	0	0.14118	
0	0.11373	0.027451	0	0	0	0	0	0	0	0	0	0	0	0	0	0	0	0	0.14118	
0	0.015686	0.12549	0	0	0	0	0	0	0	0	0	0	0	0	0	0	0	0	0.14118	
0	0	0.23922	0.14118	0.14118	0.14118	0.14118	0.14118	0.14118	0.14118	0.14118	0.14118	0.14118	0.14118	0.14118	0.14118	0.14118	0.14118	0.14118	0.18431	
0	0	0	0	0	0	0	0	0	0	0	0	0	0	0	0	0	0	0	0	
0	0	0	0	0	0	0	0	0	0	0	0	0	0	0	0	0	0	0	0	
0	0	0	0	0	0	0	0	0	0	0	0	0	0	0	0	0	0	0	0	
0	0	0	0	0	0	0	0	0	0	0	0	0	0	0	0	0	0	0	0	
0	0	0	0	0	0	0	0	0	0	0	0	0	0	0	0	0	0	0	0	
0	0	0	0	0	0	0	0	0	0	0	0	0	0	0	0	0	0	0	0	
0	0	0	0	0	0	0	0	0	0	0	0	0	0	0	0	0	0	0	0	
0	0	0	0	0	0	0	0	0	0	0	0	0	0	0	0	0	0	0	0	

1
1
20		20
1
770	368
756	284
887	368
1
768	362
55
769	364
769	362
769	357
767	352
766	345
766	335
764	325
762	316
761	307
761	299
759	293
758	287
756	284
757	284
763	284
774	287
788	288
802	290
817	291
830	291
846	291
857	291
868	291
877	291
882	290
885	289
886	293
886	301
886	308
886	316
886	324
886	331
886	338
886	344
886	350
886	355
886	359
886	361
886	362
887	363
884	363
880	363
874	362
865	362
856	361
846	359
836	359
824	358
812	358
802	358
792	358
783	358
775	358
771	358
768	358



7
3
20	20
0.05098	0.14902	0.14902	0.14902	0.14902	0.14902	0.14902	0.14902	0.14902	0.14902	0.14902	0.14902	0.14902	0.14902	0.14902	0.086275	0	0	0	0	
0.1451	0	0	0	0	0	0	0	0	0	0	0	0	0	0.086275	0.058824	0	0	0	0	
0.1451	0	0	0	0	0	0	0	0	0	0	0	0	0	0.13725	0.0039216	0	0	0	0	
0.1451	0	0	0	0	0	0	0	0	0	0	0	0	0	0.1451	0	0	0	0	0	
0.1451	0	0	0	0	0	0	0	0	0	0	0	0	0	0.1451	0	0	0	0	0	
0.1451	0	0	0	0	0	0	0	0	0	0	0	0	0	0.1451	0	0	0	0	0	
0.1451	0	0	0	0	0	0	0	0	0	0	0	0	0	0.1451	0	0	0	0	0	
0.1451	0	0	0	0	0	0	0	0	0	0	0	0	0	0.1451	0	0	0	0	0	
0.1451	0	0	0	0	0	0	0	0	0	0	0	0	0	0.1451	0	0	0	0	0	
0.1451	0	0	0	0	0	0	0	0	0	0	0	0	0.090196	0.05098	0	0	0	0	0	
0.1451	0	0	0	0	0	0	0	0	0	0	0	0	0.1451	0	0	0	0	0	0	
0.1451	0	0	0	0	0	0	0	0	0	0	0	0	0.1451	0	0	0	0	0	0	
0.1451	0	0	0	0	0	0	0	0	0	0	0	0	0.1451	0	0	0	0	0	0	
0.13333	0.082353	0	0	0	0	0	0	0	0	0	0	0	0.1451	0	0	0	0	0	0	
0	0.066667	0.14902	0.14902	0.14902	0.14902	0.14902	0.14902	0.14902	0.14902	0.14902	0.14902	0.14902	0.21176	0	0	0	0	0	0	
0	0	0	0	0	0	0	0	0	0	0	0	0	0.1451	0	0	0	0	0	0	
0	0	0	0	0	0	0	0	0	0	0	0	0	0.14118	0	0	0	0	0	0	
0	0	0	0	0	0	0	0	0	0	0	0	0	0	0	0	0	0	0	0	
0	0	0	0	0	0	0	0	0	0	0	0	0	0	0	0	0	0	0	0	
0	0	0	0	0	0	0	0	0	0	0	0	0	0	0	0	0	0	0	0	

1
1
20		20
1
641	483
533	358
656	483
1
642	468
57
621	466
622	463
622	461
622	456
622	451
622	444
622	437
624	429
625	419
627	411
627	401
629	391
630	383
631	375
632	368
633	361
633	360
633	358
625	358
616	358
605	358
593	358
581	358
568	359
557	359
547	359
541	359
537	359
536	359
535	362
533	372
533	382
533	393
533	403
533	412
533	421
533	426
533	432
533	436
533	439
533	440
533	441
533	442
535	445
539	447
543	448
548	450
556	451
565	453
576	453
585	453
595	453
604	453
612	453
617	453
619	453
622	453



7
3
20	20
0	0.14902	0.1098	0.1098	0.1098	0.1098	0.1098	0.1098	0.1098	0.07451	0.07451	0.12941	0	0	0	0	0	0	0	0	
0	0.10588	0	0	0	0	0	0	0	0.035294	0.035294	0.031373	0.07451	0	0	0	0	0	0	0	
0	0.10588	0	0	0	0	0	0	0	0	0	0	0.10588	0	0	0	0	0	0	0	
0	0.10588	0	0	0	0	0	0	0	0	0	0	0.10588	0	0	0	0	0	0	0	
0	0.10588	0	0	0	0	0	0	0	0	0	0	0.10588	0	0	0	0	0	0	0	
0	0.10588	0	0	0	0	0	0	0	0	0	0	0.10588	0	0	0	0	0	0	0	
0	0.10588	0	0	0	0	0	0	0	0	0	0	0.10588	0	0	0	0	0	0	0	
0	0.10588	0	0	0	0	0	0	0	0	0	0	0.10588	0	0	0	0	0	0	0	
0	0.10588	0	0	0	0	0	0	0	0	0	0	0.10588	0	0	0	0	0	0	0	
0	0.10588	0	0	0	0	0	0	0	0	0	0	0.10588	0	0	0	0	0	0	0	
0	0.10588	0	0	0	0	0	0	0	0	0	0	0.10588	0	0	0	0	0	0	0	
0	0.10588	0	0	0	0	0	0	0	0	0	0	0.10588	0	0	0	0	0	0	0	
0	0.10588	0	0	0	0	0	0	0	0	0	0	0.10588	0	0	0	0	0	0	0	
0	0.10588	0	0	0	0	0	0	0	0	0	0	0.10588	0	0	0	0	0	0	0	
0	0.10588	0	0	0	0	0	0	0	0	0	0	0.10588	0	0	0	0	0	0	0	
0.07451	0.20392	0.0039216	0	0	0	0	0	0	0	0	0	0.10588	0	0	0	0	0	0	0	
0	0.10588	0.10196	0.1098	0.1098	0.047059	0	0	0	0	0	0	0.10588	0	0	0	0	0	0	0	
0	0	0	0	0	0.062745	0.1098	0.1098	0.027451	0	0	0.066667	0.039216	0	0	0	0	0	0	0	
0	0	0	0	0	0	0	0	0.078431	0.1098	0.047059	0.10588	0	0	0	0	0	0	0	0	
0	0	0	0	0	0	0	0	0	0	0.062745	0.15294	0	0	0	0	0	0	0	0	

1
1
20		20
1
327	518
307	418
484	591
1
307	510
65
319	567
319	566
317	555
317	542
317	528
317	510
317	492
317	474
317	458
317	443
317	431
315	422
315	418
315	419
316	419
320	419
325	422
332	422
341	422
350	422
360	422
370	422
381	422
389	422
395	425
402	423
407	420
410	420
410	420
412	420
413	422
414	425
414	426
415	429
416	432
417	435
418	440
419	447
419	461
419	476
419	495
419	515
419	533
416	551
416	564
413	576
413	582
413	587
412	590
412	591
412	590
409	587
403	587
397	585
387	581
378	576
366	573
356	569
345	564
335	563
325	560
317	555
310	555
308	555
307	555



7
3
20	20
0.13333	0.10588	0.10588	0.10196	0.023529	0	0	0	0	0	0	0	0	0	0	0	0	0	0	0	
0.1098	0	0	0.0039216	0.078431	0.10588	0.10588	0.10588	0.10588	0.10588	0.10588	0.10588	0.10588	0.19216	0	0	0	0	0	0	
0.1098	0	0	0	0	0	0	0	0	0	0	0	0	0.1098	0	0	0	0	0	0	
0.1098	0	0	0	0	0	0	0	0	0	0	0	0	0.1098	0	0	0	0	0	0	
0.1098	0	0	0	0	0	0	0	0	0	0	0	0	0.1098	0	0	0	0	0	0	
0.058824	0.05098	0	0	0	0	0	0	0	0	0	0	0	0.1098	0	0	0	0	0	0	
0	0.1098	0	0	0	0	0	0	0	0	0	0	0	0.1098	0	0	0	0	0	0	
0	0.1098	0	0	0	0	0	0	0	0	0	0	0	0.10588	0.0039216	0	0	0	0	0	
0	0.1098	0	0	0	0	0	0	0	0	0	0	0	0.10588	0.0039216	0	0	0	0	0	
0	0.1098	0	0	0	0	0	0	0	0	0	0	0	0.019608	0.090196	0	0	0	0	0	
0	0.062745	0	0	0	0	0	0	0	0	0	0	0	0	0.1098	0	0	0	0	0	
0	0	0.0078431	0.10588	0.10588	0.10588	0.05098	0.027451	0.027451	0.027451	0.027451	0.027451	0.027451	0.043137	0.12941	0	0	0	0	0	
0	0	0	0	0	0	0.05098	0.07451	0.07451	0.07451	0.07451	0.07451	0.07451	0.058824	0.015686	0	0	0	0	0	
0	0	0	0	0	0	0	0	0	0	0	0	0	0	0	0	0	0	0	0	
0	0	0	0	0	0	0	0	0	0	0	0	0	0	0	0	0	0	0	0	
0	0	0	0	0	0	0	0	0	0	0	0	0	0	0	0	0	0	0	0	
0	0	0	0	0	0	0	0	0	0	0	0	0	0	0	0	0	0	0	0	
0	0	0	0	0	0	0	0	0	0	0	0	0	0	0	0	0	0	0	0	
0	0	0	0	0	0	0	0	0	0	0	0	0	0	0	0	0	0	0	0	
0	0	0	0	0	0	0	0	0	0	0	0	0	0	0	0	0	0	0	0	

1
1
20		20
1
550	322
531	213
702	337
1
563	331
61
544	308
543	302
541	295
541	286
539	278
539	267
536	259
535	248
534	239
533	230
532	223
532	218
531	214
531	213
534	213
544	216
555	218
570	220
585	220
599	220
612	220
624	220
635	220
642	220
647	220
651	220
651	221
651	226
651	234
651	243
651	254
651	266
652	278
651	289
653	297
653	304
653	310
655	315
655	316
655	319
655	321
654	322
653	322
653	321
650	322
647	322
643	322
639	322
634	322
628	322
621	322
612	322
604	322
594	322
584	322
575	321
568	321
561	319
558	319
555	318
554	317



7
3
20	20
0.070588	0.066667	0.066667	0.031373	0	0	0	0	0	0	0	0	0	0	0	0	0	0	0	0	
0.066667	0	0	0.031373	0.066667	0.066667	0.066667	0.066667	0.066667	0.066667	0.066667	0.066667	0.066667	0.066667	0.066667	0.066667	0.066667	0.066667	0.066667	0.066667	
0.066667	0	0	0	0	0	0	0	0	0	0	0	0	0	0	0	0	0	0	0.066667	
0.066667	0	0	0	0	0	0	0	0	0	0	0	0	0	0	0	0	0	0	0.066667	
0.066667	0	0	0	0	0	0	0	0	0	0	0	0	0	0	0	0	0	0	0.066667	
0.066667	0	0	0	0	0	0	0	0	0	0	0	0	0	0	0	0	0	0	0.066667	
0.066667	0	0	0	0	0	0	0	0	0	0	0	0	0	0	0	0	0	0	0.066667	
0.066667	0	0	0	0	0	0	0	0	0	0	0	0	0	0	0	0	0	0	0.066667	
0.066667	0	0	0	0	0	0	0	0	0	0	0	0	0	0	0	0	0	0	0.066667	
0.066667	0	0	0	0	0	0	0	0	0	0	0	0	0	0	0	0	0	0	0.066667	
0.066667	0	0	0	0	0	0	0	0	0	0	0	0	0	0	0	0	0	0	0.066667	
0.062745	0.043137	0.066667	0.066667	0.066667	0	0	0	0	0	0	0	0	0	0	0	0	0	0	0.078431	
0	0	0	0	0	0.062745	0.066667	0.047059	0	0	0	0	0	0	0	0	0	0	0	0.066667	
0	0	0	0	0	0	0	0.015686	0.066667	0.066667	0.066667	0.066667	0.066667	0.066667	0.066667	0.066667	0.066667	0.066667	0.066667	0.082353	
0	0	0	0	0	0	0	0	0	0	0	0	0	0	0	0	0	0	0	0	
0	0	0	0	0	0	0	0	0	0	0	0	0	0	0	0	0	0	0	0	
0	0	0	0	0	0	0	0	0	0	0	0	0	0	0	0	0	0	0	0	
0	0	0	0	0	0	0	0	0	0	0	0	0	0	0	0	0	0	0	0	
0	0	0	0	0	0	0	0	0	0	0	0	0	0	0	0	0	0	0	0	
0	0	0	0	0	0	0	0	0	0	0	0	0	0	0	0	0	0	0	0	

1
1
20		20
1
273	640
273	522
552	725
1
288	637
77
274	697
274	695
274	688
274	677
273	664
273	650
274	634
276	619
277	604
280	586
280	569
280	554
280	544
280	533
280	527
280	523
280	522
287	523
297	527
312	532
328	536
353	539
381	544
409	544
438	544
468	544
494	544
515	544
533	544
545	544
551	544
552	545
551	557
551	569
551	583
551	598
551	613
550	626
548	643
546	656
546	667
546	677
546	686
546	692
548	692
548	695
549	697
549	700
549	706
549	713
549	719
549	724
546	725
541	725
531	725
519	725
501	725
485	725
467	725
448	725
429	725
412	722
393	718
378	713
367	709
355	706
346	701
335	695
326	692
320	692
310	692
305	692
299	692
295	692
294	692
291	692
291	694



7
3
20	20
0.10588	0.07451	0.07451	0.07451	0.07451	0.07451	0.07451	0.07451	0.07451	0.07451	0.07451	0.07451	0.07451	0.07451	0.07451	0.07451	0.07451	0.07451	0.07451	0.054902	
0.078431	0	0	0	0	0	0	0	0	0	0	0	0	0	0	0	0	0	0	0.078431	
0.078431	0	0	0	0	0	0	0	0	0	0	0	0	0	0	0	0	0	0	0.078431	
0.078431	0	0	0	0	0	0	0	0	0	0	0	0	0	0	0	0	0	0	0.078431	
0.078431	0	0	0	0	0	0	0	0	0	0	0	0	0	0	0	0	0	0	0.078431	
0.078431	0	0	0	0	0	0	0	0	0	0	0	0	0	0	0	0	0	0	0.078431	
0.078431	0	0	0	0	0	0	0	0	0	0	0	0	0	0	0	0	0	0	0.078431	
0.031373	0.047059	0	0	0	0	0	0	0	0	0	0	0	0	0	0	0	0	0	0.078431	
0	0.078431	0	0	0	0	0	0	0	0	0	0	0	0	0	0	0	0	0	0.078431	
0	0.078431	0	0	0	0	0	0	0	0	0	0	0	0	0	0	0	0	0	0.078431	
0	0.043137	0	0	0	0	0	0	0	0	0	0	0	0	0	0	0	0	0	0.078431	
0	0	0	0	0	0	0	0	0	0	0	0	0	0	0	0	0	0	0	0.090196	
0	0	0	0	0.031373	0.07451	0.07451	0.07451	0.07451	0.07451	0.07451	0.07451	0.07451	0.07451	0.07451	0.07451	0.07451	0.07451	0.07451	0.031373	
0	0	0	0	0	0	0	0	0	0	0	0	0	0	0	0	0	0	0	0	
0	0	0	0	0	0	0	0	0	0	0	0	0	0	0	0	0	0	0	0	
0	0	0	0	0	0	0	0	0	0	0	0	0	0	0	0	0	0	0	0	
0	0	0	0	0	0	0	0	0	0	0	0	0	0	0	0	0	0	0	0	
0	0	0	0	0	0	0	0	0	0	0	0	0	0	0	0	0	0	0	0	
0	0	0	0	0	0	0	0	0	0	0	0	0	0	0	0	0	0	0	0	
0	0	0	0	0	0	0	0	0	0	0	0	0	0	0	0	0	0	0	0	

1
1
20		20
1
352	815
342	740
585	900
1
373	828
61
359	872
357	870
357	863
356	854
352	847
352	835
350	822
350	810
347	796
345	784
345	773
345	764
345	757
342	748
342	743
342	741
345	740
361	743
378	747
403	747
429	747
457	747
483	747
510	747
538	747
560	747
576	747
583	747
583	752
583	764
583	778
581	792
581	808
581	821
581	831
581	842
583	851
583	858
585	863
585	866
585	868
585	872
585	877
585	882
585	884
585	888
585	889
578	893
567	895
557	896
541	900
525	900
504	900
482	900
459	900
438	900
422	900
412	900
403	898
398	895
396	895



7
3
20	20
0.094118	0.058824	0.058824	0.058824	0.058824	0.058824	0.047059	0	0	0	0	0	0	0	0	0	0	0	0	0	
0.062745	0	0	0	0	0	0.0078431	0.058824	0.058824	0.058824	0.058824	0.058824	0.058824	0.058824	0.058824	0.058824	0.058824	0.058824	0.058824	0.070588	
0.062745	0	0	0	0	0	0	0	0	0	0	0	0	0	0	0	0	0	0	0.062745	
0.062745	0	0	0	0	0	0	0	0	0	0	0	0	0	0	0	0	0	0	0.062745	
0.062745	0	0	0	0	0	0	0	0	0	0	0	0	0	0	0	0	0	0	0.062745	
0.062745	0	0	0	0	0	0	0	0	0	0	0	0	0	0	0	0	0	0	0.062745	
0.062745	0	0	0	0	0	0	0	0	0	0	0	0	0	0	0	0	0	0	0.062745	
0.062745	0	0	0	0	0	0	0	0	0	0	0	0	0	0	0	0	0	0	0.062745	
0.086275	0.058824	0.058824	0.058824	0.027451	0	0	0	0	0	0	0	0	0	0	0	0	0	0	0.062745	
0.011765	0	0	0	0.027451	0.058824	0.058824	0.058824	0.05098	0	0	0	0	0	0	0	0	0	0	0.062745	
0	0	0	0	0	0	0	0	0.0039216	0.054902	0.058824	0.058824	0.058824	0.058824	0.058824	0.043137	0	0	0	0.062745	
0	0	0	0	0	0	0	0	0	0	0	0	0	0	0	0.015686	0.058824	0.058824	0.058824	0.094118	
0	0	0	0	0	0	0	0	0	0	0	0	0	0	0	0	0	0	0	0	
0	0	0	0	0	0	0	0	0	0	0	0	0	0	0	0	0	0	0	0	
0	0	0	0	0	0	0	0	0	0	0	0	0	0	0	0	0	0	0	0	
0	0	0	0	0	0	0	0	0	0	0	0	0	0	0	0	0	0	0	0	
0	0	0	0	0	0	0	0	0	0	0	0	0	0	0	0	0	0	0	0	
0	0	0	0	0	0	0	0	0	0	0	0	0	0	0	0	0	0	0	0	
0	0	0	0	0	0	0	0	0	0	0	0	0	0	0	0	0	0	0	0	
0	0	0	0	0	0	0	0	0	0	0	0	0	0	0	0	0	0	0	0	

1
1
20		20
1
443	365
438	270
742	463
1
441	359
54
446	420
446	418
443	409
441	395
438	377
438	360
438	341
438	322
438	304
438	290
438	279
438	271
438	270
455	271
480	276
508	279
544	284
579	284
616	284
650	284
683	284
708	284
726	284
729	284
733	284
734	292
734	304
734	322
734	341
734	363
734	384
734	406
731	420
734	434
736	445
740	455
740	458
742	463
738	463
733	460
726	458
713	453
704	455
678	450
650	449
618	444
588	436
559	431
531	425
505	417
480	415
464	412
450	411
443	411



7
3
20	20
0.0078431	0.22745	0.1451	0.1451	0.1451	0.1451	0.12549	0.11373	0.11373	0.11373	0.11373	0.1098	0	0	0	0	0	0	0	0	
0	0.15686	0	0	0	0	0.015686	0.027451	0.027451	0.027451	0.027451	0.086275	0.090196	0	0	0	0	0	0	0	
0	0.094118	0.058824	0	0	0	0	0	0	0	0	0.12157	0.031373	0	0	0	0	0	0	0	
0	0	0.15294	0	0	0	0	0	0	0	0	0.1098	0.043137	0	0	0	0	0	0	0	
0	0	0.13725	0.011765	0	0	0	0	0	0	0	0.058824	0.090196	0	0	0	0	0	0	0	
0	0	0.015686	0.13725	0	0	0	0	0	0	0	0.058824	0.090196	0	0	0	0	0	0	0	
0	0	0	0.15294	0	0	0	0	0	0	0	0.058824	0.090196	0	0	0	0	0	0	0	
0	0	0	0.11765	0.047059	0	0	0	0	0	0	0.14902	0.0039216	0	0	0	0	0	0	0	
0.078431	0.1451	0.1451	0.1451	0.1451	0.1451	0.1451	0.1451	0.1451	0.1451	0.1451	0.12549	0	0	0	0	0	0	0	0	
0	0	0	0	0	0	0	0	0	0	0	0	0	0	0	0	0	0	0	0	
0	0	0	0	0	0	0	0	0	0	0	0	0	0	0	0	0	0	0	0	
0	0	0	0	0	0	0	0	0	0	0	0	0	0	0	0	0	0	0	0	
0	0	0	0	0	0	0	0	0	0	0	0	0	0	0	0	0	0	0	0	
0	0	0	0	0	0	0	0	0	0	0	0	0	0	0	0	0	0	0	0	
0	0	0	0	0	0	0	0	0	0	0	0	0	0	0	0	0	0	0	0	
0	0	0	0	0	0	0	0	0	0	0	0	0	0	0	0	0	0	0	0	
0	0	0	0	0	0	0	0	0	0	0	0	0	0	0	0	0	0	0	0	
0	0	0	0	0	0	0	0	0	0	0	0	0	0	0	0	0	0	0	0	
0	0	0	0	0	0	0	0	0	0	0	0	0	0	0	0	0	0	0	0	
0	0	0	0	0	0	0	0	0	0	0	0	0	0	0	0	0	0	0	0	

1
1
20		20
1
142	531
103	448
225	543
1
103	535
61
127	498
126	498
124	496
124	492
122	489
121	483
119	478
118	474
115	469
114	464
112	461
111	457
109	455
109	452
107	451
107	449
106	448
106	448
109	448
115	448
122	449
131	450
141	451
149	451
157	451
166	451
171	451
174	451
176	451
177	452
177	455
177	460
176	464
177	469
177	475
177	480
177	485
177	489
177	492
175	495
175	497
173	499
174	500
174	501
172	503
171	503
170	504
167	505
166	505
164	505
162	505
158	505
154	505
149	505
141	505
132	504
124	503
116	502
110	501
106	500
103	500



7
3
20	20
0	0.14902	0.086275	0	0	0	0	0	0	0	0	0	0	0	0	0	0	0	0	0	
0.090196	0.011765	0.019608	0.10588	0.10196	0	0	0	0	0	0	0	0	0	0	0	0	0	0	0	
0.10196	0	0	0	0.0039216	0.10588	0.031373	0	0	0	0	0	0	0	0	0	0	0	0	0	
0.10196	0	0	0	0	0	0.07451	0.10588	0.019608	0	0	0	0	0	0	0	0	0	0	0	
0.10196	0	0	0	0	0	0	0	0.10196	0	0	0	0	0	0	0	0	0	0	0	
0.10196	0	0	0	0	0	0	0	0.10196	0	0	0	0	0	0	0	0	0	0	0	
0.10196	0	0	0	0	0	0	0	0.10196	0	0	0	0	0	0	0	0	0	0	0	
0.10196	0	0	0	0	0	0	0	0.10196	0	0	0	0	0	0	0	0	0	0	0	
0.10196	0	0	0	0	0	0	0	0.10196	0	0	0	0	0	0	0	0	0	0	0	
0.10196	0	0	0	0	0	0	0	0.10196	0	0	0	0	0	0	0	0	0	0	0	
0.10196	0	0	0	0	0	0	0	0.10196	0	0	0	0	0	0	0	0	0	0	0	
0.10196	0	0	0	0	0	0	0	0.10196	0	0	0	0	0	0	0	0	0	0	0	
0.10196	0	0	0	0	0	0	0	0.10196	0	0	0	0	0	0	0	0	0	0	0	
0.10196	0	0	0	0	0	0	0	0.10196	0	0	0	0	0	0	0	0	0	0	0	
0.10196	0	0	0	0	0	0	0	0.10196	0	0	0	0	0	0	0	0	0	0	0	
0.10196	0	0	0	0	0	0	0	0.10196	0	0	0	0	0	0	0	0	0	0	0	
0.10196	0	0	0	0	0	0	0	0.10196	0	0	0	0	0	0	0	0	0	0	0	
0.10196	0	0	0	0	0	0	0	0.10196	0	0	0	0	0	0	0	0	0	0	0	
0.10196	0	0	0	0	0	0	0	0.058824	0	0	0	0	0	0	0	0	0	0	0	
0.07451	0.10588	0.10588	0.10588	0.10588	0.10588	0.082353	0	0	0	0	0	0	0	0	0	0	0	0	0	

1
1
20		20
1
712	169
614	56
714	232
1
689	176
62
696	222
696	220
696	214
696	204
696	194
696	184
697	169
697	157
697	144
697	132
697	122
697	110
697	104
695	98
695	97
694	95
692	92
687	86
680	83
673	81
665	75
657	70
650	67
641	63
635	61
630	58
626	57
624	56
624	56
622	56
622	58
621	61
619	69
619	76
618	85
617	97
614	108
614	117
614	129
614	142
614	156
614	169
614	182
614	192
614	204
615	214
615	222
618	228
618	231
619	232
621	232
624	232
629	232
636	232
644	232
652	232
659	232
665	232
670	232
674	232
675	232
676	232



7
3
20	20
0	0.031373	0.20784	0.20784	0.20784	0.16471	0.16471	0.16471	0.16471	0.16471	0.16471	0.16471	0.16471	0.16471	0.12941	0	0	0	0	0	
0	0.2	0	0	0	0.039216	0.039216	0.039216	0.039216	0.039216	0.039216	0.039216	0.039216	0.039216	0.22353	0	0	0	0	0	
0	0.2	0	0	0	0	0	0	0	0	0	0	0	0	0.19608	0	0	0	0	0	
0.047059	0.14902	0	0	0	0	0	0	0	0	0	0	0	0	0.19608	0	0	0	0	0	
0.19608	0	0	0	0	0	0	0	0	0	0	0	0	0	0.15686	0.039216	0	0	0	0	
0.2	0	0	0	0	0	0	0	0	0	0	0	0	0	0	0.2	0	0	0	0	
0.2	0	0	0	0	0	0	0	0	0	0	0	0	0	0	0.2	0	0	0	0	
0.2	0	0	0	0	0	0	0	0	0	0	0	0	0	0	0.2	0	0	0	0	
0.2	0	0	0	0	0	0	0	0	0	0	0	0	0	0	0.2	0	0	0	0	
0.2	0	0	0	0	0	0	0	0	0	0	0	0	0	0	0.19608	0	0	0	0	
0.2	0	0	0	0	0	0	0	0	0	0	0	0	0	0	0.19608	0	0	0	0	
0.19608	0	0	0	0	0	0	0	0	0	0	0	0	0	0	0.047059	0.14902	0	0	0	
0.18039	0.015686	0	0	0	0	0	0	0	0	0	0	0	0	0	0	0.2	0	0	0	
0	0.2	0	0	0	0	0	0	0	0	0	0	0	0	0	0	0.2	0	0	0	
0	0.2	0	0	0	0	0	0	0	0	0	0	0	0	0	0	0.2	0	0	0	
0	0.2	0	0	0	0	0	0	0	0	0	0	0	0	0	0	0.2	0	0	0	
0	0.047059	0.20784	0.15686	0	0	0	0	0	0	0	0	0	0	0	0	0.2	0	0	0	
0	0	0	0.047059	0.20784	0.20784	0.20784	0.20784	0.10588	0	0	0	0	0	0	0	0.2	0	0	0	
0	0	0	0	0	0	0	0	0.098039	0.20784	0.20784	0.20784	0.20784	0.17255	0.0078431	0	0.2	0	0	0	
0	0	0	0	0	0	0	0	0	0	0	0	0	0.031373	0.2	0.082353	0.07451	0	0	0	

1
1
20		20
1
420	170
346	103
424	192
1
416	170
44
423	192
424	189
424	185
424	180
424	173
424	165
423	154
422	145
420	136
419	128
417	118
417	113
417	108
417	105
416	104
412	104
404	104
395	104
385	104
376	104
368	104
360	103
356	103
353	103
350	108
348	117
346	126
346	137
346	145
347	154
348	162
349	166
349	170
349	173
349	174
352	177
360	181
370	184
381	185
391	188
400	189
407	189
414	192
419	192



7
3
20	20
0	0	0	0	0	0.015686	0.10196	0.10196	0.10196	0.10196	0.10196	0.10196	0.10196	0.10196	0.10196	0.15294	0.13725	0	0	0	
0	0	0	0	0	0.11373	0.22745	0.11765	0.11765	0.11765	0.11765	0.11765	0.11765	0.11765	0.11765	0.066667	0.23137	0	0	0	
0	0	0	0	0	0	0.23137	0	0	0	0	0	0	0	0	0	0.21176	0.015686	0	0	
0	0	0	0	0	0	0.23137	0	0	0	0	0	0	0	0	0	0.019608	0.20784	0	0	
0	0	0	0	0	0	0.23137	0	0	0	0	0	0	0	0	0	0.019608	0.20784	0	0	
0	0	0	0	0	0	0.23137	0	0	0	0	0	0	0	0	0	0.019608	0.20784	0	0	
0	0	0	0	0	0	0.23137	0	0	0	0	0	0	0	0	0	0.019608	0.20784	0	0	
0	0	0	0	0	0	0.23137	0	0	0	0	0	0	0	0	0	0.019608	0.20784	0	0	
0	0	0	0	0	0	0.23137	0	0	0	0	0	0	0	0	0	0.019608	0.20784	0	0	
0	0	0	0	0	0	0.23137	0	0	0	0	0	0	0	0	0	0.019608	0.20784	0	0	
0.066667	0.22353	0.22353	0.22353	0.22353	0.22353	0.39216	0.23137	0.22353	0.22353	0.22353	0.19608	0.039216	0.027451	0.039216	0.0039216	0.07451	0.15294	0	0	
0	0	0	0	0	0	0.0039216	0.035294	0	0	0	0.023529	0.18039	0.19216	0.18039	0.21569	0.3098	0	0	0	
0	0	0	0	0	0	0	0	0	0	0	0	0	0	0	0	0	0	0	0	
0	0	0	0	0	0	0	0	0	0	0	0	0	0	0	0	0	0	0	0	
0	0	0	0	0	0	0	0	0	0	0	0	0	0	0	0	0	0	0	0	
0	0	0	0	0	0	0	0	0	0	0	0	0	0	0	0	0	0	0	0	
0	0	0	0	0	0	0	0	0	0	0	0	0	0	0	0	0	0	0	0	
0	0	0	0	0	0	0	0	0	0	0	0	0	0	0	0	0	0	0	0	
0	0	0	0	0	0	0	0	0	0	0	0	0	0	0	0	0	0	0	0	
0	0	0	0	0	0	0	0	0	0	0	0	0	0	0	0	0	0	0	0	

1
1
20		20
1
895	472
864	407
943	476
1
864	466
61
891	453
891	453
890	450
889	446
888	442
887	438
887	432
887	427
887	422
887	418
887	414
887	411
885	409
885	409
886	408
887	408
890	408
893	408
897	408
901	408
906	408
910	408
916	408
920	408
925	408
927	408
930	407
931	407
933	409
933	412
933	414
934	417
934	419
934	424
934	428
934	432
934	436
934	439
934	443
934	447
934	449
934	451
933	454
933	455
932	455
931	455
929	455
928	455
926	454
924	453
919	454
912	453
906	452
899	451
891	450
883	450
877	449
871	449
866	449
864	449
864	449



7
3
20	20
0	0.039216	0.23529	0.22745	0.22745	0.22745	0.22745	0.22745	0.22745	0.22745	0.22745	0.17255	0.0039216	0	0	0	0	0	0	0	
0	0.19608	0.035294	0	0	0	0	0	0	0	0	0.054902	0.20784	0	0	0	0	0	0	0	
0	0.23137	0	0	0	0	0	0	0	0	0	0	0.23137	0	0	0	0	0	0	0	
0	0.23137	0	0	0	0	0	0	0	0	0	0	0.23137	0	0	0	0	0	0	0	
0	0.23137	0	0	0	0	0	0	0	0	0	0	0.23137	0	0	0	0	0	0	0	
0.062745	0.16471	0	0	0	0	0	0	0	0	0	0	0.23137	0	0	0	0	0	0	0	
0.066667	0.16078	0	0	0	0	0	0	0	0	0	0	0.23137	0	0	0	0	0	0	0	
0.066667	0.16078	0	0	0	0	0	0	0	0	0	0	0.23137	0	0	0	0	0	0	0	
0.066667	0.16078	0	0	0	0	0	0	0	0	0	0	0.23137	0	0	0	0	0	0	0	
0.078431	0.14902	0	0	0	0	0	0	0	0	0	0	0.23137	0	0	0	0	0	0	0	
0.23137	0	0	0	0	0	0	0	0	0	0	0	0.23137	0	0	0	0	0	0	0	
0.23137	0	0	0	0	0	0	0	0	0	0	0	0.23137	0	0	0	0	0	0	0	
0.23137	0	0	0	0	0	0	0	0	0	0	0	0.23137	0	0	0	0	0	0	0	
0.23137	0	0	0	0	0	0	0	0	0	0	0	0.19608	0	0	0	0	0	0	0	
0.24706	0.090196	0	0	0	0	0	0.12549	0.26667	0.24314	0.10588	0	0	0	0	0	0	0	0	0	
0	0.13725	0.22745	0.22745	0.22745	0.22745	0.22745	0.10196	0	0	0	0	0	0	0	0	0	0	0	0	
0	0	0	0	0	0	0	0	0	0	0	0	0	0	0	0	0	0	0	0	
0	0	0	0	0	0	0	0	0	0	0	0	0	0	0	0	0	0	0	0	
0	0	0	0	0	0	0	0	0	0	0	0	0	0	0	0	0	0	0	0	
0	0	0	0	0	0	0	0	0	0	0	0	0	0	0	0	0	0	0	0	

1
1
20		20
1
657	524
579	460
658	531
1
645	529
49
628	516
628	511
628	508
628	505
628	500
628	495
628	489
628	482
628	476
628	471
628	466
628	464
628	463
628	462
624	460
619	460
614	460
608	460
602	460
597	460
592	460
589	460
586	460
584	460
584	462
582	468
582	474
580	482
580	489
580	499
579	505
579	511
579	516
579	520
579	521
582	522
585	522
590	522
597	522
602	522
607	522
611	521
614	520
614	519
616	519
618	519
618	519
619	519
620	520



7
3
20	20
0	0	0	0	0	0	0	0	0	0.12157	0.16471	0.16471	0.16471	0.16471	0.16471	0.16471	0.16471	0.16471	0.1098	0	
0	0	0	0	0.0078431	0.16471	0.16471	0.16471	0.16471	0.043137	0	0	0	0	0	0	0	0	0.15686	0	
0.13725	0.16471	0.16471	0.16471	0.15686	0	0	0	0	0	0	0	0	0	0	0	0	0	0.15686	0	
0.15686	0	0	0	0	0	0	0	0	0	0	0	0	0	0	0	0	0	0.15686	0	
0.15686	0	0	0	0	0	0	0	0	0	0	0	0	0	0	0	0	0	0.15686	0	
0.15686	0	0	0	0	0	0	0	0	0	0	0	0	0	0	0	0	0	0.15686	0	
0.15686	0	0	0	0	0	0	0	0	0	0	0	0	0	0	0	0	0	0.15686	0	
0.15686	0	0	0	0	0	0	0	0	0	0	0	0	0	0	0	0	0	0.15686	0	
0.098039	0.054902	0	0	0	0	0	0	0	0	0	0	0	0	0	0	0	0	0.15686	0	
0.039216	0.11373	0	0	0	0	0	0	0	0	0	0	0	0	0	0	0	0	0.15686	0	
0.039216	0.11373	0	0	0	0	0	0	0	0	0	0	0	0	0	0	0	0	0.15686	0	
0.039216	0.11373	0	0	0	0	0	0	0	0	0	0	0	0	0	0	0	0	0.15686	0	
0.039216	0.11373	0	0	0	0	0	0	0	0	0	0	0	0	0	0	0	0	0.15686	0	
0.039216	0.11373	0	0	0	0	0	0	0	0	0	0	0	0	0	0	0	0	0.15686	0	
0.039216	0.11373	0	0	0	0	0	0	0	0	0	0	0	0	0	0	0	0	0.15686	0	
0.039216	0.11373	0	0	0	0	0	0	0	0	0	0	0	0	0	0	0	0	0.15686	0	
0.039216	0.11373	0	0	0	0	0	0	0	0	0	0	0	0	0	0	0	0	0.15686	0	
0.039216	0.11373	0	0	0	0	0	0	0	0	0	0	0	0	0	0	0	0	0.15686	0	
0.039216	0.11373	0	0	0	0	0	0	0	0	0	0	0	0	0	0	0	0	0.15686	0	
0.0039216	0.058824	0.16471	0.16471	0.16471	0.16471	0.16471	0.16471	0.16471	0.16471	0.16471	0.16471	0.16471	0.16471	0.16471	0.16471	0.16471	0.16471	0.086275	0	

1
1
20		20
1
642	664
639	592
751	705
1
646	665
51
642	703
642	700
642	694
642	688
642	681
642	669
642	661
642	650
642	640
641	630
641	621
640	615
640	609
640	607
640	604
641	602
647	602
657	602
666	601
679	598
689	596
703	593
717	592
729	592
740	592
746	592
750	592
751	593
751	601
751	607
751	619
751	632
751	647
751	660
751	672
751	681
751	691
751	695
751	700
751	703
748	705
740	705
729	705
714	703
700	703
685	703
672	703
662	703
652	703
649	705
647	705



7
3
20	20
0	0	0.098039	0.16078	0.066667	0	0	0	0	0	0	0	0	0	0	0	0	0	0	0	
0	0	0.16078	0	0.090196	0.16078	0.16078	0.16078	0.16078	0.16078	0.16078	0.16078	0.16078	0.16078	0.16078	0.16078	0.16078	0.16078	0.14902	0	
0	0	0.16078	0	0	0	0	0	0	0	0	0	0	0	0	0	0	0	0.16078	0	
0	0	0.16078	0	0	0	0	0	0	0	0	0	0	0	0	0	0	0	0.16078	0	
0	0	0.16078	0	0	0	0	0	0	0	0	0	0	0	0	0	0	0	0.16078	0	
0	0	0.16078	0	0	0	0	0	0	0	0	0	0	0	0	0	0	0	0.16078	0	
0	0	0.16078	0	0	0	0	0	0	0	0	0	0	0	0	0	0	0	0.16078	0	
0	0	0.16078	0	0	0	0	0	0	0	0	0	0	0	0	0	0	0	0.16078	0	
0	0	0.16078	0	0	0	0	0	0	0	0	0	0	0	0	0	0	0	0.16078	0	
0	0	0.16078	0	0	0	0	0	0	0	0	0	0	0	0	0	0	0	0.16078	0	
0	0	0.16078	0	0	0	0	0	0	0	0	0	0	0	0	0	0	0	0.16078	0	
0	0	0.16078	0	0	0	0	0	0	0	0	0	0	0	0	0	0	0	0.16078	0	
0	0	0.16078	0	0	0	0	0	0	0	0	0	0	0	0	0	0	0.058824	0.098039	0	
0	0	0.16078	0	0	0	0	0	0	0	0	0	0	0	0	0	0	0.094118	0.062745	0	
0	0	0.16078	0	0	0	0	0	0	0	0	0	0	0	0	0	0	0.094118	0.062745	0	
0	0	0.16078	0	0	0	0	0	0	0	0	0	0	0	0	0	0	0.094118	0.062745	0	
0	0	0.16078	0	0	0	0	0	0	0	0	0	0	0	0	0	0	0.094118	0.062745	0	
0	0	0.11373	0	0	0	0	0	0	0	0	0	0	0	0	0	0	0.12157	0.035294	0	
0	0	0	0	0	0	0	0	0	0	0	0	0	0	0	0.10196	0.16078	0.15294	0	0	
0.13333	0.16078	0.16078	0.16078	0.16078	0.16078	0.16078	0.16078	0.16078	0.16078	0.16078	0.16078	0.16078	0.16078	0.16078	0.058824	0	0	0	0	

1
1
20		20
1
578	744
567	667
684	783
1
567	752
60
577	772
578	771
578	764
578	751
578	740
578	727
578	714
578	702
578	693
578	684
578	676
580	669
580	668
581	667
584	667
589	669
596	672
607	672
617	673
630	673
639	673
649	673
658	673
666	673
673	673
676	672
677	672
678	675
678	680
678	691
678	701
678	712
677	724
677	734
675	745
675	754
675	761
675	765
675	766
675	769
675	771
674	775
671	775
669	777
666	779
663	779
658	781
653	781
647	781
638	781
630	783
618	783
607	783
595	781
585	781
578	781
572	781
569	781
567	781
567	783



7
3
20	20
0.078431	0.21176	0.14902	0.14902	0.14902	0.14902	0.14902	0.14902	0.14902	0.14902	0.14902	0.14902	0.14902	0.14902	0.14902	0.11765	0.023529	0	0	0	
0	0.15294	0	0	0	0	0	0	0	0	0	0	0	0	0	0.027451	0.12157	0.15294	0.13725	0	
0	0.15294	0	0	0	0	0	0	0	0	0	0	0	0	0	0	0	0	0.15294	0	
0	0.07451	0.078431	0	0	0	0	0	0	0	0	0	0	0	0	0	0	0	0.15294	0	
0	0	0.15294	0	0	0	0	0	0	0	0	0	0	0	0	0	0	0	0.15294	0	
0	0	0.12941	0.019608	0	0	0	0	0	0	0	0	0	0	0	0	0	0	0.15294	0	
0	0	0.0078431	0.1451	0	0	0	0	0	0	0	0	0	0	0	0	0	0	0.15294	0	
0	0	0	0.15294	0	0	0	0	0	0	0	0	0	0	0	0	0	0.0039216	0.1451	0	
0	0	0	0.15294	0	0	0	0	0	0	0	0	0	0	0	0	0	0.1098	0.043137	0	
0	0	0	0.15294	0	0	0	0	0	0	0	0	0	0	0	0	0	0.15294	0	0	
0	0	0	0.15294	0	0	0	0	0	0	0	0	0	0	0	0	0	0.15294	0	0	
0	0	0	0.15294	0	0	0	0	0	0	0	0	0	0	0	0	0	0.15294	0	0	
0	0	0	0.15294	0	0	0	0	0	0	0	0	0	0	0	0	0	0.15294	0	0	
0	0	0	0.15294	0	0	0	0	0	0	0	0	0	0	0	0	0	0.086275	0	0	
0	0	0	0.15294	0	0	0	0	0	0	0	0	0	0	0	0	0	0	0	0	
0	0	0	0.15294	0	0	0	0	0	0	0	0	0	0	0	0	0	0	0	0	
0	0	0	0.07451	0.14902	0.14902	0.14902	0.14902	0.14902	0.14902	0.14902	0.14902	0.14902	0.14902	0.14902	0.14902	0.14902	0.14902	0.14902	0.078431	
0	0	0	0	0	0	0	0	0	0	0	0	0	0	0	0	0	0	0	0	
0	0	0	0	0	0	0	0	0	0	0	0	0	0	0	0	0	0	0	0	
0	0	0	0	0	0	0	0	0	0	0	0	0	0	0	0	0	0	0	0	

1
1
20		20
1
939	280
846	218
967	325
1
951	294
52
953	305
953	302
953	294
957	280
958	270
961	258
961	249
961	240
961	234
961	230
960	226
958	222
947	222
934	220
919	218
900	218
884	218
870	218
857	218
849	218
846	218
848	218
850	219
850	220
850	225
854	232
855	236
857	241
861	250
863	257
864	264
864	274
865	284
866	292
866	298
866	305
866	311
866	315
866	319
866	322
866	323
869	325
873	325
884	325
894	325
905	325
917	325
931	325
943	325
956	325
965	325
967	325



7
3
20	20
0	0.027451	0.18824	0.16078	0.16078	0.066667	0	0	0	0	0	0	0	0	0	0	0	0	0	0	
0	0.16471	0	0	0	0.090196	0.16078	0.16078	0.14902	0.019608	0	0	0	0	0	0	0	0	0	0	
0	0.16471	0	0	0	0	0	0	0.0078431	0.13725	0.16078	0.16078	0.16078	0.16078	0.16078	0.16078	0.16078	0.16078	0.16078	0.1451	
0	0.16471	0	0	0	0	0	0	0	0	0	0	0	0	0	0	0	0	0	0.16471	
0	0.16471	0	0	0	0	0	0	0	0	0	0	0	0	0	0	0	0	0	0.16471	
0	0.16471	0	0	0	0	0	0	0	0	0	0	0	0	0	0	0	0	0.058824	0.10588	
0.10588	0.058824	0	0	0	0	0	0	0	0	0	0	0	0	0	0	0	0	0.16471	0	
0.16471	0	0	0	0	0	0	0	0	0	0	0	0	0	0	0	0	0	0.16471	0	
0.16471	0	0	0	0	0	0	0	0	0	0	0	0	0	0	0	0	0.019608	0.1451	0	
0.16471	0	0	0	0	0	0	0	0	0	0	0	0	0	0	0	0	0.16471	0	0	
0.16471	0	0	0	0	0	0	0	0	0	0	0	0	0	0	0	0.054902	0.1098	0	0	
0.16471	0	0	0	0	0	0	0	0	0	0	0	0	0	0	0	0.16471	0	0	0	
0.16471	0	0	0	0	0	0	0	0	0	0	0	0	0	0	0	0.16471	0	0	0	
0.16471	0	0	0	0	0	0	0	0	0	0	0	0	0	0	0.023529	0.14118	0	0	0	
0.16471	0	0	0	0	0	0	0	0	0	0	0	0	0	0	0.031373	0.13333	0	0	0	
0.21961	0.16078	0.16078	0.16078	0.16078	0.16078	0.16078	0.16078	0.16078	0.16078	0.16078	0.16078	0.16078	0.16078	0.16078	0.16863	0.05098	0	0	0	
0.16471	0	0	0	0	0	0	0	0	0	0	0	0	0	0	0	0	0	0	0	
0.086275	0	0	0	0	0	0	0	0	0	0	0	0	0	0	0	0	0	0	0	
0	0	0	0	0	0	0	0	0	0	0	0	0	0	0	0	0	0	0	0	
0	0	0	0	0	0	0	0	0	0	0	0	0	0	0	0	0	0	0	0	

1
1
20		20
1
678	233
678	173
790	277
1
678	226
48
678	277
679	273
679	263
679	252
679	242
679	230
679	216
682	205
684	195
684	185
685	178
687	174
687	173
692	173
696	174
704	174
710	178
720	179
731	183
743	183
756	183
767	183
776	183
784	183
785	183
788	183
790	185
790	190
790	197
788	204
785	214
781	228
776	235
771	245
771	251
770	257
770	261
770	264
762	266
752	266
740	266
726	266
715	266
702	266
693	266
684	266
682	266
678	264



7
3
20	20
0.12157	0.12941	0.12941	0.1098	0	0	0	0	0	0	0	0	0	0	0	0	0	0	0	0	
0.12941	0	0	0.015686	0.12549	0.12941	0.12941	0.12941	0.12941	0.12941	0.12941	0.12941	0.12941	0.12941	0.12941	0.12941	0.12941	0.13333	0.058824	0	
0.12941	0	0	0	0	0	0	0	0	0	0	0	0	0	0	0	0	0	0.12941	0	
0.12941	0	0	0	0	0	0	0	0	0	0	0	0	0	0	0	0	0	0.12941	0	
0.12941	0	0	0	0	0	0	0	0	0	0	0	0	0	0	0	0	0	0.12941	0	
0.12941	0	0	0	0	0	0	0	0	0	0	0	0	0	0	0	0	0	0.12941	0	
0.12941	0	0	0	0	0	0	0	0	0	0	0	0	0	0	0	0	0	0.12941	0	
0.12941	0	0	0	0	0	0	0	0	0	0	0	0	0	0	0	0	0	0.12941	0	
0.12941	0	0	0	0	0	0	0	0	0	0	0	0	0	0	0	0	0	0.12941	0	
0.12941	0	0	0	0	0	0	0	0	0	0	0	0	0	0	0	0	0.0039216	0.12157	0	
0.031373	0.094118	0	0	0	0	0	0	0	0	0	0	0	0	0	0	0	0.094118	0.031373	0	
0	0.12941	0	0	0	0	0	0	0	0	0	0	0	0	0	0	0	0.12941	0	0	
0	0.12941	0	0	0	0	0	0	0	0	0	0	0	0	0	0	0	0.12941	0	0	
0	0.12941	0	0	0	0	0	0	0	0	0	0	0	0	0	0	0	0.12941	0	0	
0	0.12941	0	0	0	0	0	0	0	0	0	0	0	0	0	0	0	0.12941	0	0	
0	0.05098	0.07451	0	0	0	0	0	0	0	0	0	0	0	0	0	0	0.12941	0	0	
0	0	0.12941	0	0	0	0	0	0	0	0	0	0	0	0	0	0	0.12941	0	0	
0	0	0.12941	0	0	0	0	0	0	0	0	0	0	0	0	0	0	0.12941	0	0	
0.054902	0	0.12157	0	0	0	0	0	0	0	0	0	0	0	0	0	0	0.12941	0	0	
0.054902	0.12941	0.12941	0.12941	0.12941	0.12941	0.12941	0.12941	0.12941	0.12941	0.12941	0.12941	0.12941	0.12941	0.12941	0.12941	0.12941	0.15294	0	0	

1
1
20		20
1
461	466
447	385
586	530
1
447	467
67
465	523
464	524
462	521
462	516
461	511
461	504
458	495
457	485
454	477
453	465
450	454
450	444
449	434
449	424
449	414
449	403
449	396
449	388
449	386
448	385
449	385
454	386
461	388
469	388
478	391
490	393
502	393
517	393
529	393
542	393
554	393
565	393
573	393
574	393
577	393
578	393
581	393
582	393
586	400
586	407
586	420
586	432
586	446
582	460
581	472
578	487
578	499
578	509
578	518
578	523
578	528
579	530
575	530
567	530
558	530
544	530
530	530
516	530
500	530
486	530
474	530
462	530
454	530
450	528
449	526
448	524
447	524



7
3
20	20
0	0	0	0	0.019608	0.16471	0.17255	0.16471	0	0	0	0	0	0	0	0	0	0	0	0	
0	0.24314	0.17255	0.17255	0.14902	0.0039216	0	0.16471	0	0	0	0	0	0	0	0	0	0	0	0	
0	0.16471	0	0	0	0	0	0.011765	0.14902	0	0	0	0	0	0	0	0	0	0	0	
0.11373	0.047059	0	0	0	0	0	0	0.16471	0	0	0	0	0	0	0	0	0	0	0	
0.16471	0	0	0	0	0	0	0	0.16471	0	0	0	0	0	0	0	0	0	0	0	
0.16471	0	0	0	0	0	0	0	0.16471	0	0	0	0	0	0	0	0	0	0	0	
0.16471	0	0	0	0	0	0	0	0.16471	0	0	0	0	0	0	0	0	0	0	0	
0.16471	0	0	0	0	0	0	0	0.16471	0	0	0	0	0	0	0	0	0	0	0	
0.16471	0	0	0	0	0	0	0	0.16471	0	0	0	0	0	0	0	0	0	0	0	
0.16471	0	0	0	0	0	0	0	0.16471	0	0	0	0	0	0	0	0	0	0	0	
0.16471	0	0	0	0	0	0	0	0.16471	0	0	0	0	0	0	0	0	0	0	0	
0.16471	0	0	0	0	0	0	0	0.047059	0.11373	0	0	0	0	0	0	0	0	0	0	
0.16471	0	0	0	0	0	0	0	0	0.16471	0	0	0	0	0	0	0	0	0	0	
0.16471	0	0	0	0	0	0	0	0	0.16471	0	0	0	0	0	0	0	0	0	0	
0.16471	0	0	0	0	0	0	0	0	0.16471	0	0	0	0	0	0	0	0	0	0	
0.16471	0	0	0	0	0	0	0	0	0.16471	0	0	0	0	0	0	0	0	0	0	
0.16471	0	0	0	0	0	0	0	0	0.16471	0	0	0	0	0	0	0	0	0	0	
0.062745	0.17255	0.17255	0.17255	0.17255	0.17255	0.17255	0.17255	0.17255	0.3098	0.043137	0	0	0	0	0	0	0	0	0	
0	0	0	0	0	0	0	0	0	0.16471	0.043137	0	0	0	0	0	0	0	0	0	
0	0	0	0	0	0	0	0	0	0.078431	0	0	0	0	0	0	0	0	0	0	

1
1
20		20
1
642	332
594	254
653	362
1
648	327
51
647	362
648	358
648	351
647	342
646	331
646	320
643	308
642	295
640	283
640	272
639	263
638	258
637	255
634	254
630	254
623	255
618	258
611	258
608	258
605	258
600	258
598	258
597	262
597	269
596	278
596	290
594	301
594	309
594	319
594	324
594	333
594	337
594	340
594	341
594	344
594	345
594	348
595	349
596	349
600	351
602	351
606	351
611	353
617	353
621	353
629	353
634	353
642	353
647	353
651	353
653	355



7
3
20	20
0	0	0	0	0	0	0	0	0	0	0	0	0	0	0	0.16078	0.082353	0	0	0	
0	0	0	0	0	0	0	0	0	0.011765	0.14118	0.16078	0.16078	0.16078	0.15686	0	0.16471	0	0	0	
0	0	0	0.062745	0.16078	0.16078	0.16078	0.16078	0.16078	0.14902	0.019608	0	0	0	0	0	0.16471	0	0	0	
0	0	0	0.16471	0	0	0	0	0	0	0	0	0	0	0	0	0.16471	0	0	0	
0	0	0	0.16471	0	0	0	0	0	0	0	0	0	0	0	0	0.16471	0	0	0	
0	0	0	0.16471	0	0	0	0	0	0	0	0	0	0	0	0	0.16471	0	0	0	
0	0	0	0.16471	0	0	0	0	0	0	0	0	0	0	0	0	0.16471	0	0	0	
0	0	0	0.16471	0	0	0	0	0	0	0	0	0	0	0	0	0.16471	0	0	0	
0	0	0	0.16471	0	0	0	0	0	0	0	0	0	0	0	0	0.16471	0	0	0	
0	0	0	0.16471	0	0	0	0	0	0	0	0	0	0	0	0	0.16471	0	0	0	
0	0	0	0.16471	0	0	0	0	0	0	0	0	0	0	0	0	0.16471	0	0	0	
0	0	0	0.16471	0	0	0	0	0	0	0	0	0	0	0	0	0.16471	0	0	0	
0	0	0	0.16471	0	0	0	0	0	0	0	0	0	0	0	0	0.16471	0	0	0	
0	0	0	0.035294	0	0	0	0	0	0	0	0	0	0	0	0	0.16471	0	0	0	
0.078431	0.16078	0.16078	0.16078	0.16078	0.16078	0.16078	0.16078	0.16078	0.16078	0.16078	0.16078	0.16078	0.16078	0.16078	0.16078	0.086275	0	0	0	
0	0	0	0	0	0	0	0	0	0	0	0	0	0	0	0	0	0	0	0	
0	0	0	0	0	0	0	0	0	0	0	0	0	0	0	0	0	0	0	0	
0	0	0	0	0	0	0	0	0	0	0	0	0	0	0	0	0	0	0	0	
0	0	0	0	0	0	0	0	0	0	0	0	0	0	0	0	0	0	0	0	
0	0	0	0	0	0	0	0	0	0	0	0	0	0	0	0	0	0	0	0	

1
1
20		20
1
505	662
487	581
600	672
1
487	672
54
502	658
502	658
503	653
503	647
503	642
503	635
503	626
504	619
505	611
507	604
507	600
507	595
508	593
509	592
510	592
512	592
518	592
525	592
533	592
541	591
548	589
557	588
564	586
572	585
576	582
580	581
581	582
581	589
581	597
580	606
580	616
580	625
580	635
580	644
580	652
580	658
581	663
581	665
579	666
576	666
569	666
564	667
556	667
548	667
539	667
531	667
522	667
513	667
506	667
498	667
493	667
491	667
488	667
487	667



7
3
20	20
0	0	0	0	0	0	0	0	0.058824	0.15294	0.13725	0.078431	0	0	0	0	0	0	0	0	
0	0	0	0	0.0078431	0.15294	0.15294	0.15294	0.090196	0	0	0.14902	0	0	0	0	0	0	0	0	
0.16471	0.15294	0.15294	0.15294	0.14118	0	0	0	0	0	0	0.12549	0.023529	0	0	0	0	0	0	0	
0.14902	0	0	0	0	0	0	0	0	0	0	0.043137	0.10196	0	0	0	0	0	0	0	
0.14902	0	0	0	0	0	0	0	0	0	0	0.043137	0.10196	0	0	0	0	0	0	0	
0.14902	0	0	0	0	0	0	0	0	0	0	0.0078431	0.13725	0	0	0	0	0	0	0	
0.14902	0	0	0	0	0	0	0	0	0	0	0	0.14902	0	0	0	0	0	0	0	
0.14902	0	0	0	0	0	0	0	0	0	0	0	0.14902	0	0	0	0	0	0	0	
0.14902	0	0	0	0	0	0	0	0	0	0	0	0.14902	0	0	0	0	0	0	0	
0.14902	0	0	0	0	0	0	0	0	0	0	0	0.14902	0	0	0	0	0	0	0	
0.14902	0	0	0	0	0	0	0	0	0	0	0	0.14902	0	0	0	0	0	0	0	
0.14902	0	0	0	0	0	0	0	0	0	0	0	0.14902	0	0	0	0	0	0	0	
0.14902	0	0	0	0	0	0	0	0	0	0	0	0.14902	0	0	0	0	0	0	0	
0.14902	0	0	0	0	0	0	0	0	0	0	0	0.14902	0	0	0	0	0	0	0	
0.14902	0	0	0	0	0	0	0	0	0	0	0	0.14902	0	0	0	0	0	0	0	
0.14902	0	0	0	0	0	0	0	0	0	0	0	0.14902	0	0	0	0	0	0	0	
0.14902	0	0	0	0	0	0	0	0	0	0	0	0.14902	0	0	0	0	0	0	0	
0.14902	0	0	0	0	0	0	0	0	0	0	0.12157	0.11765	0	0	0	0	0	0	0	
0.14902	0	0	0	0.027451	0.1451	0.15294	0.15294	0.15294	0.15294	0.15294	0.031373	0	0	0	0	0	0	0	0	
0.11765	0.15294	0.15294	0.15294	0.12549	0.0039216	0	0	0	0	0	0	0	0	0	0	0	0	0	0	

1
1
20		20
1
765	557
690	557
770	680
1
758	557
62
766	557
766	564
767	572
767	578
767	585
769	590
769	597
769	601
769	608
769	614
769	620
769	624
769	631
769	639
769	645
770	653
770	658
770	662
770	665
770	666
766	670
757	672
746	674
737	674
724	676
714	679
705	680
699	680
696	680
694	680
693	680
691	680
690	679
690	674
690	666
690	658
690	645
690	634
690	621
690	610
690	599
690	587
690	579
690	573
690	571
690	569
692	568
695	568
698	568
701	568
705	568
711	568
717	568
723	565
728	564
737	561
742	561
748	559
753	559
756	559
757	559
759	557



7
3
20	20
0	0.094118	0	0	0	0	0	0	0	0	0	0	0	0	0	0	0	0	0	0	
0	0.29804	0.039216	0	0	0	0	0	0.12549	0	0	0	0	0	0	0	0	0	0	0	
0	0.16863	0.13725	0.082353	0	0	0	0	0.16863	0	0	0	0	0	0	0	0	0	0	0	
0	0.16863	0	0.094118	0.17647	0.17647	0.17647	0.17647	0.29412	0	0	0	0	0	0	0	0	0	0	0	
0	0.16863	0	0	0	0	0	0	0.16863	0	0	0	0	0	0	0	0	0	0	0	
0	0.16863	0	0	0	0	0	0	0.16863	0	0	0	0	0	0	0	0	0	0	0	
0	0.16863	0	0	0	0	0	0	0.16863	0	0	0	0	0	0	0	0	0	0	0	
0	0.16863	0	0	0	0	0	0	0.16863	0	0	0	0	0	0	0	0	0	0	0	
0	0.16863	0	0	0	0	0	0	0.16863	0	0	0	0	0	0	0	0	0	0	0	
0	0.16863	0	0	0	0	0	0	0.16863	0	0	0	0	0	0	0	0	0	0	0	
0	0.16863	0	0	0	0	0	0	0.16863	0	0	0	0	0	0	0	0	0	0	0	
0.066667	0.098039	0	0	0	0	0	0	0.16863	0	0	0	0	0	0	0	0	0	0	0	
0.14902	0.015686	0	0	0	0	0	0	0.16863	0	0	0	0	0	0	0	0	0	0	0	
0.16863	0	0	0	0	0	0	0	0.16863	0	0	0	0	0	0	0	0	0	0	0	
0.16863	0	0	0	0	0	0	0	0.16863	0	0	0	0	0	0	0	0	0	0	0	
0.16863	0	0	0	0	0	0	0	0.16863	0	0	0	0	0	0	0	0	0	0	0	
0.16863	0	0	0	0	0	0	0	0.16863	0	0	0	0	0	0	0	0	0	0	0	
0.16863	0	0	0	0	0	0	0	0.16863	0	0	0	0	0	0	0	0	0	0	0	
0.16863	0	0	0	0	0	0	0.05098	0.22353	0	0	0	0	0	0	0	0	0	0	0	
0.13333	0.17647	0.17647	0.17647	0.17647	0.17647	0.17647	0.12549	0.082353	0	0	0	0	0	0	0	0	0	0	0	

1
1
20		20
1
760	306
680	303
761	407
1
759	313
58
728	307
728	308
728	314
728	326
728	336
728	347
728	362
728	373
728	383
728	392
728	399
728	401
728	404
728	405
725	405
722	405
716	407
713	407
707	407
702	407
696	407
691	407
687	407
683	407
681	407
680	407
680	405
680	395
681	382
682	370
684	357
684	344
686	331
686	321
686	314
686	307
686	303
687	305
687	307
689	310
690	311
693	314
696	316
699	318
703	318
707	318
710	318
714	318
716	318
719	318
721	318
722	318
723	318
723	318
725	318
726	317
727	317
727	317



7
3
20	20
0	0	0	0	0	0	0	0.07451	0.12549	0.12549	0.12549	0.12549	0.12549	0.12549	0.12549	0.12549	0.12549	0.12549	0.10196	0	
0	0	0	0	0.13725	0.12549	0.12549	0.05098	0	0	0	0	0	0	0	0	0	0	0.12549	0	
0	0	0	0	0.12549	0	0	0	0	0	0	0	0	0	0	0	0	0	0.12549	0	
0	0	0	0	0.12549	0	0	0	0	0	0	0	0	0	0	0	0	0	0.12549	0	
0	0	0	0	0.12549	0	0	0	0	0	0	0	0	0	0	0	0	0	0.12549	0	
0	0	0	0	0.12549	0	0	0	0	0	0	0	0	0	0	0	0	0	0.12549	0	
0	0	0	0	0.12549	0	0	0	0	0	0	0	0	0	0	0	0	0	0.12549	0	
0	0	0	0	0.12549	0	0	0	0	0	0	0	0	0	0	0	0	0	0.054902	0.070588	
0	0	0	0	0.058824	0	0	0	0	0	0	0	0	0	0	0	0	0	0	0.12549	
0.07451	0.12549	0.12549	0.12549	0.12549	0.12549	0.12549	0.12549	0.12549	0.12549	0.12549	0.12549	0.12549	0.12549	0.12549	0.12549	0.12549	0.12549	0.12549	0.12157	
0	0	0	0	0	0	0	0	0	0	0	0	0	0	0	0	0	0	0	0	
0	0	0	0	0	0	0	0	0	0	0	0	0	0	0	0	0	0	0	0	
0	0	0	0	0	0	0	0	0	0	0	0	0	0	0	0	0	0	0	0	
0	0	0	0	0	0	0	0	0	0	0	0	0	0	0	0	0	0	0	0	
0	0	0	0	0	0	0	0	0	0	0	0	0	0	0	0	0	0	0	0	
0	0	0	0	0	0	0	0	0	0	0	0	0	0	0	0	0	0	0	0	
0	0	0	0	0	0	0	0	0	0	0	0	0	0	0	0	0	0	0	0	
0	0	0	0	0	0	0	0	0	0	0	0	0	0	0	0	0	0	0	0	
0	0	0	0	0	0	0	0	0	0	0	0	0	0	0	0	0	0	0	0	
0	0	0	0	0	0	0	0	0	0	0	0	0	0	0	0	0	0	0	0	

1
1
20		20
1
561	215
538	166
686	238
1
538	222
50
568	229
567	227
567	225
567	218
567	213
567	207
567	200
567	194
567	187
567	184
567	180
567	178
567	176
568	175
572	175
579	173
586	171
591	171
600	169
608	169
619	167
628	167
640	167
652	167
662	167
668	167
676	166
678	169
680	175
680	181
680	189
680	198
680	205
680	213
682	221
684	227
684	231
684	235
686	236
684	238
671	238
654	238
634	238
612	238
592	238
572	238
556	238
544	238
540	238
538	238



7
3
20	20
0	0	0	0	0	0	0	0	0	0	0	0	0	0.011765	0.082353	0.1451	0.18039	0.18039	0.13333	0	
0	0	0	0	0	0	0	0.11765	0.18039	0.18039	0.18039	0.18039	0.18039	0.16863	0.094118	0.035294	0	0	0.19216	0	
0.090196	0.18039	0.18039	0.18039	0.18039	0.18039	0.18039	0.062745	0	0	0	0	0	0	0	0	0	0	0.19216	0	
0.16471	0.023529	0	0	0	0	0	0	0	0	0	0	0	0	0	0	0	0	0.19216	0	
0.035294	0.15294	0	0	0	0	0	0	0	0	0	0	0	0	0	0	0	0	0.19216	0	
0.035294	0.15294	0	0	0	0	0	0	0	0	0	0	0	0	0	0	0	0	0.19216	0	
0.035294	0.15294	0	0	0	0	0	0	0	0	0	0	0	0	0	0	0	0	0.19216	0	
0.035294	0.15294	0	0	0	0	0	0	0	0	0	0	0	0	0	0	0	0	0.19216	0	
0.035294	0.15294	0	0	0	0	0	0	0	0	0	0	0	0	0	0	0	0	0.19216	0	
0.035294	0.15294	0	0	0	0	0	0	0	0	0	0	0	0	0	0	0	0	0.19216	0	
0.035294	0.15294	0	0	0	0	0	0	0	0	0	0	0	0	0	0	0	0	0.13725	0.05098	
0.035294	0.15294	0	0	0	0	0	0	0	0	0	0	0	0	0	0.10588	0.10588	0.17255	0.18039	0.14118	
0.035294	0.2	0.18039	0.18039	0.18039	0.18039	0.18039	0.18039	0.18039	0.18039	0.18039	0.18039	0.18039	0.18039	0.18039	0.070588	0.070588	0.0078431	0	0	
0.035294	0.15294	0	0	0	0	0	0	0	0	0	0	0	0	0	0	0	0	0	0	
0.0078431	0.07451	0	0	0	0	0	0	0	0	0	0	0	0	0	0	0	0	0	0	
0	0	0	0	0	0	0	0	0	0	0	0	0	0	0	0	0	0	0	0	
0	0	0	0	0	0	0	0	0	0	0	0	0	0	0	0	0	0	0	0	
0	0	0	0	0	0	0	0	0	0	0	0	0	0	0	0	0	0	0	0	
0	0	0	0	0	0	0	0	0	0	0	0	0	0	0	0	0	0	0	0	
0	0	0	0	0	0	0	0	0	0	0	0	0	0	0	0	0	0	0	0	

1
1
20		20
1
648	495
645	434
742	509
1
651	487
51
648	509
647	508
647	504
647	500
647	494
647	489
647	482
647	474
647	468
647	461
647	456
647	452
645	450
645	446
649	445
657	445
664	445
672	445
682	441
693	440
703	440
713	437
721	436
729	434
734	434
737	434
739	436
739	443
739	452
739	462
739	469
739	478
739	485
741	490
741	491
742	493
739	494
730	496
722	496
711	500
700	500
689	500
679	500
670	500
665	500
661	500
658	500
656	500
655	500
653	500
651	499



7
3
20	20
0	0	0.1098	0.090196	0.090196	0.090196	0.090196	0.090196	0.090196	0.090196	0.090196	0.090196	0.090196	0.090196	0.090196	0.090196	0.090196	0.090196	0.13725	0.011765	
0	0	0.098039	0	0	0	0	0	0	0	0	0	0	0	0	0	0	0	0.07451	0.015686	
0	0	0.098039	0	0	0	0	0	0	0	0	0	0	0	0	0	0	0	0	0.098039	
0	0.090196	0.0039216	0	0	0	0	0	0	0	0	0	0	0	0	0	0	0	0	0.098039	
0.015686	0.078431	0	0	0	0	0	0	0	0	0	0	0	0	0	0	0	0	0	0.098039	
0.10588	0	0.011765	0.090196	0.090196	0.090196	0.090196	0.090196	0.090196	0.090196	0.090196	0.090196	0.090196	0.090196	0.090196	0.090196	0.090196	0.090196	0.090196	0.090196	
0	0	0	0	0	0	0	0	0	0	0	0	0	0	0	0	0	0	0	0	
0	0	0	0	0	0	0	0	0	0	0	0	0	0	0	0	0	0	0	0	
0	0	0	0	0	0	0	0	0	0	0	0	0	0	0	0	0	0	0	0	
0	0	0	0	0	0	0	0	0	0	0	0	0	0	0	0	0	0	0	0	
0	0	0	0	0	0	0	0	0	0	0	0	0	0	0	0	0	0	0	0	
0	0	0	0	0	0	0	0	0	0	0	0	0	0	0	0	0	0	0	0	
0	0	0	0	0	0	0	0	0	0	0	0	0	0	0	0	0	0	0	0	
0	0	0	0	0	0	0	0	0	0	0	0	0	0	0	0	0	0	0	0	
0	0	0	0	0	0	0	0	0	0	0	0	0	0	0	0	0	0	0	0	
0	0	0	0	0	0	0	0	0	0	0	0	0	0	0	0	0	0	0	0	
0	0	0	0	0	0	0	0	0	0	0	0	0	0	0	0	0	0	0	0	
0	0	0	0	0	0	0	0	0	0	0	0	0	0	0	0	0	0	0	0	
0	0	0	0	0	0	0	0	0	0	0	0	0	0	0	0	0	0	0	0	
0	0	0	0	0	0	0	0	0	0	0	0	0	0	0	0	0	0	0	0	

1
1
20		20
1
385	683
384	613
581	683
1
399	680
56
385	674
384	673
384	669
389	666
391	662
396	657
398	650
399	646
405	639
405	634
405	627
405	622
405	620
403	616
414	616
426	616
442	616
463	616
484	616
504	616
525	616
543	616
557	615
564	613
569	613
574	613
574	614
574	618
574	622
574	629
576	634
576	639
580	645
580	648
580	650
581	653
581	655
581	655
581	658
581	660
581	662
581	663
581	665
581	666
580	669
569	669
553	669
537	671
516	671
495	671
475	671
456	671
438	671
426	671
415	671
410	671



7
3
20	20
0	0	0	0	0	0	0	0	0	0	0	0	0	0	0	0	0	0	0	0	
0	0	0.28235	0.36078	0.36078	0.36078	0.36078	0.36078	0.36078	0.36078	0.36078	0.40784	0	0	0	0	0	0	0	0	
0	0.12941	0.20784	0	0	0	0	0	0	0	0	0.34118	0	0	0	0	0	0	0	0	
0	0.2902	0.047059	0	0	0	0	0	0	0	0	0.34118	0	0	0	0	0	0	0	0	
0	0.2902	0.047059	0	0	0	0	0	0	0	0	0.34118	0	0	0	0	0	0	0	0	
0	0.2902	0.047059	0	0	0	0	0	0	0	0	0.34118	0	0	0	0	0	0	0	0	
0	0.31373	0.023529	0	0	0	0	0	0	0	0	0.34118	0	0	0	0	0	0	0	0	
0	0.34118	0	0	0	0	0	0	0	0	0	0.34118	0	0	0	0	0	0	0	0	
0	0.34118	0	0	0	0	0	0	0	0	0.070588	0.26667	0	0	0	0	0	0	0	0	
0	0.34118	0	0	0	0	0	0	0	0	0.21569	0.12157	0	0	0	0	0	0	0	0	
0	0.34118	0	0	0	0	0	0	0	0	0.34118	0	0	0	0	0	0	0	0	0	
0	0.34118	0	0	0	0	0	0	0	0	0.34118	0	0	0	0	0	0	0	0	0	
0	0.34118	0	0	0	0	0	0	0	0	0.34118	0	0	0	0	0	0	0	0	0	
0	0.34118	0	0	0	0	0	0	0	0	0.34118	0	0	0	0	0	0	0	0	0	
0	0.34118	0	0	0	0	0	0	0	0	0.34118	0	0	0	0	0	0	0	0	0	
0	0.34118	0	0	0	0	0	0	0	0	0.34118	0	0	0	0	0	0	0	0	0	
0	0.45098	0.19608	0	0	0	0	0	0	0	0.34118	0	0	0	0	0	0	0	0	0	
0	0.023529	0.16078	0.36078	0.36078	0.36078	0.17647	0	0	0	0.34118	0	0	0	0	0	0	0	0	0	
0	0	0	0	0	0	0	0	0	0.035294	0.27451	0	0	0	0	0	0	0	0	0	
0	0	0	0	0	0	0	0	0	0	0	0	0	0	0	0	0	0	0	0	

1
1
20		20
1
698	835
669	791
703	839
1
686	831
40
695	839
696	838
696	835
696	828
696	824
697	817
699	809
699	805
700	800
700	797
700	794
700	792
699	791
694	791
693	791
690	791
686	791
683	791
680	791
677	791
675	791
674	791
673	793
671	796
671	799
671	805
670	810
670	813
670	818
669	822
669	826
669	829
669	830
669	833
671	834
674	835
679	835
681	835
682	835
684	835



7
3
20	20
0	0	0	0	0	0	0	0	0	0.023529	0.098039	0.098039	0.098039	0.098039	0.098039	0.098039	0.098039	0.098039	0.098039	0.1098	
0.066667	0.098039	0.098039	0.098039	0.098039	0.098039	0.098039	0.098039	0.098039	0.07451	0	0	0	0	0	0	0	0	0.0039216	0.094118	
0.098039	0	0	0	0	0	0	0	0	0	0	0	0	0	0	0	0	0	0.098039	0	
0.098039	0	0	0	0	0	0	0	0	0	0	0	0	0	0	0	0	0	0.098039	0	
0.035294	0.062745	0	0	0	0	0	0	0	0	0	0	0	0	0	0	0	0	0.098039	0	
0.082353	0.011765	0	0	0	0	0	0	0	0	0	0	0	0	0	0	0	0.0039216	0.094118	0	
0.082353	0.011765	0	0	0	0	0	0	0	0	0	0	0	0	0	0	0	0.086275	0.011765	0	
0	0.098039	0	0	0	0	0	0	0	0	0	0	0	0	0	0	0	0.098039	0	0	
0	0.098039	0	0	0	0	0	0	0	0	0	0	0	0	0	0	0	0.098039	0	0	
0	0.10588	0.019608	0	0	0	0	0	0	0	0	0	0	0	0	0	0	0.094118	0.0039216	0	
0	0	0	0.043137	0.098039	0.098039	0.098039	0.098039	0.098039	0.098039	0.098039	0.098039	0.098039	0.098039	0.098039	0.098039	0.098039	0.098039	0.13725	0	
0	0	0	0	0	0	0	0	0	0	0	0	0	0	0	0	0	0	0	0	
0	0	0	0	0	0	0	0	0	0	0	0	0	0	0	0	0	0	0	0	
0	0	0	0	0	0	0	0	0	0	0	0	0	0	0	0	0	0	0	0	
0	0	0	0	0	0	0	0	0	0	0	0	0	0	0	0	0	0	0	0	
0	0	0	0	0	0	0	0	0	0	0	0	0	0	0	0	0	0	0	0	
0	0	0	0	0	0	0	0	0	0	0	0	0	0	0	0	0	0	0	0	
0	0	0	0	0	0	0	0	0	0	0	0	0	0	0	0	0	0	0	0	
0	0	0	0	0	0	0	0	0	0	0	0	0	0	0	0	0	0	0	0	
0	0	0	0	0	0	0	0	0	0	0	0	0	0	0	0	0	0	0	0	

1
1
20		20
1
198	332
186	236
376	339
1
205	338
54
204	330
202	331
199	330
197	327
197	321
194	315
194	306
192	299
192	291
192	284
194	279
191	271
191	266
189	261
189	257
189	255
187	253
186	252
191	251
204	250
221	248
238	247
262	245
286	242
311	241
333	239
352	238
367	236
374	236
376	238
372	245
369	256
364	266
362	277
362	287
359	298
359	307
359	315
359	323
359	327
359	331
362	334
364	335
367	337
366	338
349	338
330	339
308	339
284	339
262	339
243	339
228	339
221	339
218	339



7
3
20	20
0	0	0.15294	0.12941	0.12157	0.0039216	0	0	0	0	0	0	0	0	0	0	0	0	0	0	
0	0.10588	0.015686	0	0.0078431	0.12157	0.12941	0.12941	0.12941	0.12941	0.12941	0.12941	0.12941	0.12941	0.031373	0	0	0	0	0	
0	0.12549	0	0	0	0	0	0	0	0	0	0	0	0	0.098039	0.058824	0	0	0	0	
0	0.12549	0	0	0	0	0	0	0	0	0	0	0	0	0	0.12549	0	0	0	0	
0	0.12549	0	0	0	0	0	0	0	0	0	0	0	0	0	0.12549	0	0	0	0	
0	0.12549	0	0	0	0	0	0	0	0	0	0	0	0	0	0.12549	0	0	0	0	
0	0.12549	0	0	0	0	0	0	0	0	0	0	0	0	0	0.12549	0	0	0	0	
0	0.12549	0	0	0	0	0	0	0	0	0	0	0	0	0	0.12549	0	0	0	0	
0	0.12549	0	0	0	0	0	0	0	0	0	0	0	0	0	0.12549	0	0	0	0	
0	0.12549	0	0	0	0	0	0	0	0	0	0	0	0	0	0.12549	0	0	0	0	
0	0.12549	0	0	0	0	0	0	0	0	0	0	0	0	0	0.12549	0	0	0	0	
0	0.14118	0	0	0	0	0	0	0	0	0	0	0	0	0	0.12549	0	0	0	0	
0.098039	0.023529	0	0	0	0	0	0	0	0	0	0	0	0	0	0.12549	0	0	0	0	
0.12549	0	0	0	0	0	0	0	0	0	0	0	0	0	0	0.12549	0	0	0	0	
0.12549	0	0	0	0	0	0	0	0	0	0	0	0	0	0	0.12549	0	0	0	0	
0.098039	0.027451	0	0	0	0	0	0	0	0	0	0	0	0	0	0.12549	0	0	0	0	
0	0.10196	0.12941	0.12941	0.12941	0.07451	0.023529	0	0	0	0	0	0	0	0.023529	0.098039	0	0	0	0	
0	0	0	0	0	0.054902	0.10196	0.12941	0.12941	0.12941	0.12549	0.0039216	0	0	0.12549	0	0	0	0	0	
0	0	0	0	0	0	0	0	0	0	0.0039216	0.12549	0.0078431	0	0.12549	0	0	0	0	0	
0	0	0	0	0	0	0	0	0	0	0	0	0	0	0.07451	0	0	0	0	0	

1
1
20		20
1
816	361
736	277
855	422
1
801	353
62
846	422
848	417
849	408
852	398
852	383
855	367
855	355
855	339
855	325
855	312
855	307
852	298
852	294
845	289
834	287
825	287
814	284
803	284
793	282
782	282
773	282
765	278
759	278
755	277
751	277
750	278
747	287
747	294
745	305
745	316
743	325
743	335
743	341
743	346
743	351
743	357
743	358
743	362
743	364
740	366
740	367
740	371
738	374
737	376
737	378
737	382
736	383
737	389
737	390
745	398
752	398
759	401
771	401
776	403
785	403
793	406
803	406
810	408
818	410
822	412
825	412
827	412



7
3
20	20
0	0	0	0	0.05098	0.14118	0.11373	0.11373	0.11373	0.11373	0.11373	0.11373	0.11373	0.11373	0.11373	0.11373	0.11373	0.11373	0.11373	0.13725	
0	0	0	0	0	0.11765	0	0	0	0	0	0	0	0	0	0	0	0	0	0.11765	
0	0	0	0	0	0.11765	0	0	0	0	0	0	0	0	0	0	0	0	0	0.11765	
0	0	0	0	0	0.11373	0	0	0	0	0	0	0	0	0	0	0	0	0	0.11765	
0	0	0	0	0	0.039216	0.07451	0	0	0	0	0	0	0	0	0	0	0	0	0.11765	
0	0	0	0	0	0	0.11765	0	0	0	0	0	0	0	0	0	0	0	0	0.11765	
0.070588	0.11373	0.11373	0.11373	0.11373	0.11373	0.23529	0.11765	0.11373	0.062745	0.015686	0	0	0	0	0	0	0	0	0.11765	
0	0	0	0	0	0	0	0	0	0.047059	0.094118	0.11373	0.11373	0.11373	0.11373	0.11373	0.11373	0.11373	0.11373	0.1098	
0	0	0	0	0	0	0	0	0	0	0	0	0	0	0	0	0	0	0	0	
0	0	0	0	0	0	0	0	0	0	0	0	0	0	0	0	0	0	0	0	
0	0	0	0	0	0	0	0	0	0	0	0	0	0	0	0	0	0	0	0	
0	0	0	0	0	0	0	0	0	0	0	0	0	0	0	0	0	0	0	0	
0	0	0	0	0	0	0	0	0	0	0	0	0	0	0	0	0	0	0	0	
0	0	0	0	0	0	0	0	0	0	0	0	0	0	0	0	0	0	0	0	
0	0	0	0	0	0	0	0	0	0	0	0	0	0	0	0	0	0	0	0	
0	0	0	0	0	0	0	0	0	0	0	0	0	0	0	0	0	0	0	0	
0	0	0	0	0	0	0	0	0	0	0	0	0	0	0	0	0	0	0	0	
0	0	0	0	0	0	0	0	0	0	0	0	0	0	0	0	0	0	0	0	
0	0	0	0	0	0	0	0	0	0	0	0	0	0	0	0	0	0	0	0	
0	0	0	0	0	0	0	0	0	0	0	0	0	0	0	0	0	0	0	0	

1
1
20		20
1
531	334
487	280
650	343
1
487	332
48
543	337
541	337
538	332
538	327
536	318
534	312
534	306
532	299
530	293
528	288
528	286
527	284
524	282
530	281
542	280
560	280
577	280
598	280
617	280
632	280
644	281
649	280
650	280
648	282
648	287
647	296
647	303
647	313
647	320
647	328
647	333
648	337
648	341
649	342
648	343
645	343
640	343
634	343
622	343
609	341
594	341
574	339
554	337
532	335
512	335
498	335
489	335
487	335



7
3
20	20
0	0.23529	0.24706	0.24706	0.24706	0.24706	0.24706	0.24706	0.24706	0.24706	0.24706	0.24706	0.023529	0	0	0	0	0	0	0	
0	0.26275	0	0	0	0	0	0	0	0	0	0.15686	0.10196	0	0	0	0	0	0	0	
0	0.26275	0	0	0	0	0	0	0	0	0	0.15686	0.10196	0	0	0	0	0	0	0	
0	0.26275	0	0	0	0	0	0	0	0	0	0.15686	0.10196	0	0	0	0	0	0	0	
0	0.26275	0	0	0	0	0	0	0	0	0	0.15686	0.10196	0	0	0	0	0	0	0	
0	0.26275	0	0	0	0	0	0	0	0	0	0.15686	0.10196	0	0	0	0	0	0	0	
0	0.26275	0	0	0	0	0	0	0	0	0	0.15686	0.10196	0	0	0	0	0	0	0	
0	0.26275	0	0	0	0	0	0	0	0	0	0.15686	0.10196	0	0	0	0	0	0	0	
0	0.26275	0	0	0	0	0	0	0	0	0	0.15686	0.10196	0	0	0	0	0	0	0	
0	0.26275	0	0	0	0	0	0	0	0	0	0.15686	0.10196	0	0	0	0	0	0	0	
0.05098	0.20784	0	0	0	0	0	0	0	0	0	0.15686	0.10196	0	0	0	0	0	0	0	
0.20784	0.05098	0	0	0	0	0	0	0	0	0	0.15686	0.10196	0	0	0	0	0	0	0	
0.20784	0.05098	0	0	0	0	0	0	0	0	0	0.15686	0.10196	0	0	0	0	0	0	0	
0.10196	0.26275	0.24706	0.24706	0.24706	0.24706	0.24706	0.24706	0.24706	0.05098	0	0.15686	0.10196	0	0	0	0	0	0	0	
0	0	0	0	0	0	0	0	0	0	0	0	0	0	0	0	0	0	0	0	
0	0	0	0	0	0	0	0	0	0	0	0	0	0	0	0	0	0	0	0	
0	0	0	0	0	0	0	0	0	0	0	0	0	0	0	0	0	0	0	0	
0	0	0	0	0	0	0	0	0	0	0	0	0	0	0	0	0	0	0	0	
0	0	0	0	0	0	0	0	0	0	0	0	0	0	0	0	0	0	0	0	
0	0	0	0	0	0	0	0	0	0	0	0	0	0	0	0	0	0	0	0	

1
1
20		20
1
573	527
504	466
573	527
1
554	525
46
546	518
546	514
546	511
546	508
546	503
546	496
546	490
546	484
546	478
546	474
546	470
546	467
546	466
545	466
539	466
532	466
525	466
518	466
513	466
509	466
506	466
505	466
505	468
505	473
505	478
505	485
505	490
505	497
505	502
505	505
504	509
504	511
504	512
504	513
504	515
504	516
505	517
507	517
512	517
517	517
522	517
526	517
530	517
532	517
533	517
535	517



7
3
20	20
0.12549	0.18431	0.16471	0.035294	0	0	0	0	0	0	0	0	0	0	0.015686	0.17255	0.086275	0	0	0	
0.18824	0	0.019608	0.1451	0.18431	0.18431	0.18431	0.18431	0.18431	0.18431	0.18431	0.18431	0.18431	0.18431	0.16471	0.0078431	0.18824	0	0	0	
0.18824	0	0	0	0	0	0	0	0	0	0	0	0	0	0	0	0.18824	0	0	0	
0.12549	0.058824	0	0	0	0	0	0	0	0	0	0	0	0	0	0	0.18824	0	0	0	
0.0039216	0.18039	0	0	0	0	0	0	0	0	0	0	0	0	0	0	0.18824	0	0	0	
0	0.18824	0	0	0	0	0	0	0	0	0	0	0	0	0	0	0.18824	0	0	0	
0	0.18824	0	0	0	0	0	0	0	0	0	0	0	0	0	0	0.18824	0	0	0	
0	0.18824	0	0	0	0	0	0	0	0	0	0	0	0	0	0	0.21569	0	0	0	
0	0.18824	0	0	0	0	0	0	0	0	0	0.031373	0.039216	0.18039	0.18431	0.18431	0.015686	0	0	0	
0	0.14902	0.035294	0	0.086275	0.18431	0.18431	0.18431	0.18431	0.18431	0.18431	0.14902	0.1451	0	0	0	0	0	0	0	
0	0.05098	0.13725	0	0	0	0	0	0	0	0	0	0	0	0	0	0	0	0	0	
0	0	0	0	0	0	0	0	0	0	0	0	0	0	0	0	0	0	0	0	
0	0	0	0	0	0	0	0	0	0	0	0	0	0	0	0	0	0	0	0	
0	0	0	0	0	0	0	0	0	0	0	0	0	0	0	0	0	0	0	0	
0	0	0	0	0	0	0	0	0	0	0	0	0	0	0	0	0	0	0	0	
0	0	0	0	0	0	0	0	0	0	0	0	0	0	0	0	0	0	0	0	
0	0	0	0	0	0	0	0	0	0	0	0	0	0	0	0	0	0	0	0	
0	0	0	0	0	0	0	0	0	0	0	0	0	0	0	0	0	0	0	0	
0	0	0	0	0	0	0	0	0	0	0	0	0	0	0	0	0	0	0	0	
0	0	0	0	0	0	0	0	0	0	0	0	0	0	0	0	0	0	0	0	

1
1
20		20
1
713	175
702	107
801	175
1
727	167
51
711	162
710	160
709	155
708	150
707	143
707	136
706	129
704	123
703	117
703	112
702	109
702	107
704	107
710	108
718	110
727	110
738	110
749	110
759	110
767	111
774	111
780	108
783	108
784	107
785	108
784	111
784	115
784	120
784	125
784	130
784	134
784	137
784	140
785	143
785	145
785	146
782	148
778	149
773	150
767	152
762	152
757	153
752	155
745	155
740	155
734	155
730	156
727	156
725	156
724	155
723	155



7
3
20	20
0.086275	0.10588	0.10588	0.10588	0.10588	0.10588	0.10588	0.10588	0.10588	0.10588	0.10588	0.10588	0.10588	0.10588	0.10588	0.10588	0.10588	0.10588	0.10588	0.12157	
0.1098	0	0	0	0	0	0	0	0	0	0	0	0	0	0	0	0	0	0	0.1098	
0.1098	0	0	0	0	0	0	0	0	0	0	0	0	0	0	0	0	0	0	0.1098	
0.1098	0	0	0	0	0	0	0	0	0	0	0	0	0	0	0	0	0	0	0.1098	
0.1098	0	0	0	0	0	0	0	0	0	0	0	0	0	0	0	0	0	0.098039	0.011765	
0.1098	0	0	0	0	0	0	0	0	0	0	0	0	0	0	0	0	0	0.1098	0	
0.1098	0	0.015686	0.078431	0.078431	0.078431	0.078431	0.078431	0.078431	0.078431	0.078431	0.078431	0.078431	0.078431	0.078431	0.078431	0.078431	0.078431	0.17647	0	
0.062745	0	0.0039216	0.023529	0.023529	0.023529	0.023529	0.023529	0.023529	0.023529	0.023529	0.023529	0.023529	0.023529	0.023529	0.023529	0.023529	0.023529	0.015686	0	
0	0	0	0	0	0	0	0	0	0	0	0	0	0	0	0	0	0	0	0	
0	0	0	0	0	0	0	0	0	0	0	0	0	0	0	0	0	0	0	0	
0	0	0	0	0	0	0	0	0	0	0	0	0	0	0	0	0	0	0	0	
0	0	0	0	0	0	0	0	0	0	0	0	0	0	0	0	0	0	0	0	
0	0	0	0	0	0	0	0	0	0	0	0	0	0	0	0	0	0	0	0	
0	0	0	0	0	0	0	0	0	0	0	0	0	0	0	0	0	0	0	0	
0	0	0	0	0	0	0	0	0	0	0	0	0	0	0	0	0	0	0	0	
0	0	0	0	0	0	0	0	0	0	0	0	0	0	0	0	0	0	0	0	
0	0	0	0	0	0	0	0	0	0	0	0	0	0	0	0	0	0	0	0	
0	0	0	0	0	0	0	0	0	0	0	0	0	0	0	0	0	0	0	0	
0	0	0	0	0	0	0	0	0	0	0	0	0	0	0	0	0	0	0	0	
0	0	0	0	0	0	0	0	0	0	0	0	0	0	0	0	0	0	0	0	

1
1
20		20
1
371	209
368	142
541	209
1
382	204
52
372	208
369	205
369	200
369	195
369	188
369	182
369	175
369	169
369	163
369	157
369	152
368	149
368	148
368	146
369	145
379	145
393	145
416	145
441	145
465	145
489	145
510	144
525	142
538	142
540	142
541	145
541	150
540	157
538	166
538	172
535	178
535	186
535	190
535	195
535	198
535	201
535	202
532	203
530	203
527	203
520	203
510	203
499	203
483	203
468	203
454	203
437	203
423	203
410	203
402	203
395	203
390	203



7
3
20	20
0	0.054902	0.19216	0.19216	0.19216	0.19216	0.19216	0.19216	0.19216	0.19216	0.19216	0.19216	0.19216	0.19216	0.19216	0.19216	0.19216	0.047059	0	0	
0.12941	0.062745	0	0	0	0	0	0	0	0	0	0	0	0	0	0	0	0.19216	0	0	
0.19216	0	0	0	0	0	0	0	0	0	0	0	0	0	0	0	0.07451	0.11373	0	0	
0.19216	0	0	0	0	0	0	0	0	0	0	0	0	0	0	0	0.18039	0.0078431	0	0	
0.19216	0	0	0	0	0	0	0	0	0	0	0	0	0	0	0	0.19216	0	0	0	
0.19216	0	0	0	0	0	0	0	0	0	0	0	0	0	0	0	0.19216	0	0	0	
0.19216	0	0	0	0	0	0	0	0	0	0	0	0	0	0	0.023529	0.16471	0	0	0	
0.19216	0	0	0	0	0	0	0	0	0	0	0	0	0	0	0.16863	0.023529	0	0	0	
0.19216	0	0	0	0	0	0	0	0	0	0	0	0	0	0	0.19216	0	0	0	0	
0.19216	0	0	0	0	0	0	0	0	0	0	0	0	0	0	0.19216	0	0	0	0	
0.19216	0	0	0	0	0	0	0	0	0	0	0	0	0	0	0.19216	0	0	0	0	
0.19216	0	0	0	0	0	0	0	0	0	0	0	0	0	0.031373	0.15686	0	0	0	0	
0.19216	0	0	0	0	0	0	0	0	0	0	0	0	0	0.094118	0.094118	0	0	0	0	
0.19216	0	0	0	0	0	0	0	0	0	0	0	0	0	0.094118	0.094118	0	0	0	0	
0.19216	0	0	0	0	0	0	0	0	0	0	0	0	0	0.094118	0.094118	0	0	0	0	
0.19216	0	0	0	0	0	0	0	0	0	0	0	0	0	0.094118	0.094118	0	0	0	0	
0.19216	0	0	0	0	0	0	0	0	0	0	0	0	0	0.094118	0.094118	0	0	0	0	
0.19216	0	0	0	0	0	0	0	0	0	0	0	0	0.031373	0.21569	0.082353	0	0	0	0	
0.19216	0	0.078431	0.18431	0.19216	0.19216	0.19216	0.19216	0.19216	0.19216	0.19216	0.19216	0.19216	0.15686	0.039216	0	0	0	0	0	
0.12157	0.19216	0.11373	0.0078431	0	0	0	0	0	0	0	0	0	0	0	0	0	0	0	0	

1
1
20		20
1
783	32
776	31
862	127
1
780	33
68
782	32
784	32
785	32
787	32
791	32
797	32
803	32
811	32
818	32
827	32
835	32
842	32
850	32
856	31
859	31
860	31
861	32
861	40
859	49
857	59
854	69
853	79
851	87
850	95
850	100
850	107
850	111
850	115
850	116
850	119
848	120
843	121
837	121
827	124
817	124
807	124
798	124
789	125
782	127
779	127
778	127
776	127
776	127
776	124
776	120
776	112
776	108
776	100
776	92
776	84
776	77
776	73
776	69
776	65
776	64
776	61
776	60
776	56
776	53
776	52
776	49
776	48
776	44
776	41
777	40
777	37
777	36
779	33



7
3
20	20
0	0.035294	0.027451	0	0	0	0	0	0	0	0	0	0	0	0.0039216	0.047059	0.047059	0.047059	0.058824	0.011765	
0	0.05098	0.015686	0.047059	0.047059	0.047059	0.047059	0.047059	0.047059	0.047059	0.047059	0.047059	0.047059	0.047059	0.039216	0	0	0	0	0.05098	
0	0.05098	0	0	0	0	0	0	0	0	0	0	0	0	0	0	0	0	0	0.05098	
0	0.05098	0	0	0	0	0	0	0	0	0	0	0	0	0	0	0	0	0.023529	0.023529	
0	0.05098	0	0	0	0	0	0	0	0	0	0	0	0	0	0	0	0	0.027451	0.019608	
0	0.043137	0.0039216	0	0	0	0	0	0	0	0	0	0	0	0	0	0	0	0.027451	0.019608	
0	0	0.05098	0	0	0	0	0	0	0	0	0	0	0	0	0	0	0	0.027451	0.019608	
0	0	0.05098	0	0	0	0	0	0	0	0	0	0	0	0	0	0	0	0.0039216	0.047059	
0	0	0.05098	0	0	0	0	0	0	0	0	0	0	0	0	0	0	0	0	0.05098	
0	0	0.043137	0	0	0	0	0	0	0	0	0	0	0	0	0	0	0	0	0.054902	
0.039216	0.047059	0.047059	0.047059	0.047059	0.047059	0.047059	0.047059	0.047059	0.047059	0.047059	0.047059	0.047059	0.047059	0.047059	0.047059	0.047059	0.047059	0.047059	0.023529	
0	0	0	0	0	0	0	0	0	0	0	0	0	0	0	0	0	0	0	0	
0	0	0	0	0	0	0	0	0	0	0	0	0	0	0	0	0	0	0	0	
0	0	0	0	0	0	0	0	0	0	0	0	0	0	0	0	0	0	0	0	
0	0	0	0	0	0	0	0	0	0	0	0	0	0	0	0	0	0	0	0	
0	0	0	0	0	0	0	0	0	0	0	0	0	0	0	0	0	0	0	0	
0	0	0	0	0	0	0	0	0	0	0	0	0	0	0	0	0	0	0	0	
0	0	0	0	0	0	0	0	0	0	0	0	0	0	0	0	0	0	0	0	
0	0	0	0	0	0	0	0	0	0	0	0	0	0	0	0	0	0	0	0	
0	0	0	0	0	0	0	0	0	0	0	0	0	0	0	0	0	0	0	0	

1
1
20		20
1
492	450
467	335
849	559
1
467	462
92
511	538
511	527
511	506
509	485
506	464
499	444
495	425
493	409
492	391
492	379
492	368
488	359
488	354
488	352
490	350
504	352
525	354
552	354
577	354
608	354
643	354
677	356
711	356
747	354
776	349
801	340
817	338
824	338
828	340
829	338
831	340
835	352
835	370
835	388
833	402
833	421
833	441
833	458
833	474
835	490
838	504
840	511
844	520
845	526
845	527
849	531
849	536
849	538
842	543
838	543
835	543
833	543
824	543
813	543
803	545
792	545
786	545
781	545
774	545
763	545
749	545
733	545
720	545
706	545
693	545
679	545
668	545
652	545
640	545
624	545
604	545
588	545
570	545
556	545
543	545
533	545
524	545
517	545
513	545
511	545
508	545
506	545
502	545
497	545
493	545
490	547
486	550
479	554
477	557
472	556
470	557
467	559



7
3
20	20
0.07451	0	0	0	0	0	0	0.031373	0.12549	0.16863	0.023529	0	0	0	0	0	0	0	0	0	
0.070588	0.18039	0.12549	0.12549	0.12549	0.12549	0.12549	0.094118	0	0.023529	0.098039	0	0	0	0	0	0	0	0	0	
0	0.12157	0	0	0	0	0	0	0	0	0.12157	0	0	0	0	0	0	0	0	0	
0	0.12157	0	0	0	0	0	0	0	0	0.12157	0	0	0	0	0	0	0	0	0	
0	0.12157	0	0	0	0	0	0	0	0	0.12157	0	0	0	0	0	0	0	0	0	
0	0.12157	0	0	0	0	0	0	0	0	0.12157	0	0	0	0	0	0	0	0	0	
0	0.12157	0	0	0	0	0	0	0	0	0.12157	0	0	0	0	0	0	0	0	0	
0	0.12157	0	0	0	0	0	0	0	0	0.12157	0	0	0	0	0	0	0	0	0	
0	0.070588	0.05098	0	0	0	0	0	0	0	0.12157	0	0	0	0	0	0	0	0	0	
0	0	0.12157	0	0	0	0	0	0	0	0.12157	0	0	0	0	0	0	0	0	0	
0	0	0.12157	0	0	0	0	0	0	0	0.12157	0	0	0	0	0	0	0	0	0	
0	0	0.12157	0	0	0	0	0	0	0	0.12157	0	0	0	0	0	0	0	0	0	
0	0	0.12157	0	0	0	0	0	0	0	0.12157	0	0	0	0	0	0	0	0	0	
0	0	0.12157	0	0	0	0	0	0	0	0.12157	0	0	0	0	0	0	0	0	0	
0	0	0.12157	0	0	0	0	0	0	0.023529	0.098039	0	0	0	0	0	0	0	0	0	
0	0	0.12157	0	0	0	0	0	0	0.11765	0.0039216	0	0	0	0	0	0	0	0	0	
0	0	0.12157	0	0	0	0	0	0	0.12157	0	0	0	0	0	0	0	0	0	0	
0	0	0.070588	0.043137	0	0	0	0	0	0.12157	0	0	0	0	0	0	0	0	0	0	
0	0	0	0	0	0	0	0	0	0.12157	0	0	0	0	0	0	0	0	0	0	
0.12549	0.12549	0.12549	0.12549	0.12549	0.12549	0.12549	0.12549	0.16078	0.031373	0	0	0	0	0	0	0	0	0	0	

1
1
20		20
1
493	721
459	620
573	768
1
464	732
73
482	753
481	753
480	753
479	749
477	745
477	740
477	732
475	721
475	711
473	698
473	687
470	674
469	660
468	649
466	635
464	629
463	622
463	621
463	620
463	623
464	627
466	629
468	629
473	629
479	630
485	630
492	630
498	630
506	630
513	627
521	623
526	623
530	621
534	620
536	620
536	621
537	627
537	635
538	647
538	657
538	670
538	683
538	695
538	707
538	716
538	727
536	733
535	741
534	748
532	753
531	756
531	758
531	761
530	762
529	765
529	765
528	766
527	768
527	766
525	765
521	765
517	765
510	765
503	765
497	765
489	765
480	765
473	765
466	765
462	765
459	768
459	768
462	768



